03-Specularity 6
1,1088,114,124,266
2,1097.25,121.917,124,266
3,1108.33,121.917,124,266
4,1108.33,121.917,124,266
5,1097.25,144.083,124,266
6,1075.08,155.167,124,266
7,1064,155.167,124,266
8,1052.92,144.083,124,266
9,1019.67,155.167,124,266
10,997.5,166.25,124,266
11,997.5,144.083,124,266
12,1008.58,133,124,266
13,1019.67,110.833,124,266
14,1030.75,88.6667,124,266
15,1041.83,77.5833,124,266
16,1052.92,66.5,124,266
17,1052.92,66.5,124,266
18,1052.92,55.4167,124,266
19,1064,55.4167,124,266
20,1064,44.3333,124,266
21,1052.92,33.25,124,266
22,1052.92,33.25,124,266
23,1075.08,22.1667,124,266
24,1086.17,11.0833,124,266
25,1086.17,11.0833,124,266
26,1086.17,11.0833,124,266
27,1086.17,11.0833,124,266
28,1075.08,22.1667,124,266
29,1064,44.3333,124,266
30,1030.75,77.5833,124,266
31,1019.67,99.75,124,266
32,1052.92,110.833,124,266
33,1108.33,144.083,124,266
34,1130.5,177.333,124,266
35,1141.58,210.583,124,266
36,1163.75,221.667,124,266
37,1185.92,221.667,124,266
38,1208.08,243.833,124,266
39,1241.33,232.75,124,266
40,1252.42,232.75,124,266
41,1241.33,243.833,124,266
42,1230.25,232.75,124,266
43,1230.25,232.75,124,266
44,1219.17,221.667,124,266
45,1197,199.5,124,266
46,1163.75,199.5,124,266
47,1119.42,199.5,124,266
48,1075.08,188.417,124,266
49,1041.83,177.333,124,266
50,1008.58,166.25,124,266
51,975.333,144.083,124,266
52,953.167,144.083,124,266
53,919.917,155.167,124,266
54,886.667,155.167,124,266
55,864.5,166.25,124,266
56,853.417,166.25,124,266
57,875.583,177.333,124,266
58,897.75,188.417,124,266
59,942.083,210.583,124,266
60,964.25,199.5,124,266
61,953.167,210.583,124,266
62,953.167,221.667,124,266
63,997.5,210.583,124,266
64,1030.75,199.5,124,266
65,1008.58,199.5,124,266
66,997.5,199.5,124,266
67,1008.58,199.5,124,266
68,1008.58,210.583,124,266
69,997.5,221.667,124,266
70,1008.58,210.583,124,266
71,1019.67,199.5,124,266
72,1030.75,199.5,124,266
73,1041.83,188.417,124,266
74,1052.92,188.417,124,266
75,1064,188.417,124,266
76,1064,166.25,124,266
77,1075.08,166.25,124,266
78,1086.17,166.25,124,266
79,1086.17,177.333,124,266
80,1086.17,166.25,124,266
81,1064,155.167,124,266
82,1052.92,177.333,124,266
83,1064,177.333,124,266
84,1052.92,199.5,124,266
85,1052.92,221.667,124,266
86,1052.92,254.917,124,266
87,1052.92,299.25,124,266
88,1052.92,354.667,124,266
89,1052.92,354.667,124,266
90,1064,332.5,124,266
91,1041.83,332.5,124,266
92,964.25,332.5,124,266
93,919.917,332.5,124,266
94,897.75,332.5,124,266
95,886.667,343.583,124,266
96,886.667,354.667,124,266
97,875.583,365.75,124,266
98,875.583,387.917,124,266
99,875.583,387.917,124,266
100,875.583,399,124,266
101,875.583,410.083,124,266
102,886.667,410.083,124,266
103,897.75,410.083,124,266
104,897.75,410.083,124,266
105,897.75,410.083,124,266
106,897.75,410.083,124,266
107,897.75,410.083,124,266
108,875.583,421.167,124,266
109,864.5,443.333,124,266
110,864.5,443.333,124,266
111,864.5,443.333,124,266
112,864.5,421.167,124,266
113,853.417,387.917,124,266
114,842.333,365.75,124,266
115,864.5,343.583,124,266
116,897.75,332.5,124,266
117,897.75,354.667,124,266
118,886.667,354.667,124,266
119,875.583,354.667,124,266
120,853.417,365.75,124,266
121,831.25,365.75,124,266
122,875.583,343.583,124,266
123,919.917,354.667,124,266
124,931,387.917,124,266
125,919.917,387.917,124,266
126,919.917,421.167,124,266
127,919.917,410.083,124,266
128,908.833,387.917,124,266
129,908.833,365.75,124,266
130,931,354.667,124,266
131,953.167,365.75,124,266
132,964.25,376.833,124,266
133,986.417,376.833,124,266
134,1008.58,387.917,124,266
135,1019.67,387.917,124,266
136,1064,376.833,124,266
137,1130.5,399,124,266
138,1163.75,399,124,266
139,1130.5,421.167,124,266
140,1097.25,443.333,124,266
141,1097.25,432.25,124,266
142,1086.17,432.25,124,266
143,1097.25,432.25,124,266
144,1086.17,443.333,124,266
145,1052.92,432.25,124,266
146,1019.67,432.25,124,266
147,1052.92,410.083,124,266
148,1086.17,354.667,124,266
149,1075.08,343.583,124,266
150,1097.25,321.417,124,266
151,1141.58,332.5,124,266
152,1174.83,365.75,124,266
153,1163.75,343.583,124,266
154,1130.5,365.75,124,266
155,1119.42,387.917,124,266
156,1119.42,376.833,124,266
157,1119.42,376.833,124,266
158,1130.5,376.833,124,266
159,1141.58,376.833,124,266
160,1152.67,376.833,124,266
161,1141.58,376.833,124,266
162,1108.33,387.917,124,266
163,1086.17,387.917,124,266
164,1086.17,399,124,266
165,1075.08,421.167,124,266
166,1075.08,432.25,124,266
167,1097.25,443.333,124,266
168,1108.33,454.417,124,266
169,1130.5,465.5,124,266
170,1152.67,476.583,124,266
171,1208.08,487.667,124,266
172,1252.42,509.833,124,266
173,1252.42,509.833,124,266
174,1230.25,520.917,124,266
175,1174.83,532,124,266
176,1119.42,532,124,266
177,1108.33,543.083,124,266
178,1119.42,554.167,124,266
179,1130.5,565.25,124,266
180,1141.58,576.333,124,266
181,1152.67,576.333,124,266
182,1163.75,576.333,124,266
183,1241.33,133,124,266
184,1219.17,121.917,124,266
185,1197,121.917,124,266
186,1174.83,110.833,124,266
187,1174.83,99.75,124,266
188,1197,88.6667,124,266
189,1219.17,77.5833,124,266
190,1230.25,66.5,124,266
191,1241.33,55.4167,124,266
192,1241.33,44.3333,124,266
193,1252.42,33.25,124,266
194,1263.5,33.25,124,266
195,1274.58,33.25,124,266
196,1285.67,33.25,124,266
197,1285.67,33.25,124,266
198,1296.75,33.25,124,266
199,1296.75,44.3333,124,266
200,1296.75,55.4167,124,266
201,1285.67,77.5833,124,266
202,1285.67,88.6667,124,266
203,1296.75,99.75,124,266
204,1307.83,99.75,124,266
205,1307.83,110.833,124,266
206,1307.83,110.833,124,266
207,1296.75,110.833,124,266
208,1296.75,99.75,124,266
209,1296.75,99.75,124,266
210,1296.75,88.6667,124,266
211,1296.75,77.5833,124,266
212,1296.75,66.5,124,266
213,1296.75,55.4167,124,266
214,1296.75,44.3333,124,266
215,1296.75,33.25,124,266
216,1296.75,22.1667,124,266
217,1307.83,11.0833,124,266
218,1307.83,0,124,266
219,997.5,0,124,266
220,1019.67,0,124,266
221,1030.75,0,124,266
222,1064,0,124,266
223,1064,0,124,266
224,1041.83,0,124,266
225,997.5,11.0833,124,266
226,975.333,22.1667,124,266
227,975.333,22.1667,124,266
228,975.333,33.25,124,266
229,986.417,44.3333,124,266
230,964.25,44.3333,124,266
231,931,55.4167,124,266
