01-Light 30
1,570,539,71,69
2,572,538,71,69
3,571,538,71,69
4,570,541,71,69
5,570,541,71,69
6,570,538,71,69
7,570,535,71,69
8,570,533,71,69
9,569,535,71,69
10,570,538,71,69
11,572,538,71,69
12,572,539,71,69
13,571,542,71,69
14,571,543,71,69
15,573,544,71,69
16,573,540,71,69
17,572,537,71,69
18,572,537,71,69
19,572,534,71,69
20,574,532,71,69
21,575,530,71,69
22,577,529,71,69
23,579,530,71,69
24,580,532,71,69
25,580,535,71,69
26,583,531,71,69
27,584,532,71,69
28,585,531,71,69
29,586,532,71,69
30,582,533,71,69
31,580,533,71,69
32,578,536,71,69
33,578,536,71,69
34,581,533,71,69
35,582,531,71,69
36,583,525,71,69
37,581,524,71,69
38,581,523,71,69
39,578,523,71,69
40,577,525,71,69
41,577,528,71,69
42,575,526,71,69
43,575,528,71,69
44,575,530,71,69
45,576,532,71,69
46,573,535,71,69
47,571,538,71,69
48,570,542,71,69
49,569,540,71,69
50,570,538,71,69
51,570,538,71,69
52,569,539,71,69
53,571,542,71,69
54,567,541,71,69
55,568,540,71,69
56,566,540,71,69
57,566,541,71,69
58,566,542,71,69
59,568,545,71,69
60,568,546,71,69
61,568,548,71,69
62,566,552,71,69
63,567,552,71,69
64,566,553,71,69
65,565,554,71,69
66,565,547,71,69
67,564,547,71,69
68,633,547,71,69
69,633,547,71,69
70,635,549,71,69
71,636,546,71,69
72,639,544,71,69
73,638,542,71,69
74,634,542,71,69
75,636,542,71,69
76,637,543,71,69
77,641,546,71,69
78,638,545,71,69
79,637,545,71,69
80,635,544,71,69
81,637,542,71,69
82,637,542,71,69
83,637,539,71,69
84,642,537,71,69
85,642,534,71,69
86,643,534,71,69
87,646,535,71,69
88,645,540,71,69
89,645,542,71,69
90,647,538,71,69
91,649,540,71,69
92,648,540,71,69
93,653,542,71,69
94,650,538,71,69
95,650,536,71,69
96,650,536,71,69
97,647,532,71,69
98,646,534,71,69
99,648,531,71,69
100,646,533,71,69
101,646,534,71,69
102,643,535,71,69
103,642,534,71,69
104,642,535,71,69
105,639,535,71,69
106,643,536,71,69
107,639,535,71,69
108,638,537,71,69
109,636,529,71,69
110,637,527,71,69
111,634,528,71,69
112,632,524,71,69
113,632,526,71,69
114,632,526,71,69
115,629,524,71,69
116,630,523,71,69
117,629,519,71,69
118,629,518,71,69
119,631,517,71,69
120,629,518,71,69
121,634,518,71,69
122,632,516,71,69
123,634,519,71,69
124,626,519,71,69
125,615,520,71,69
126,615,519,71,69
127,615,520,71,69
128,615,522,71,69
129,609,522,71,69
130,613,522,71,69
131,609,519,71,69
132,605,521,71,69
133,608,520,71,69
134,605,519,71,69
135,605,519,71,69
136,605,517,71,69
137,605,517,71,69
138,603,516,71,69
139,605,513,71,69
140,605,513,71,69
141,608,509,71,69
142,603,509,71,69
143,604,510,71,69
144,601,510,71,69
145,606,510,71,69
146,604,508,71,69
147,609,509,71,69
148,607,506,71,69
149,609,507,71,69
150,608,504,71,69
151,605,505,71,69
152,603,506,71,69
153,602,507,71,69
154,598,507,71,69
155,603,513,71,69
156,600,511,71,69
157,601,512,71,69
158,605,509,71,69
159,601,509,71,69
160,599,507,71,69
161,601,502,71,69
162,595,502,71,69
163,600,497,71,69
164,595,502,71,69
165,594,507,71,69
166,599,511,71,69
167,591,516,71,69
168,597,517,71,69
169,586,516,71,69
170,591,514,71,69
171,591,513,71,69
172,588,511,71,69
173,594,506,71,69
174,593,507,71,69
175,594,508,71,69
176,593,507,71,69
177,590,507,71,69
178,591,508,71,69
179,589,510,71,69
180,591,508,71,69
181,590,507,71,69
182,588,506,71,69
183,588,509,71,69
184,585,511,71,69
185,591,514,71,69
186,591,516,71,69
187,592,515,71,69
188,592,515,71,69
189,597,512,71,69
190,599,512,71,69
191,600,512,71,69
192,602,510,71,69
193,603,513,71,69
194,607,510,71,69
195,609,511,71,69
196,609,510,71,69
197,613,509,71,69
198,616,505,71,69
199,619,502,71,69
200,623,503,71,69
201,623,502,71,69
202,626,502,71,69
203,628,500,71,69
204,628,505,71,69
205,629,506,71,69
206,631,509,71,69
207,634,510,71,69
208,634,511,71,69
209,637,510,71,69
210,639,510,71,69
211,636,511,71,69
212,636,513,71,69
213,640,514,71,69
214,641,515,71,69
215,639,515,71,69
216,637,516,71,69
217,638,513,71,69
218,638,510,71,69
219,638,511,71,69
220,638,513,71,69
221,640,514,71,69
222,638,517,71,69
223,639,516,71,69
224,638,514,71,69
225,639,514,71,69
226,639,515,71,69
227,638,515,71,69
228,638,519,71,69
229,637,522,71,69
230,636,522,71,69
231,638,521,71,69
232,638,518,71,69
233,637,520,71,69
234,637,520,71,69
235,640,519,71,69
236,639,519,71,69
237,638,517,71,69
238,636,516,71,69
239,637,513,71,69
240,635,511,71,69
