01-Light 12
1,531,72,62,40
2,526,73,62,40
3,524,73,62,40
4,519,75,62,40
5,512,76,62,40
6,509,78,62,40
7,505,80,62,40
8,504,82,62,40
9,501,83,62,40
10,494,84,62,40
11,489,86,62,40
12,488,88,62,40
13,488,88,62,40
14,487,89,62,40
15,485,91,62,40
16,483,93,62,40
17,486,94,62,40
18,481,96,62,40
19,476,98,62,40
20,472,101,62,40
21,466,105,62,40
22,460,107,62,40
23,453,110,62,40
24,453,112,62,40
25,454,115,62,40
26,454,117,62,40
27,449,122,62,40
28,445,126,62,40
29,443,131,62,40
30,441,134,62,40
31,439,136,62,40
32,442,136,62,40
33,446,138,62,40
34,450,143,62,40
35,452,145,62,40
36,450,149,62,40
37,452,152,62,40
38,454,155,62,40
39,458,159,62,40
40,458,164,62,40
41,456,169,62,40
42,457,172,62,40
43,461,174,62,40
44,459,179,62,40
45,461,184,62,40
46,463,187,62,40
47,465,191,62,40
48,464,197,62,40
49,463,200,62,40
50,463,202,62,40
51,460,207,62,40
52,457,210,62,40
53,454,215,62,40
54,454,218,62,40
55,451,222,62,40
56,451,226,62,40
57,450,230,62,40
58,448,233,62,40
59,443,235,62,40
60,440,240,62,40
61,436,244,62,40
62,437,247,62,40
63,432,250,62,40
64,431,254,62,40
65,431,258,62,40
66,428,262,62,40
67,422,265,62,40
68,421,267,62,40
69,421,270,62,40
70,414,273,62,40
71,407,274,62,40
72,405,275,62,40
73,399,275,62,40
74,393,275,62,40
75,393,276,62,40
76,385,276,62,40
77,384,276,62,40
78,379,275,62,40
79,372,275,62,40
80,365,274,62,40
81,360,273,62,40
82,355,272,62,40
83,352,271,62,40
84,347,269,62,40
85,345,268,62,40
86,338,267,62,40
87,340,268,62,40
88,337,267,62,40
89,333,265,62,40
90,331,265,62,40
91,326,263,62,40
92,324,262,62,40
93,324,260,62,40
94,317,256,62,40
95,316,254,62,40
96,314,251,62,40
97,308,248,62,40
98,303,245,62,40
99,299,242,62,40
100,295,240,62,40
101,292,235,62,40
102,293,234,62,40
103,294,232,62,40
104,294,231,62,40
105,294,229,62,40
106,292,227,62,40
107,292,223,62,40
108,294,222,62,40
109,295,222,62,40
110,294,220,62,40
111,299,217,62,40
112,299,214,62,40
113,303,212,62,40
114,303,209,62,40
115,307,208,62,40
116,309,206,62,40
117,314,204,62,40
118,313,202,62,40
119,314,201,62,40
120,314,198,62,40
121,315,196,62,40
122,321,195,62,40
123,322,194,62,40
124,323,192,62,40
125,325,189,62,40
126,328,186,62,40
127,330,186,62,40
128,332,184,62,40
129,334,184,62,40
130,334,183,62,40
131,334,182,62,40
132,335,180,62,40
133,338,177,62,40
134,337,176,62,40
135,341,175,62,40
136,345,174,62,40
137,344,172,62,40
138,341,173,62,40
139,342,172,62,40
140,347,171,62,40
141,350,171,62,40
142,350,171,62,40
143,349,171,62,40
144,350,170,62,40
145,351,168,62,40
146,354,167,62,40
147,353,168,62,40
148,355,165,62,40
149,358,164,62,40
150,360,162,62,40
151,362,161,62,40
152,364,160,62,40
153,361,158,62,40
154,361,156,62,40
155,359,153,62,40
156,359,153,62,40
