01-Light 27
10,583,481,90,90
11,584,486,90,90
12,584,483,90,90
13,586,484,90,90
14,586,482,90,90
15,589,484,90,90
16,590,482,90,90
17,591,482,90,90
18,590,485,90,90
19,592,482,90,90
20,594,482,90,90
21,593,481,90,90
22,593,483,90,90
23,593,482,90,90
24,592,481,90,90
25,591,481,90,90
26,591,480,90,90
27,593,481,90,90
28,594,482,90,90
29,596,483,90,90
30,599,483,90,90
31,601,484,90,90
32,601,486,90,90
33,604,486,90,90
34,600,486,90,90
35,597,490,90,90
36,600,490,90,90
37,601,493,90,90
38,600,494,90,90
39,600,489,90,90
40,598,490,90,90
41,601,491,90,90
42,608,491,90,90
43,608,491,90,90
44,611,492,90,90
45,612,492,90,90
46,617,491,90,90
47,622,485,90,90
48,624,486,90,90
49,628,481,90,90
50,628,482,90,90
51,629,484,90,90
52,628,483,90,90
53,628,485,90,90
54,626,485,90,90
55,628,487,90,90
56,627,489,90,90
57,624,491,90,90
58,623,492,90,90
59,625,492,90,90
60,627,492,90,90
61,631,492,90,90
62,631,488,90,90
63,635,490,90,90
64,635,494,90,90
65,634,496,90,90
66,634,497,90,90
67,633,496,90,90
68,635,495,90,90
69,635,494,90,90
70,637,493,90,90
71,638,495,90,90
72,637,495,90,90
73,636,497,90,90
74,635,499,90,90
75,634,498,90,90
76,635,496,90,90
77,636,495,90,90
78,640,495,90,90
79,639,493,90,90
80,643,491,90,90
81,647,490,90,90
82,647,490,90,90
83,646,486,90,90
84,649,488,90,90
85,651,489,90,90
86,655,486,90,90
87,659,482,90,90
88,663,484,90,90
89,667,482,90,90
90,672,480,90,90
91,678,478,90,90
92,681,478,90,90
93,686,477,90,90
94,685,477,90,90
95,690,476,90,90
96,695,477,90,90
97,698,478,90,90
98,702,476,90,90
99,705,477,90,90
100,709,477,90,90
101,711,478,90,90
102,712,479,90,90
103,712,476,90,90
104,713,477,90,90
105,713,477,90,90
106,718,475,90,90
107,718,475,90,90
108,723,472,90,90
109,725,470,90,90
110,726,471,90,90
111,730,470,90,90
112,731,472,90,90
113,731,468,90,90
114,729,469,90,90
115,730,466,90,90
116,730,467,90,90
117,729,469,90,90
118,730,468,90,90
119,727,470,90,90
120,729,469,90,90
121,730,467,90,90
122,731,470,90,90
123,728,470,90,90
124,733,468,90,90
125,732,467,90,90
126,729,468,90,90
127,727,470,90,90
128,725,470,90,90
129,721,474,90,90
130,719,476,90,90
131,715,477,90,90
132,710,480,90,90
133,706,482,90,90
134,703,482,90,90
135,702,479,90,90
136,703,477,90,90
137,699,473,90,90
138,697,472,90,90
139,696,470,90,90
140,695,465,90,90
141,691,458,90,90
142,687,454,90,90
143,683,452,90,90
144,680,450,90,90
145,680,447,90,90
146,679,440,90,90
147,680,435,90,90
