01-Light 13
112,505,178,76,49
113,503,182,76,49
114,500,186,76,49
115,497,190,76,49
116,495,192,76,49
117,494,195,76,49
118,496,198,76,49
119,492,201,76,49
120,491,205,76,49
121,490,210,76,49
122,490,217,76,49
123,489,220,76,49
124,489,223,76,49
125,488,226,76,49
126,485,231,76,49
127,486,233,76,49
128,487,234,76,49
129,486,239,76,49
130,482,244,76,49
131,476,248,76,49
132,475,251,76,49
133,471,256,76,49
134,472,261,76,49
135,468,265,76,49
136,462,269,76,49
137,460,272,76,49
138,455,276,76,49
139,454,279,76,49
140,456,280,76,49
141,456,284,76,49
142,451,288,76,49
143,452,293,76,49
144,449,300,76,49
145,449,303,76,49
146,449,308,76,49
147,444,314,76,49
148,440,315,76,49
149,437,320,76,49
150,436,323,76,49
151,437,325,76,49
152,434,326,76,49
153,433,327,76,49
154,434,330,76,49
155,433,332,76,49
156,431,332,76,49
157,429,332,76,49
158,428,331,76,49
159,424,332,76,49
160,418,331,76,49
161,409,330,76,49
162,405,332,76,49
163,402,331,76,49
164,393,328,76,49
165,385,325,76,49
166,378,322,76,49
167,373,321,76,49
168,366,320,76,49
169,357,320,76,49
170,350,317,76,49
