01-Light 28
1,798,455,73,61
2,798,456,73,61
3,800,453,73,61
4,804,451,73,61
5,808,453,73,61
6,811,452,73,61
7,809,452,73,61
8,812,451,73,61
9,812,448,73,61
10,804,447,73,61
11,810,447,73,61
12,807,448,73,61
13,807,447,73,61
14,800,447,73,61
15,803,448,73,61
16,772,448,73,61
17,764,447,73,61
18,756,444,73,61
19,748,442,73,61
20,751,442,73,61
21,751,442,73,61
22,759,440,73,61
23,756,436,73,61
24,755,437,73,61
25,750,446,73,61
26,745,451,73,61
27,746,452,73,61
28,749,444,73,61
29,739,442,73,61
30,733,445,73,61
31,731,450,73,61
32,723,453,73,61
33,717,455,73,61
34,718,457,73,61
35,713,456,73,61
36,705,453,73,61
37,701,451,73,61
38,699,452,73,61
39,696,456,73,61
40,705,456,73,61
41,713,455,73,61
42,704,453,73,61
43,703,450,73,61
44,697,451,73,61
45,682,457,73,61
46,681,463,73,61
47,672,463,73,61
48,669,463,73,61
49,665,465,73,61
50,657,465,73,61
51,658,460,73,61
52,666,459,73,61
53,662,454,73,61
54,654,453,73,61
55,657,448,73,61
56,655,439,73,61
57,652,439,73,61
58,659,444,73,61
59,659,446,73,61
60,659,445,73,61
61,656,442,73,61
62,654,445,73,61
63,656,452,73,61
64,650,455,73,61
65,642,447,73,61
66,627,448,73,61
67,627,448,73,61
68,629,446,73,61
69,625,445,73,61
70,629,447,73,61
71,626,448,73,61
72,626,448,73,61
73,620,450,73,61
74,617,446,73,61
75,615,441,73,61
76,612,438,73,61
77,612,439,73,61
78,604,439,73,61
79,599,442,73,61
80,586,446,73,61
81,578,449,73,61
82,571,447,73,61
83,134,546,73,61
84,152,544,73,61
85,160,545,73,61
86,240,530,73,61
87,239,531,73,61
88,799,119,73,61
89,794,117,73,61
90,792,119,73,61
91,787,121,73,61
92,782,120,73,61
93,779,114,73,61
94,775,114,73,61
95,773,116,73,61
96,770,116,73,61
97,766,117,73,61
98,761,118,73,61
99,755,126,73,61
100,754,127,73,61
101,750,127,73,61
102,745,125,73,61
103,740,124,73,61
104,733,126,73,61
105,731,123,73,61
106,731,122,73,61
107,728,123,73,61
108,726,121,73,61
109,724,122,73,61
110,718,120,73,61
111,713,119,73,61
112,707,121,73,61
113,704,120,73,61
114,698,119,73,61
115,695,116,73,61
116,695,118,73,61
117,688,114,73,61
118,679,115,73,61
119,675,114,73,61
120,672,111,73,61
121,670,112,73,61
122,669,115,73,61
123,670,116,73,61
124,673,113,73,61
125,671,112,73,61
126,666,118,73,61
127,660,116,73,61
128,658,111,73,61
129,657,111,73,61
130,652,112,73,61
131,647,114,73,61
132,645,108,73,61
133,639,107,73,61
134,639,108,73,61
135,633,114,73,61
136,631,110,73,61
137,625,108,73,61
138,618,110,73,61
139,610,111,73,61
140,603,113,73,61
141,606,119,73,61
142,602,123,73,61
143,599,118,73,61
144,594,118,73,61
145,590,117,73,61
146,584,124,73,61
147,577,125,73,61
148,568,124,73,61
149,567,121,73,61
150,562,115,73,61
151,556,116,73,61
152,548,120,73,61
153,530,117,73,61
154,529,118,73,61
155,526,122,73,61
156,520,120,73,61
157,515,119,73,61
158,512,118,73,61
159,506,118,73,61
160,500,118,73,61
161,495,122,73,61
162,493,125,73,61
163,487,132,73,61
164,485,134,73,61
165,484,128,73,61
166,484,123,73,61
167,484,123,73,61
168,482,124,73,61
169,475,118,73,61
170,471,117,73,61
171,471,126,73,61
172,468,121,73,61
173,467,116,73,61
174,461,117,73,61
175,458,119,73,61
176,455,122,73,61
177,451,122,73,61
178,447,129,73,61
179,439,123,73,61
180,431,117,73,61
181,430,116,73,61
182,425,119,73,61
183,421,122,73,61
184,417,117,73,61
185,414,113,73,61
186,408,112,73,61
187,400,113,73,61
188,393,128,73,61
189,390,128,73,61
190,384,124,73,61
191,382,118,73,61
192,372,114,73,61
193,371,115,73,61
194,367,119,73,61
195,362,124,73,61
196,357,120,73,61
197,350,117,73,61
198,346,117,73,61
199,337,115,73,61
200,335,115,73,61
201,333,117,73,61
202,327,122,73,61
203,324,119,73,61
204,321,122,73,61
205,316,125,73,61
206,315,127,73,61
207,311,129,73,61
208,304,131,73,61
209,298,126,73,61
210,295,126,73,61
211,294,123,73,61
212,290,118,73,61
213,286,116,73,61
214,281,121,73,61
215,276,128,73,61
216,273,123,73,61
217,274,114,73,61
218,271,117,73,61
219,267,120,73,61
220,258,121,73,61
221,251,126,73,61
222,253,133,73,61
223,248,136,73,61
224,245,136,73,61
225,240,138,73,61
226,234,138,73,61
227,225,132,73,61
228,697,112,73,61
229,691,116,73,61
230,687,114,73,61
231,680,111,73,61
232,673,102,73,61
233,644,91,73,61
234,962,44,73,61
235,959,41,73,61
236,954,40,73,61
237,931,35,73,61
238,933,27,73,61
239,112,289,73,61
240,113,287,73,61
241,120,287,73,61
242,115,284,73,61
243,112,283,73,61
244,117,277,73,61
245,109,276,73,61
246,113,272,73,61
247,116,272,73,61
248,111,276,73,61
249,115,271,73,61
250,116,268,73,61
251,112,265,73,61
252,107,266,73,61
253,96,269,73,61
254,87,272,73,61
255,81,272,73,61
256,324,215,73,61
257,318,213,73,61
258,309,214,73,61
259,301,214,73,61
260,294,215,73,61
261,288,216,73,61
262,282,215,73,61
263,278,214,73,61
264,271,215,73,61
265,266,214,73,61
266,246,217,73,61
267,241,217,73,61
268,236,214,73,61
269,229,214,73,61
270,236,210,73,61
271,239,209,73,61
272,238,205,73,61
273,233,207,73,61
274,234,207,73,61
275,234,205,73,61
276,231,202,73,61
277,224,198,73,61
278,225,197,73,61
279,221,194,73,61
280,215,196,73,61
281,213,200,73,61
282,204,201,73,61
283,200,201,73,61
284,194,198,73,61
285,190,198,73,61
286,188,203,73,61
287,184,202,73,61
288,180,197,73,61
289,187,189,73,61
290,192,177,73,61
291,609,609,73,61
292,589,623,73,61
293,326,5,73,61
294,344,20,73,61
295,343,12,73,61
296,873,21,73,61
297,854,93,73,61
298,821,108,73,61
299,800,201,73,61
300,803,210,73,61
301,806,210,73,61
302,870,212,73,61
303,865,211,73,61
304,866,218,73,61
305,906,348,73,61
306,877,316,73,61
307,884,316,73,61
308,885,314,73,61
309,888,309,73,61
310,903,269,73,61
311,881,306,73,61
312,900,57,73,61
313,904,60,73,61
314,858,59,73,61
315,863,73,73,61
316,844,76,73,61
