01-Light 8
125,962,243,53,90
126,962,240,53,90
127,959,233,53,90
128,955,232,53,90
129,954,234,53,90
130,952,243,53,90
131,953,249,53,90
132,953,241,53,90
133,952,235,53,90
134,949,232,53,90
135,946,237,53,90
136,946,240,53,90
137,946,249,53,90
138,943,243,53,90
139,945,237,53,90
140,943,236,53,90
141,942,235,53,90
142,941,240,53,90
143,942,252,53,90
144,941,247,53,90
145,940,246,53,90
146,940,254,53,90
147,939,259,53,90
148,936,254,53,90
149,937,245,53,90
150,937,241,53,90
151,935,239,53,90
152,932,242,53,90
153,933,250,53,90
154,932,259,53,90
155,936,256,53,90
156,936,253,53,90
157,937,258,53,90
158,937,258,53,90
159,935,248,53,90
160,934,248,53,90
161,933,255,53,90
162,934,256,53,90
163,935,251,53,90
164,936,243,53,90
165,936,241,53,90
166,935,231,53,90
167,938,217,53,90
168,938,211,53,90
169,935,212,53,90
170,929,218,53,90
171,926,237,53,90
172,925,247,53,90
173,926,244,53,90
174,927,247,53,90
175,926,254,53,90
176,923,258,53,90
177,920,250,53,90
178,917,244,53,90
179,917,245,53,90
180,918,250,53,90
181,919,248,53,90
182,922,240,53,90
183,921,247,53,90
184,916,250,53,90
185,915,251,53,90
186,917,256,53,90
187,917,265,53,90
188,914,272,53,90
189,912,271,53,90
190,913,274,53,90
191,911,279,53,90
192,910,268,53,90
193,913,261,53,90
194,916,254,53,90
195,912,244,53,90
196,911,237,53,90
197,909,244,53,90
198,910,253,53,90
199,912,251,53,90
200,909,255,53,90
201,909,263,53,90
202,906,261,53,90
203,904,252,53,90
204,902,257,53,90
205,903,262,53,90
206,903,257,53,90
207,900,246,53,90
208,903,251,53,90
209,902,261,53,90
210,900,264,53,90
211,899,267,53,90
212,896,275,53,90
213,897,276,53,90
214,896,272,53,90
215,896,267,53,90
216,897,273,53,90
217,899,273,53,90
218,899,272,53,90
219,895,275,53,90
220,894,279,53,90
221,896,284,53,90
222,898,274,53,90
223,899,269,53,90
224,902,274,53,90
225,905,273,53,90
226,907,269,53,90
227,910,264,53,90
228,909,263,53,90
229,911,253,53,90
230,911,250,53,90
231,916,257,53,90
232,920,265,53,90
233,922,273,53,90
234,917,284,53,90
235,914,291,53,90
236,914,286,53,90
237,917,283,53,90
238,918,275,53,90
239,919,264,53,90
240,919,259,53,90
241,917,249,53,90
242,916,245,53,90
243,916,250,53,90
244,912,260,53,90
245,911,264,53,90
246,913,263,53,90
247,913,262,53,90
248,914,255,53,90
249,912,255,53,90
250,909,244,53,90
251,906,246,53,90
252,906,254,53,90
253,913,265,53,90
254,909,275,53,90
255,905,277,53,90
256,904,280,53,90
257,903,286,53,90
258,902,286,53,90
259,906,279,53,90
260,904,269,53,90
261,906,265,53,90
262,904,261,53,90
263,906,265,53,90
264,904,264,53,90
265,905,258,53,90
266,906,255,53,90
267,903,244,53,90
268,905,237,53,90
269,905,243,53,90
270,908,249,53,90
271,909,252,53,90
272,911,258,53,90
273,909,264,53,90
274,911,266,53,90
275,910,266,53,90
276,910,256,53,90
277,910,252,53,90
278,915,253,53,90
279,918,253,53,90
280,916,251,53,90
281,914,258,53,90
282,914,267,53,90
283,917,269,53,90
284,921,268,53,90
285,922,272,53,90
286,921,279,53,90
287,922,275,53,90
288,922,264,53,90
289,923,255,53,90
290,926,249,53,90
291,925,243,53,90
292,923,244,53,90
293,922,243,53,90
294,918,247,53,90
295,911,256,53,90
296,911,266,53,90
297,914,268,53,90
298,920,266,53,90
299,925,267,53,90
300,929,262,53,90
301,935,250,53,90
302,936,242,53,90
303,937,232,53,90
304,940,223,53,90
305,941,221,53,90
306,943,222,53,90
307,943,229,53,90
308,946,230,53,90
309,949,233,53,90
310,957,240,53,90
311,958,246,53,90
312,962,250,53,90
313,964,254,53,90
314,967,261,53,90
315,968,264,53,90
316,967,260,53,90
317,968,258,53,90
318,968,249,53,90
319,970,244,53,90
320,972,243,53,90
321,971,235,53,90
322,969,225,53,90
323,966,229,53,90
324,968,232,53,90
325,969,237,53,90
326,970,247,53,90
327,970,253,53,90
328,970,249,53,90
329,970,243,53,90
330,972,248,53,90
331,972,248,53,90
332,969,238,53,90
333,966,230,53,90
334,967,228,53,90
335,966,226,53,90
336,966,219,53,90
337,971,215,53,90
338,975,213,53,90
339,978,215,53,90
340,977,223,53,90
341,981,228,53,90
342,980,228,53,90
343,979,231,53,90
344,976,233,53,90
345,972,236,53,90
346,972,239,53,90
347,970,242,53,90
348,974,247,53,90
349,975,252,53,90
350,976,256,53,90
351,978,251,53,90
352,983,253,53,90
353,988,254,53,90
354,991,246,53,90
355,994,240,53,90
356,996,230,53,90
357,991,224,53,90
358,990,231,53,90
359,981,236,53,90
360,980,244,53,90
361,983,252,53,90
362,979,264,53,90
363,978,270,53,90
364,977,267,53,90
365,973,268,53,90
366,969,257,53,90
367,968,249,53,90
368,969,251,53,90
369,963,257,53,90
370,966,265,53,90
371,966,266,53,90
372,969,267,53,90
373,974,268,53,90
374,974,263,53,90
375,978,262,53,90
376,980,266,53,90
377,977,261,53,90
378,971,260,53,90
379,970,259,53,90
380,969,258,53,90
381,974,256,53,90
382,977,257,53,90
383,979,258,53,90
384,982,255,53,90
385,985,260,53,90
386,991,262,53,90
387,991,262,53,90
388,990,263,53,90
389,987,269,53,90
390,985,274,53,90
391,982,273,53,90
392,983,276,53,90
393,983,285,53,90
394,985,284,53,90
395,983,272,53,90
396,978,261,53,90
397,977,250,53,90
398,974,239,53,90
399,972,247,53,90
400,969,249,53,90
401,970,256,53,90
402,968,254,53,90
403,967,257,53,90
404,970,262,53,90
405,972,257,53,90
406,973,246,53,90
407,975,243,53,90
408,976,237,53,90
409,977,226,53,90
410,974,221,53,90
411,975,231,53,90
412,972,240,53,90
413,969,236,53,90
414,969,231,53,90
415,971,241,53,90
416,972,241,53,90
417,982,245,53,90
418,984,254,53,90
419,987,260,53,90
420,990,264,53,90
421,992,270,53,90
422,989,269,53,90
423,982,262,53,90
424,978,263,53,90
425,975,266,53,90
426,966,272,53,90
427,963,274,53,90
428,965,281,53,90
429,964,275,53,90
430,969,275,53,90
431,73,589,53,90
432,65,584,53,90
433,58,583,53,90
434,79,577,53,90
435,176,521,53,90
436,174,520,53,90
437,170,515,53,90
438,164,509,53,90
439,157,512,53,90
440,167,512,53,90
441,194,504,53,90
442,204,504,53,90
443,203,508,53,90
444,196,509,53,90
445,198,510,53,90
446,208,505,53,90
447,196,501,53,90
448,186,499,53,90
449,185,500,53,90
450,183,504,53,90
451,177,515,53,90
452,154,537,53,90
453,158,538,53,90
454,161,537,53,90
455,171,536,53,90
456,170,536,53,90
457,169,525,53,90
458,193,512,53,90
459,188,520,53,90
460,176,532,53,90
461,179,531,53,90
462,186,529,53,90
463,156,550,53,90
464,150,555,53,90
465,146,552,53,90
