02-SurfaceCover 1
1,194,1,120,257
2,191,3,120,257
3,188,10,120,257
4,181,13,120,257
5,178,15,120,257
6,175,8,120,257
7,174,6,120,257
8,164,5,120,257
9,161,17,120,257
10,161,19,120,257
11,158,23,120,257
12,158,23,120,257
13,157,19,120,257
14,161,18,120,257
15,161,18,120,257
16,160,19,120,257
17,161,19,120,257
18,157,21,120,257
19,159,18,120,257
20,156,26,120,257
21,154,37,120,257
22,161,19,120,257
23,163,19,120,257
24,162,15,120,257
25,162,14,120,257
26,165,14,120,257
27,168,15,120,257
28,169,13,120,257
29,170,11,120,257
30,169,11,120,257
31,168,19,120,257
32,163,27,120,257
33,160,34,120,257
34,162,36,120,257
35,164,37,120,257
36,157,47,120,257
37,157,45,120,257
38,158,33,120,257
39,153,44,120,257
40,152,49,120,257
41,153,56,120,257
42,149,55,120,257
43,153,48,120,257
44,153,48,120,257
45,153,48,120,257
46,159,39,120,257
47,160,37,120,257
48,158,49,120,257
49,156,49,120,257
50,153,47,120,257
51,157,40,120,257
52,157,27,120,257
53,162,20,120,257
54,162,12,120,257
55,164,8,120,257
56,163,18,120,257
57,167,6,120,257
58,167,8,120,257
59,167,7,120,257
60,164,6,120,257
61,165,1,120,257
62,164,2,120,257
63,165,3,120,257
64,165,6,120,257
65,167,7,120,257
66,175,19,120,257
67,175,19,120,257
68,169,21,120,257
69,169,21,120,257
70,173,22,120,257
71,166,21,120,257
72,175,13,120,257
73,176,13,120,257
74,172,12,120,257
75,174,16,120,257
76,175,16,120,257
77,179,17,120,257
78,174,20,120,257
79,167,27,120,257
80,168,28,120,257
81,171,23,120,257
82,173,23,120,257
83,170,27,120,257
84,165,22,120,257
85,172,22,120,257
86,172,21,120,257
87,168,23,120,257
88,170,24,120,257
89,176,25,120,257
90,176,25,120,257
91,181,28,120,257
92,175,29,120,257
93,177,30,120,257
94,178,30,120,257
95,174,34,120,257
96,176,33,120,257
97,172,36,120,257
98,174,30,120,257
99,176,27,120,257
100,167,35,120,257
101,167,34,120,257
102,162,37,120,257
103,162,30,120,257
104,168,18,120,257
105,168,22,120,257
106,169,25,120,257
107,169,29,120,257
108,167,33,120,257
109,170,42,120,257
110,170,51,120,257
111,167,61,120,257
112,175,59,120,257
113,176,65,120,257
114,177,63,120,257
115,181,60,120,257
116,186,46,120,257
117,188,48,120,257
118,191,52,120,257
119,190,53,120,257
120,186,57,120,257
121,186,57,120,257
122,191,47,120,257
123,190,47,120,257
124,195,35,120,257
125,194,32,120,257
126,185,48,120,257
127,177,55,120,257
128,175,53,120,257
129,180,46,120,257
130,176,44,120,257
131,180,38,120,257
132,180,38,120,257
133,177,48,120,257
134,183,53,120,257
135,193,56,120,257
136,195,67,120,257
137,201,65,120,257
138,209,61,120,257
139,214,69,120,257
140,215,71,120,257
141,218,77,120,257
142,220,77,120,257
143,221,82,120,257
144,218,94,120,257
145,223,87,120,257
146,232,88,120,257
147,235,94,120,257
148,237,90,120,257
149,243,93,120,257
150,246,91,120,257
151,246,91,120,257
152,247,100,120,257
153,246,99,120,257
154,247,94,120,257
155,248,94,120,257
156,242,95,120,257
157,243,90,120,257
158,239,98,120,257
159,238,95,120,257
160,231,98,120,257
161,232,91,120,257
162,222,97,120,257
163,219,97,120,257
164,223,97,120,257
165,221,96,120,257
166,225,93,120,257
167,227,93,120,257
168,226,80,120,257
169,226,74,120,257
170,224,78,120,257
171,222,76,120,257
172,226,70,120,257
173,221,74,120,257
174,215,87,120,257
175,210,93,120,257
176,206,96,120,257
177,209,97,120,257
178,203,98,120,257
179,202,94,120,257
180,196,93,120,257
181,202,92,120,257
182,202,96,120,257
183,192,98,120,257
184,185,92,120,257
185,179,94,120,257
186,176,95,120,257
187,168,97,120,257
188,169,98,120,257
189,166,95,120,257
190,161,90,120,257
191,165,86,120,257
192,179,90,120,257
193,181,92,120,257
194,188,94,120,257
195,186,89,120,257
196,181,91,120,257
197,176,93,120,257
198,178,87,120,257
199,184,85,120,257
200,187,75,120,257
201,187,75,120,257
202,185,87,120,257
203,182,88,120,257
204,187,92,120,257
205,187,93,120,257
206,188,87,120,257
207,186,90,120,257
208,191,90,120,257
209,194,90,120,257
210,186,81,120,257
211,186,81,120,257
212,186,84,120,257
213,188,83,120,257
214,190,80,120,257
215,191,75,120,257
216,193,70,120,257
217,194,76,120,257
218,193,69,120,257
219,191,68,120,257
220,183,62,120,257
221,172,60,120,257
222,167,56,120,257
223,159,54,120,257
224,162,51,120,257
225,162,63,120,257
226,160,64,120,257
227,161,63,120,257
228,167,70,120,257
229,170,62,120,257
230,169,63,120,257
231,178,72,120,257
232,187,87,120,257
233,191,93,120,257
234,190,92,120,257
235,187,91,120,257
236,187,91,120,257
237,189,100,120,257
238,188,102,120,257
239,176,94,120,257
240,174,99,120,257
241,170,98,120,257
242,175,102,120,257
243,175,94,120,257
244,181,102,120,257
