02-SurfaceCover 3
5,326,785,65,189
6,394,763,65,189
7,400,763,65,189
8,410,764,65,189
9,416,765,65,189
10,423,771,65,189
11,430,772,65,189
12,434,779,65,189
13,441,781,65,189
14,449,779,65,189
15,461,783,65,189
16,474,786,65,189
17,488,783,65,189
18,504,792,65,189
19,519,795,65,189
20,532,798,65,189
21,533,818,65,189
22,541,820,65,189
23,548,820,65,189
24,548,820,65,189
25,561,819,65,189
26,567,819,65,189
27,577,822,65,189
28,588,824,65,189
29,596,836,65,189
30,603,832,65,189
31,609,829,65,189
32,613,829,65,189
33,625,833,65,189
34,625,833,65,189
35,626,832,65,189
36,637,836,65,189
37,646,837,65,189
38,648,851,65,189
39,654,847,65,189
40,661,850,65,189
41,663,852,65,189
42,664,852,65,189
43,662,852,65,189
44,662,852,65,189
45,668,855,65,189
46,669,856,65,189
47,665,856,65,189
48,677,856,65,189
49,679,856,65,189
50,691,858,65,189
51,698,859,65,189
52,709,860,65,189
53,726,860,65,189
54,705,858,65,189
55,696,858,65,189
56,701,860,65,189
57,679,860,65,189
58,680,861,65,189
59,658,860,65,189
60,651,858,65,189
61,669,859,65,189
62,668,859,65,189
63,672,857,65,189
64,666,857,65,189
65,659,858,65,189
66,647,858,65,189
67,639,858,65,189
68,618,856,65,189
69,624,856,65,189
70,625,854,65,189
71,631,855,65,189
72,616,854,65,189
73,590,853,65,189
74,590,852,65,189
75,594,851,65,189
76,589,850,65,189
77,599,850,65,189
78,582,850,65,189
79,587,849,65,189
80,598,847,65,189
81,604,847,65,189
82,684,848,65,189
83,681,846,65,189
84,671,846,65,189
85,681,845,65,189
86,673,845,65,189
87,664,845,65,189
88,676,844,65,189
89,653,843,65,189
90,639,843,65,189
91,658,844,65,189
92,676,846,65,189
93,696,846,65,189
94,710,846,65,189
95,698,846,65,189
96,704,846,65,189
97,704,845,65,189
98,711,845,65,189
99,720,845,65,189
100,713,845,65,189
101,712,845,65,189
102,705,845,65,189
103,698,845,65,189
104,701,845,65,189
105,703,846,65,189
106,680,845,65,189
107,664,845,65,189
108,665,846,65,189
109,685,846,65,189
110,698,846,65,189
111,664,846,65,189
112,659,846,65,189
113,639,846,65,189
114,634,846,65,189
115,615,845,65,189
116,656,846,65,189
117,634,845,65,189
118,693,847,65,189
119,688,847,65,189
120,670,847,65,189
121,664,847,65,189
122,671,846,65,189
123,665,846,65,189
124,660,847,65,189
125,646,848,65,189
126,663,846,65,189
127,678,846,65,189
128,695,846,65,189
129,691,846,65,189
130,706,847,65,189
131,650,847,65,189
132,635,848,65,189
133,619,847,65,189
134,635,849,65,189
135,653,848,65,189
136,658,847,65,189
137,659,848,65,189
138,658,848,65,189
139,663,849,65,189
140,683,850,65,189
141,666,847,65,189
142,663,847,65,189
143,687,848,65,189
144,682,848,65,189
145,707,849,65,189
146,695,849,65,189
147,694,847,65,189
148,662,847,65,189
149,695,849,65,189
150,722,850,65,189
151,683,849,65,189
152,691,849,65,189
153,689,849,65,189
154,695,849,65,189
155,692,849,65,189
156,671,849,65,189
157,618,849,65,189
158,603,849,65,189
159,619,850,65,189
160,615,850,65,189
161,619,849,65,189
162,617,850,65,189
163,621,850,65,189
164,619,852,65,189
165,610,852,65,189
