02-SurfaceCover 15
1,168,25,30,59
2,169,23,30,59
3,170,23,30,59
4,173,17,30,59
5,177,10,30,59
6,174,12,30,59
7,173,10,30,59
8,170,9,30,59
9,167,12,30,59
10,163,12,30,59
11,162,14,30,59
12,158,14,30,59
13,155,12,30,59
14,152,15,30,59
15,151,19,30,59
16,151,21,30,59
17,154,25,30,59
18,157,26,30,59
19,157,27,30,59
20,156,32,30,59
21,157,34,30,59
22,153,33,30,59
23,148,37,30,59
24,144,40,30,59
25,136,43,30,59
26,130,45,30,59
27,131,47,30,59
28,133,50,30,59
29,137,51,30,59
30,138,54,30,59
31,140,60,30,59
32,145,64,30,59
33,147,67,30,59
34,147,72,30,59
35,148,79,30,59
36,147,82,30,59
37,148,84,30,59
38,147,89,30,59
39,145,92,30,59
40,144,95,30,59
41,143,99,30,59
42,144,103,30,59
43,146,103,30,59
44,142,107,30,59
45,144,106,30,59
46,143,106,30,59
47,140,109,30,59
48,140,108,30,59
49,142,107,30,59
50,142,103,30,59
51,144,98,30,59
52,145,92,30,59
53,145,87,30,59
54,145,82,30,59
55,145,75,30,59
56,145,72,30,59
57,143,72,30,59
58,144,71,30,59
59,143,71,30,59
60,144,71,30,59
61,148,65,30,59
62,55,7,30,59
63,58,7,30,59
64,55,7,30,59
65,55,6,30,59
66,53,5,30,59
67,50,5,30,59
68,50,3,30,59
69,53,2,30,59
70,51,2,30,59
71,53,1,30,59
72,53,2,30,59
73,55,3,30,59
74,55,4,30,59
75,54,5,30,59
76,55,5,30,59
77,58,5,30,59
78,59,5,30,59
79,60,5,30,59
80,58,5,30,59
81,55,4,30,59
82,53,5,30,59
83,54,4,30,59
84,57,3,30,59
85,60,2,30,59
86,60,2,30,59
87,57,2,30,59
88,58,2,30,59
89,58,1,30,59
90,57,1,30,59
91,57,2,30,59
92,59,2,30,59
93,59,3,30,59
94,60,4,30,59
95,58,5,30,59
96,59,6,30,59
97,60,7,30,59
98,60,6,30,59
99,58,6,30,59
100,58,6,30,59
101,58,5,30,59
102,57,4,30,59
103,56,2,30,59
104,58,1,30,59
105,59,2,30,59
106,59,1,30,59
107,60,2,30,59
108,59,1,30,59
109,61,0,30,59
110,64,0,30,59
111,64,2,30,59
112,63,1,30,59
113,65,0,30,59
114,66,0,30,59
115,66,2,30,59
116,67,3,30,59
117,66,1,30,59
118,66,2,30,59
119,67,1,30,59
120,66,2,30,59
121,66,4,30,59
122,65,4,30,59
123,63,5,30,59
124,64,5,30,59
125,64,4,30,59
126,64,1,30,59
127,66,1,30,59
128,66,4,30,59
129,67,2,30,59
130,67,4,30,59
131,68,6,30,59
132,68,7,30,59
133,68,6,30,59
134,67,3,30,59
135,67,7,30,59
136,67,10,30,59
137,69,9,30,59
138,69,8,30,59
139,68,6,30,59
140,68,4,30,59
141,69,6,30,59
142,69,4,30,59
143,70,7,30,59
144,70,9,30,59
145,70,7,30,59
146,70,8,30,59
147,71,6,30,59
148,71,8,30,59
149,71,14,30,59
150,71,17,30,59
151,71,20,30,59
152,68,23,30,59
153,65,29,30,59
154,62,28,30,59
155,62,25,30,59
156,62,23,30,59
157,61,21,30,59
158,61,23,30,59
159,61,24,30,59
160,62,25,30,59
161,61,24,30,59
162,62,26,30,59
163,61,22,30,59
164,60,24,30,59
165,59,22,30,59
166,60,22,30,59
167,60,20,30,59
168,59,21,30,59
169,59,20,30,59
170,58,15,30,59
171,58,16,30,59
172,58,13,30,59
173,58,15,30,59
174,57,17,30,59
175,56,15,30,59
176,58,14,30,59
177,58,11,30,59
178,59,7,30,59
179,59,1,30,59
180,58,4,30,59
181,57,0,30,59
182,59,1,30,59
183,59,1,30,59
184,59,0,30,59
185,60,1,30,59
186,59,2,30,59
187,59,5,30,59
188,59,3,30,59
189,57,4,30,59
190,53,3,30,59
191,53,3,30,59
192,51,3,30,59
193,51,0,30,59
194,51,1,30,59
195,53,2,30,59
196,52,3,30,59
197,49,5,30,59
198,48,5,30,59
199,46,5,30,59
200,43,7,30,59
201,42,11,30,59
202,40,13,30,59
203,42,15,30,59
204,41,15,30,59
205,41,15,30,59
206,42,16,30,59
207,43,16,30,59
208,45,13,30,59
209,45,10,30,59
210,46,8,30,59
211,47,8,30,59
212,47,4,30,59
213,46,3,30,59
214,47,5,30,59
215,48,4,30,59
216,48,6,30,59
217,46,2,30,59
218,46,4,30,59
219,47,0,30,59
220,48,0,30,59
221,50,0,30,59
222,49,1,30,59
223,49,4,30,59
224,50,5,30,59
225,49,5,30,59
