02-SurfaceCover 4
1,541,260,243,446
2,536,228,243,446
3,536,231,243,446
4,540,227,243,446
5,542,221,243,446
6,543,225,243,446
7,546,229,243,446
8,545,228,243,446
9,532,235,243,446
10,518,241,243,446
11,518,230,243,446
12,520,241,243,446
13,521,232,243,446
14,525,237,243,446
15,542,235,243,446
16,544,242,243,446
17,544,252,243,446
18,542,254,243,446
19,540,254,243,446
20,530,254,243,446
21,526,255,243,446
22,525,256,243,446
23,527,257,243,446
24,526,258,243,446
25,527,258,243,446
26,524,248,243,446
27,510,254,243,446
28,508,254,243,446
29,512,255,243,446
30,516,256,243,446
31,535,255,243,446
32,533,260,243,446
33,531,259,243,446
34,525,266,243,446
35,528,269,243,446
36,526,266,243,446
37,526,270,243,446
38,526,264,243,446
39,526,259,243,446
40,525,260,243,446
41,531,258,243,446
42,531,258,243,446
43,529,259,243,446
44,523,253,243,446
45,513,245,243,446
46,504,239,243,446
47,496,234,243,446
48,495,240,243,446
49,492,238,243,446
50,491,233,243,446
51,498,234,243,446
52,496,230,243,446
53,491,232,243,446
54,490,226,243,446
55,480,192,243,446
56,481,191,243,446
57,468,165,243,446
58,466,145,243,446
59,480,118,243,446
60,484,96,243,446
61,488,92,243,446
62,489,86,243,446
63,494,76,243,446
64,495,67,243,446
65,489,66,243,446
66,501,82,243,446
67,502,91,243,446
68,503,93,243,446
69,501,94,243,446
70,488,96,243,446
71,489,90,243,446
72,490,94,243,446
73,495,95,243,446
74,507,95,243,446
75,517,87,243,446
76,515,85,243,446
77,506,73,243,446
78,500,75,243,446
79,496,82,243,446
80,491,83,243,446
81,498,61,243,446
82,498,65,243,446
83,489,61,243,446
84,488,65,243,446
85,479,89,243,446
86,483,89,243,446
87,483,88,243,446
88,482,88,243,446
89,479,83,243,446
90,474,87,243,446
91,476,79,243,446
92,469,65,243,446
93,457,44,243,446
94,445,28,243,446
95,439,8,243,446
96,444,8,243,446
97,442,5,243,446
98,435,5,243,446
99,447,20,243,446
100,452,33,243,446
101,456,27,243,446
102,449,32,243,446
103,459,34,243,446
104,459,32,243,446
105,454,40,243,446
106,447,37,243,446
107,455,42,243,446
108,456,32,243,446
109,456,31,243,446
110,456,30,243,446
111,464,31,243,446
112,461,33,243,446
113,476,45,243,446
114,479,48,243,446
115,474,50,243,446
116,474,51,243,446
117,475,64,243,446
118,473,64,243,446
119,461,64,243,446
120,461,68,243,446
121,460,56,243,446
122,457,53,243,446
123,461,44,243,446
124,460,38,243,446
125,458,42,243,446
126,461,41,243,446
127,461,38,243,446
128,460,39,243,446
129,459,39,243,446
130,462,36,243,446
131,468,43,243,446
132,468,44,243,446
133,462,50,243,446
134,461,44,243,446
135,463,52,243,446
136,462,61,243,446
137,463,66,243,446
138,456,62,243,446
139,465,48,243,446
140,460,55,243,446
141,460,43,243,446
142,459,42,243,446
143,448,45,243,446
144,449,44,243,446
145,450,45,243,446
146,462,54,243,446
147,461,56,243,446
148,461,54,243,446
149,450,51,243,446
150,449,60,243,446
151,469,62,243,446
