03-Specularity 16
1,500,119,291,98
2,502,125,291,98
3,515,123,291,98
4,517,125,291,98
5,523,126,291,98
6,525,131,291,98
7,518,133,291,98
8,514,141,291,98
9,526,142,291,98
10,519,148,291,98
11,528,149,291,98
12,519,147,291,98
13,519,149,291,98
14,522,144,291,98
15,519,148,291,98
16,512,150,291,98
17,516,151,291,98
18,501,151,291,98
19,501,152,291,98
20,507,151,291,98
21,514,151,291,98
22,505,154,291,98
23,504,151,291,98
24,509,147,291,98
25,512,144,291,98
26,522,143,291,98
27,526,145,291,98
28,525,144,291,98
29,523,144,291,98
30,528,144,291,98
31,544,144,291,98
32,539,140,291,98
33,535,137,291,98
34,531,138,291,98
35,526,133,291,98
36,528,130,291,98
37,531,130,291,98
38,531,130,291,98
39,535,137,291,98
40,532,134,291,98
41,535,137,291,98
42,535,135,291,98
43,533,134,291,98
44,522,140,291,98
45,521,137,291,98
46,521,138,291,98
47,515,140,291,98
48,525,140,291,98
49,528,137,291,98
50,527,139,291,98
51,542,139,291,98
52,543,148,291,98
53,529,157,291,98
54,528,148,291,98
55,526,146,291,98
56,530,148,291,98
57,528,149,291,98
58,535,151,291,98
59,531,148,291,98
60,537,142,291,98
61,528,141,291,98
62,514,143,291,98
63,517,143,291,98
64,515,151,291,98
65,512,158,291,98
66,503,161,291,98
67,509,166,291,98
68,504,157,291,98
69,497,158,291,98
70,497,158,291,98
71,497,160,291,98
72,502,159,291,98
73,505,159,291,98
74,501,163,291,98
75,501,163,291,98
76,495,165,291,98
77,494,165,291,98
78,493,161,291,98
79,491,168,291,98
80,481,168,291,98
81,493,169,291,98
82,489,164,291,98
83,489,165,291,98
84,483,167,291,98
85,484,167,291,98
86,477,169,291,98
87,494,168,291,98
88,485,164,291,98
89,482,161,291,98
90,482,160,291,98
91,490,162,291,98
92,488,165,291,98
93,496,165,291,98
94,479,163,291,98
95,485,162,291,98
96,482,157,291,98
97,476,165,291,98
98,474,171,291,98
99,479,172,291,98
100,469,172,291,98
101,469,174,291,98
102,475,169,291,98
103,470,168,291,98
104,456,171,291,98
105,458,173,291,98
106,462,172,291,98
107,453,173,291,98
108,455,169,291,98
109,454,171,291,98
110,442,169,291,98
111,459,169,291,98
112,457,161,291,98
113,460,159,291,98
114,457,161,291,98
115,457,161,291,98
116,458,161,291,98
117,459,170,291,98
118,455,170,291,98
119,447,172,291,98
120,439,173,291,98
121,431,172,291,98
122,427,172,291,98
123,428,172,291,98
124,421,174,291,98
125,416,172,291,98
126,418,168,291,98
127,421,167,291,98
128,418,164,291,98
129,413,164,291,98
130,419,162,291,98
131,419,164,291,98
132,420,165,291,98
133,422,165,291,98
134,422,167,291,98
135,423,169,291,98
136,422,169,291,98
137,419,168,291,98
138,416,169,291,98
139,406,171,291,98
140,406,159,291,98
141,406,151,291,98
142,405,144,291,98
143,406,145,291,98
144,405,145,291,98
145,410,148,291,98
146,406,149,291,98
147,408,147,291,98
148,398,144,291,98
149,408,141,291,98
150,404,143,291,98
151,412,150,291,98
152,408,152,291,98
153,405,152,291,98
154,403,151,291,98
155,385,153,291,98
156,389,148,291,98
157,382,145,291,98
158,381,144,291,98
159,381,144,291,98
160,377,144,291,98
161,379,141,291,98
162,382,144,291,98
163,381,148,291,98
164,382,146,291,98
165,381,148,291,98
166,387,143,291,98
167,390,141,291,98
168,390,144,291,98
169,389,145,291,98
170,396,147,291,98
171,395,139,291,98
172,388,139,291,98
173,391,134,291,98
174,397,137,291,98
175,391,138,291,98
176,382,135,291,98
177,382,140,291,98
178,385,139,291,98
179,385,139,291,98
180,396,141,291,98
181,395,140,291,98
182,396,143,291,98
183,397,142,291,98
184,396,142,291,98
185,394,140,291,98
186,394,141,291,98
187,401,143,291,98
188,400,142,291,98
189,396,141,291,98
190,392,141,291,98
191,392,140,291,98
192,395,139,291,98
193,397,133,291,98
194,413,133,291,98
195,413,134,291,98
196,417,132,291,98
197,411,135,291,98
198,413,132,291,98
199,416,134,291,98
200,415,134,291,98
201,415,134,291,98
202,418,129,291,98
203,423,130,291,98
204,424,126,291,98
205,424,127,291,98
206,422,123,291,98
207,418,118,291,98
208,425,120,291,98
209,423,120,291,98
210,414,123,291,98
211,420,122,291,98
212,418,122,291,98
213,418,122,291,98
214,433,126,291,98
215,424,127,291,98
216,424,133,291,98
217,431,133,291,98
218,433,136,291,98
219,433,136,291,98
220,429,137,291,98
221,429,137,291,98
