03-Specularity 1
20,800,166,209,81
21,783,178,209,81
22,773,183,209,81
23,767,191,209,81
24,758,196,209,81
25,755,197,209,81
26,755,202,209,81
27,742,211,209,81
28,750,213,209,81
29,742,216,209,81
30,734,219,209,81
31,737,221,209,81
32,734,225,209,81
33,740,226,209,81
34,743,230,209,81
35,736,236,209,81
36,748,236,209,81
37,737,246,209,81
38,738,253,209,81
39,735,253,209,81
40,729,256,209,81
41,730,258,209,81
42,726,268,209,81
43,723,270,209,81
44,724,274,209,81
45,720,282,209,81
46,716,289,209,81
47,711,302,209,81
48,707,310,209,81
49,704,315,209,81
50,703,323,209,81
51,720,326,209,81
52,701,342,209,81
53,701,346,209,81
54,693,354,209,81
55,686,361,209,81
56,677,374,209,81
57,667,387,209,81
58,666,393,209,81
59,653,408,209,81
60,640,421,209,81
61,648,428,209,81
62,642,431,209,81
63,647,436,209,81
64,647,448,209,81
65,660,456,209,81
66,672,461,209,81
67,677,472,209,81
68,691,476,209,81
69,712,479,209,81
70,727,483,209,81
71,743,489,209,81
72,738,495,209,81
73,762,500,209,81
74,777,506,209,81
75,792,506,209,81
76,807,512,209,81
77,823,515,209,81
78,839,517,209,81
79,856,523,209,81
80,874,527,209,81
81,887,521,209,81
82,907,523,209,81
83,926,524,209,81
84,951,523,209,81
85,974,524,209,81
