03-Specularity 11
118,448,427,103,84
119,452,410,103,84
120,452,398,103,84
121,454,386,103,84
122,457,377,103,84
123,459,370,103,84
124,465,367,103,84
125,470,368,103,84
126,475,366,103,84
127,475,365,103,84
128,479,374,103,84
129,478,378,103,84
130,478,378,103,84
131,476,380,103,84
132,477,381,103,84
133,476,380,103,84
134,472,378,103,84
135,475,379,103,84
136,476,380,103,84
137,478,381,103,84
138,479,378,103,84
139,478,381,103,84
140,478,381,103,84
141,479,380,103,84
142,480,383,103,84
143,478,380,103,84
144,481,380,103,84
145,485,380,103,84
146,485,380,103,84
147,483,380,103,84
148,482,378,103,84
149,480,382,103,84
150,482,384,103,84
151,482,381,103,84
152,482,382,103,84
153,483,389,103,84
154,484,392,103,84
155,484,393,103,84
156,483,398,103,84
157,482,397,103,84
158,483,400,103,84
159,481,403,103,84
160,483,403,103,84
161,483,406,103,84
162,481,406,103,84
163,481,407,103,84
164,480,408,103,84
165,482,406,103,84
166,481,407,103,84
167,481,406,103,84
168,479,403,103,84
169,480,398,103,84
170,481,400,103,84
171,483,403,103,84
172,485,404,103,84
173,484,406,103,84
174,483,404,103,84
175,481,405,103,84
176,479,404,103,84
177,477,404,103,84
178,476,407,103,84
179,476,411,103,84
180,480,412,103,84
181,479,415,103,84
182,480,416,103,84
183,480,417,103,84
184,483,416,103,84
185,485,415,103,84
186,483,418,103,84
187,484,417,103,84
188,482,418,103,84
189,485,414,103,84
190,485,412,103,84
191,489,411,103,84
192,494,413,103,84
