03-Specularity 8
1,571,95,482,394
2,585,92,482,394
3,570,101,482,394
4,551,117,482,394
5,538,129,482,394
6,542,138,482,394
7,537,143,482,394
8,531,156,482,394
9,520,168,482,394
10,501,185,482,394
11,498,189,482,394
12,484,185,482,394
13,478,183,482,394
14,469,193,482,394
15,475,179,482,394
16,464,174,482,394
17,464,175,482,394
18,459,183,482,394
19,455,180,482,394
20,462,187,482,394
21,458,185,482,394
22,440,189,482,394
23,440,189,482,394
24,449,184,482,394
25,466,187,482,394
26,471,210,482,394
27,483,220,482,394
28,500,222,482,394
29,505,220,482,394
30,514,220,482,394
31,526,211,482,394
32,539,206,482,394
33,545,185,482,394
34,568,176,482,394
35,576,165,482,394
36,574,163,482,394
37,583,155,482,394
38,591,150,482,394
39,600,136,482,394
40,622,120,482,394
41,631,89,482,394
42,631,86,482,394
43,650,73,482,394
44,670,58,482,394
45,706,33,482,394
46,719,25,482,394
47,748,26,482,394
48,761,34,482,394
49,784,35,482,394
50,796,39,482,394
51,792,43,482,394
52,791,57,482,394
53,788,65,482,394
54,785,56,482,394
55,775,65,482,394
56,773,67,482,394
57,781,85,482,394
58,771,84,482,394
59,755,73,482,394
60,757,77,482,394
61,755,85,482,394
62,729,99,482,394
63,728,103,482,394
64,701,112,482,394
65,688,124,482,394
66,677,126,482,394
67,663,130,482,394
68,651,135,482,394
69,650,127,482,394
70,640,122,482,394
71,638,125,482,394
72,625,131,482,394
73,615,132,482,394
74,596,130,482,394
75,593,137,482,394
76,596,134,482,394
77,558,123,482,394
78,535,135,482,394
79,543,152,482,394
80,532,169,482,394
81,484,202,482,394
82,477,193,482,394
83,469,171,482,394
84,443,173,482,394
85,416,189,482,394
86,407,205,482,394
87,402,208,482,394
88,380,204,482,394
89,377,200,482,394
90,367,195,482,394
91,358,197,482,394
92,340,186,482,394
93,344,196,482,394
94,329,189,482,394
95,317,183,482,394
96,309,167,482,394
97,286,141,482,394
98,259,94,482,394
99,248,87,482,394
100,262,77,482,394
101,270,55,482,394
102,275,54,482,394
103,244,81,482,394
104,228,86,482,394
105,222,89,482,394
106,200,85,482,394
107,163,78,482,394
108,143,68,482,394
109,138,79,482,394
110,139,83,482,394
111,154,108,482,394
112,174,113,482,394
113,219,127,482,394
114,252,148,482,394
115,268,159,482,394
116,289,172,482,394
117,340,253,482,394
118,389,307,482,394
119,427,324,482,394
