04-Transparency 5
126,54,47,68,54
127,53,46,68,54
128,53,48,68,54
129,53,48,68,54
130,52,48,68,54
131,49,48,68,54
132,44,49,68,54
133,41,50,68,54
134,39,49,68,54
135,35,46,68,54
136,34,45,68,54
137,32,42,68,54
138,34,41,68,54
139,36,42,68,54
140,40,43,68,54
141,41,42,68,54
142,38,43,68,54
143,41,43,68,54
144,38,43,68,54
145,36,43,68,54
146,39,43,68,54
147,40,46,68,54
148,42,46,68,54
149,41,44,68,54
150,40,44,68,54
151,38,44,68,54
152,37,44,68,54
153,39,44,68,54
154,36,44,68,54
155,34,45,68,54
156,32,45,68,54
157,28,44,68,54
158,26,44,68,54
159,29,45,68,54
160,31,45,68,54
161,34,45,68,54
162,40,47,68,54
163,45,46,68,54
164,47,46,68,54
165,45,48,68,54
166,43,49,68,54
167,44,50,68,54
168,47,50,68,54
169,47,51,68,54
170,46,50,68,54
171,48,50,68,54
172,49,50,68,54
173,49,51,68,54
174,46,51,68,54
175,48,52,68,54
176,46,51,68,54
177,41,50,68,54
178,43,50,68,54
179,45,50,68,54
180,45,50,68,54
181,44,49,68,54
182,42,49,68,54
183,45,49,68,54
184,47,48,68,54
185,46,47,68,54
186,45,47,68,54
187,49,42,68,54
188,48,43,68,54
189,46,41,68,54
190,46,39,68,54
191,46,41,68,54
192,45,41,68,54
193,46,43,68,54
194,48,44,68,54
195,46,42,68,54
196,48,42,68,54
197,44,41,68,54
198,42,40,68,54
199,41,40,68,54
200,43,40,68,54
201,44,41,68,54
202,46,41,68,54
203,44,41,68,54
204,48,43,68,54
205,48,45,68,54
206,44,45,68,54
207,44,46,68,54
208,46,46,68,54
209,48,46,68,54
210,47,47,68,54
211,46,46,68,54
212,48,47,68,54
213,49,46,68,54
214,50,46,68,54
215,48,46,68,54
216,46,46,68,54
217,87,42,68,54
218,86,41,68,54
219,86,37,68,54
220,88,38,68,54
221,94,34,68,54
222,94,34,68,54
223,102,34,68,54
224,101,34,68,54
225,102,34,68,54
226,106,33,68,54
227,104,32,68,54
228,98,32,68,54
229,101,31,68,54
230,100,31,68,54
231,103,31,68,54
232,109,31,68,54
233,104,32,68,54
234,102,31,68,54
235,102,30,68,54
236,104,29,68,54
237,110,28,68,54
238,111,27,68,54
239,110,28,68,54
240,112,28,68,54
241,110,27,68,54
242,114,27,68,54
243,115,26,68,54
244,114,25,68,54
245,119,25,68,54
246,122,25,68,54
247,120,25,68,54
248,122,24,68,54
249,119,23,68,54
250,120,24,68,54
251,119,23,68,54
252,117,22,68,54
253,115,22,68,54
254,107,22,68,54
255,108,22,68,54
256,111,21,68,54
257,115,21,68,54
258,111,21,68,54
259,107,21,68,54
260,108,21,68,54
261,108,20,68,54
262,111,19,68,54
263,114,18,68,54
264,120,19,68,54
265,123,20,68,54
266,120,20,68,54
267,118,20,68,54
268,114,20,68,54
269,116,18,68,54
270,113,20,68,54
271,119,20,68,54
272,115,20,68,54
273,107,19,68,54
274,109,20,68,54
275,103,20,68,54
276,96,21,68,54
277,91,20,68,54
278,90,18,68,54
279,89,18,68,54
280,92,17,68,54
281,85,17,68,54
282,79,16,68,54
283,72,16,68,54
284,75,16,68,54
285,78,18,68,54
286,82,18,68,54
287,83,18,68,54
288,81,18,68,54
289,82,18,68,54
290,84,18,68,54
291,88,17,68,54
292,92,17,68,54
293,99,17,68,54
294,95,17,68,54
295,89,16,68,54
296,87,17,68,54
297,88,17,68,54
298,89,17,68,54
299,96,16,68,54
300,98,16,68,54
301,98,16,68,54
302,99,15,68,54
303,102,15,68,54
304,102,16,68,54
305,99,14,68,54
306,96,14,68,54
307,96,13,68,54
308,93,14,68,54
309,92,15,68,54
310,95,15,68,54
311,101,14,68,54
312,98,14,68,54
313,96,14,68,54
314,93,12,68,54
315,94,12,68,54
316,94,12,68,54
317,95,11,68,54
318,100,11,68,54
319,93,10,68,54
320,85,11,68,54
321,88,10,68,54
322,94,11,68,54
323,95,11,68,54
324,95,12,68,54
325,96,12,68,54
326,95,12,68,54
327,94,12,68,54
328,93,11,68,54
329,93,11,68,54
330,90,10,68,54
331,97,9,68,54
332,96,8,68,54
333,95,8,68,54
334,97,7,68,54
335,96,7,68,54
336,95,6,68,54
337,98,7,68,54
338,99,8,68,54
339,99,8,68,54
340,96,7,68,54
341,98,8,68,54
342,92,6,68,54
343,93,7,68,54
344,98,8,68,54
345,97,7,68,54
346,93,6,68,54
347,94,7,68,54
348,99,7,68,54
349,104,7,68,54
350,110,7,68,54
351,95,6,68,54
352,97,6,68,54
353,96,6,68,54
354,97,6,68,54
