04-Transparency 20
4,348,269,49,58
5,350,272,49,58
6,350,271,49,58
7,351,272,49,58
8,351,272,49,58
9,353,271,49,58
10,355,272,49,58
11,354,273,49,58
12,354,275,49,58
13,354,274,49,58
14,356,274,49,58
15,355,274,49,58
16,354,272,49,58
17,356,273,49,58
18,358,273,49,58
19,357,271,49,58
20,357,269,49,58
21,356,270,49,58
22,354,269,49,58
23,353,270,49,58
24,351,269,49,58
25,351,269,49,58
26,349,268,49,58
27,347,266,49,58
28,345,265,49,58
29,346,265,49,58
30,344,265,49,58
31,346,264,49,58
32,345,262,49,58
33,344,260,49,58
34,342,258,49,58
35,343,259,49,58
36,341,260,49,58
37,338,260,49,58
38,337,261,49,58
39,336,261,49,58
40,334,257,49,58
41,333,257,49,58
42,333,255,49,58
43,332,255,49,58
44,329,255,49,58
45,329,253,49,58
46,329,251,49,58
47,327,247,49,58
48,324,240,49,58
49,323,238,49,58
50,322,234,49,58
51,322,230,49,58
52,319,229,49,58
53,318,227,49,58
54,319,225,49,58
55,321,224,49,58
56,319,224,49,58
57,319,222,49,58
58,319,224,49,58
59,320,225,49,58
60,321,224,49,58
61,320,222,49,58
62,321,221,49,58
63,322,221,49,58
64,320,223,49,58
65,317,223,49,58
66,317,222,49,58
67,318,222,49,58
68,319,223,49,58
69,320,223,49,58
70,321,225,49,58
71,320,226,49,58
72,321,226,49,58
73,322,226,49,58
74,323,225,49,58
75,323,226,49,58
76,322,227,49,58
77,322,225,49,58
78,321,226,49,58
79,320,227,49,58
80,319,228,49,58
81,319,227,49,58
82,319,227,49,58
83,320,229,49,58
84,319,231,49,58
85,317,232,49,58
86,316,230,49,58
87,317,230,49,58
88,318,229,49,58
89,319,232,49,58
90,319,232,49,58
91,319,234,49,58
92,318,237,49,58
93,319,236,49,58
94,317,239,49,58
95,318,241,49,58
96,319,242,49,58
97,321,243,49,58
98,320,242,49,58
99,321,243,49,58
100,322,244,49,58
101,324,245,49,58
102,326,245,49,58
103,325,245,49,58
104,324,246,49,58
105,322,245,49,58
106,323,246,49,58
107,323,247,49,58
108,323,246,49,58
109,323,246,49,58
110,323,247,49,58
111,325,248,49,58
112,325,247,49,58
113,325,249,49,58
114,324,248,49,58
115,325,250,49,58
116,326,253,49,58
117,327,253,49,58
