04-Transparency 10
60,171,180,114,109
61,171,180,114,109
62,173,177,114,109
63,172,171,114,109
64,170,167,114,109
65,172,164,114,109
66,170,162,114,109
67,171,165,114,109
68,171,162,114,109
69,169,163,114,109
70,168,161,114,109
71,170,159,114,109
72,168,156,114,109
73,167,155,114,109
74,169,156,114,109
75,170,154,114,109
76,170,154,114,109
77,171,152,114,109
78,174,153,114,109
79,173,152,114,109
80,176,151,114,109
81,187,154,114,109
82,192,154,114,109
83,195,153,114,109
84,197,154,114,109
85,203,154,114,109
86,205,156,114,109
87,207,157,114,109
88,208,158,114,109
89,212,160,114,109
90,218,161,114,109
91,223,162,114,109
92,229,163,114,109
93,229,164,114,109
94,228,164,114,109
95,234,161,114,109
96,235,163,114,109
97,231,165,114,109
98,227,165,114,109
99,228,164,114,109
100,224,164,114,109
101,218,165,114,109
102,217,163,114,109
103,210,163,114,109
104,209,163,114,109
105,207,163,114,109
106,204,161,114,109
107,199,160,114,109
108,198,160,114,109
109,196,157,114,109
110,196,156,114,109
111,191,156,114,109
112,188,155,114,109
113,184,156,114,109
114,180,154,114,109
115,178,157,114,109
116,174,155,114,109
117,172,158,114,109
118,171,159,114,109
119,165,160,114,109
120,160,161,114,109
121,161,161,114,109
122,152,163,114,109
123,143,164,114,109
124,131,165,114,109
125,127,167,114,109
126,125,169,114,109
127,121,171,114,109
128,121,172,114,109
129,122,171,114,109
130,121,173,114,109
131,121,175,114,109
132,120,174,114,109
133,124,176,114,109
134,122,178,114,109
135,124,176,114,109
136,126,176,114,109
137,125,176,114,109
138,123,175,114,109
139,122,176,114,109
140,123,172,114,109
141,121,174,114,109
142,123,173,114,109
143,119,173,114,109
144,117,174,114,109
145,124,172,114,109
146,126,172,114,109
147,125,172,114,109
148,128,170,114,109
149,130,171,114,109
150,133,173,114,109
151,134,176,114,109
152,136,175,114,109
153,135,176,114,109
154,135,176,114,109
155,137,176,114,109
156,137,178,114,109
157,135,177,114,109
158,136,179,114,109
159,134,179,114,109
160,135,177,114,109
161,133,177,114,109
162,133,177,114,109
163,137,177,114,109
164,138,176,114,109
165,138,177,114,109
166,138,178,114,109
167,132,177,114,109
168,133,179,114,109
169,132,178,114,109
170,130,177,114,109
171,128,178,114,109
172,129,180,114,109
173,131,180,114,109
174,125,181,114,109
175,122,181,114,109
176,122,182,114,109
177,123,185,114,109
178,122,184,114,109
179,121,187,114,109
180,121,187,114,109
181,118,191,114,109
182,115,192,114,109
183,113,196,114,109
184,110,196,114,109
185,110,199,114,109
186,105,200,114,109
187,102,201,114,109
188,98,202,114,109
189,98,202,114,109
190,97,207,114,109
191,96,211,114,109
192,100,214,114,109
193,109,218,114,109
194,119,222,114,109
195,127,225,114,109
196,133,227,114,109
197,145,227,114,109
198,155,229,114,109
199,164,230,114,109
200,174,231,114,109
201,187,233,114,109
202,200,235,114,109
203,210,238,114,109
204,220,237,114,109
205,232,240,114,109
206,238,239,114,109
207,241,239,114,109
208,246,238,114,109
209,252,238,114,109
210,254,238,114,109
211,258,238,114,109
212,257,238,114,109
213,256,240,114,109
214,257,239,114,109
215,257,239,114,109
216,257,239,114,109
217,256,236,114,109
218,255,236,114,109
219,251,234,114,109
220,252,236,114,109
221,249,236,114,109
222,247,231,114,109
223,244,231,114,109
224,240,230,114,109
225,240,229,114,109
226,241,229,114,109
227,237,227,114,109
228,237,227,114,109
229,231,227,114,109
230,230,226,114,109
231,229,226,114,109
232,227,227,114,109
233,222,226,114,109
234,216,225,114,109
235,209,226,114,109
236,207,224,114,109
237,200,226,114,109
238,195,226,114,109
239,191,224,114,109
240,189,227,114,109
241,192,227,114,109
242,193,225,114,109
243,196,227,114,109
244,199,228,114,109
245,196,225,114,109
246,194,226,114,109
247,196,226,114,109
248,195,227,114,109
249,196,229,114,109
250,194,228,114,109
251,194,228,114,109
252,194,229,114,109
253,197,226,114,109
254,198,228,114,109
255,200,228,114,109
256,199,229,114,109
257,204,232,114,109
258,204,232,114,109
259,210,231,114,109
260,210,233,114,109
