04-Transparency 11
2,141,223,164,74
3,142,223,164,74
4,140,224,164,74
5,134,225,164,74
6,135,227,164,74
7,138,229,164,74
8,136,229,164,74
9,138,234,164,74
10,139,233,164,74
11,137,233,164,74
12,133,232,164,74
13,130,235,164,74
14,128,230,164,74
15,127,224,164,74
16,128,227,164,74
17,130,224,164,74
18,131,223,164,74
19,130,224,164,74
20,132,225,164,74
21,133,226,164,74
22,131,230,164,74
23,129,228,164,74
24,128,233,164,74
25,124,234,164,74
26,121,235,164,74
27,121,234,164,74
28,118,231,164,74
29,111,228,164,74
30,108,226,164,74
31,111,223,164,74
32,109,224,164,74
33,108,230,164,74
34,105,231,164,74
35,105,232,164,74
36,104,233,164,74
37,109,236,164,74
38,108,235,164,74
39,110,241,164,74
40,109,247,164,74
41,112,251,164,74
42,117,256,164,74
43,119,258,164,74
44,118,254,164,74
45,119,253,164,74
46,119,258,164,74
47,115,258,164,74
48,117,257,164,74
49,114,262,164,74
50,113,264,164,74
51,110,263,164,74
52,102,264,164,74
53,95,263,164,74
54,93,261,164,74
55,95,258,164,74
56,93,256,164,74
57,94,256,164,74
58,96,255,164,74
59,92,255,164,74
60,90,256,164,74
61,89,253,164,74
62,88,254,164,74
63,90,254,164,74
64,93,251,164,74
65,96,248,164,74
66,93,249,164,74
67,94,248,164,74
68,95,246,164,74
69,94,246,164,74
70,92,244,164,74
71,93,246,164,74
72,90,247,164,74
73,90,248,164,74
74,91,248,164,74
75,94,243,164,74
76,95,243,164,74
77,95,242,164,74
78,96,241,164,74
79,97,241,164,74
80,95,241,164,74
81,93,244,164,74
82,98,243,164,74
83,98,244,164,74
84,100,246,164,74
85,102,250,164,74
86,99,250,164,74
87,98,249,164,74
88,103,250,164,74
89,102,248,164,74
90,106,246,164,74
91,107,247,164,74
92,110,245,164,74
93,109,246,164,74
94,113,245,164,74
95,111,247,164,74
96,109,246,164,74
97,110,245,164,74
98,113,248,164,74
99,109,248,164,74
100,111,247,164,74
101,108,247,164,74
102,111,248,164,74
103,114,248,164,74
104,115,252,164,74
105,117,254,164,74
106,115,253,164,74
107,111,254,164,74
108,106,255,164,74
109,105,250,164,74
110,108,251,164,74
111,109,250,164,74
112,106,251,164,74
113,105,252,164,74
114,103,251,164,74
115,104,251,164,74
116,101,248,164,74
117,101,249,164,74
118,100,249,164,74
119,102,245,164,74
120,106,244,164,74
121,104,245,164,74
122,103,241,164,74
123,103,241,164,74
124,103,242,164,74
125,103,240,164,74
126,102,240,164,74
127,91,241,164,74
128,90,246,164,74
129,89,243,164,74
130,84,243,164,74
131,82,247,164,74
132,82,246,164,74
133,75,245,164,74
134,73,244,164,74
135,75,245,164,74
136,73,245,164,74
137,71,245,164,74
138,71,247,164,74
139,69,246,164,74
140,67,251,164,74
141,66,250,164,74
142,65,248,164,74
143,71,252,164,74
144,77,255,164,74
145,80,258,164,74
146,77,259,164,74
147,75,258,164,74
148,78,261,164,74
149,79,261,164,74
150,78,256,164,74
151,75,253,164,74
152,74,250,164,74
153,72,254,164,74
154,73,253,164,74
155,69,251,164,74
156,70,251,164,74
157,72,252,164,74
158,76,251,164,74
159,78,249,164,74
160,76,248,164,74
161,74,247,164,74
162,76,247,164,74
163,76,246,164,74
164,73,245,164,74
165,75,245,164,74
166,76,249,164,74
167,77,250,164,74
168,78,245,164,74
169,78,242,164,74
170,78,239,164,74
171,76,243,164,74
172,77,242,164,74
173,79,241,164,74
174,79,243,164,74
175,78,243,164,74
176,75,242,164,74
177,75,237,164,74
178,73,238,164,74
179,75,238,164,74
180,73,236,164,74
181,76,237,164,74
182,79,240,164,74
183,79,241,164,74
184,80,238,164,74
185,81,237,164,74
186,80,233,164,74
187,81,233,164,74
188,79,232,164,74
189,78,232,164,74
190,74,233,164,74
191,77,232,164,74
192,74,231,164,74
193,75,233,164,74
194,73,233,164,74
195,76,229,164,74
196,75,227,164,74
197,73,229,164,74
198,76,230,164,74
199,77,227,164,74
200,80,226,164,74
201,79,221,164,74
202,78,224,164,74
203,78,222,164,74
204,75,225,164,74
205,79,227,164,74
206,77,227,164,74
207,75,227,164,74
208,77,225,164,74
209,74,227,164,74
210,77,228,164,74
211,78,226,164,74
212,75,227,164,74
213,73,226,164,74
214,73,226,164,74
215,71,226,164,74
216,67,226,164,74
217,70,225,164,74
218,70,224,164,74
219,67,221,164,74
220,67,222,164,74
221,68,220,164,74
222,66,220,164,74
