05-Shape 8
1,607,285,754,480
2,588,254,754,480
3,609,257,754,480
4,601,266,754,480
5,597,254,754,480
6,605,249,754,480
7,615,250,754,480
8,636,251,754,480
9,639,249,754,480
10,640,250,754,480
11,645,261,754,480
12,639,256,754,480
13,634,249,754,480
14,636,248,754,480
15,647,238,754,480
16,636,234,754,480
17,638,220,754,480
18,649,220,754,480
19,648,222,754,480
20,649,223,754,480
21,657,230,754,480
22,656,227,754,480
23,657,226,754,480
24,664,220,754,480
25,662,226,754,480
26,660,233,754,480
27,661,233,754,480
28,651,235,754,480
29,644,241,754,480
30,643,266,754,480
31,666,261,754,480
32,662,253,754,480
33,651,254,754,480
34,657,260,754,480
35,651,264,754,480
36,648,276,754,480
37,648,266,754,480
38,642,279,754,480
39,629,308,754,480
40,624,316,754,480
41,612,318,754,480
42,612,318,754,480
43,598,315,754,480
44,579,301,754,480
45,593,314,754,480
46,582,312,754,480
47,588,335,754,480
48,589,334,754,480
49,581,332,754,480
50,588,337,754,480
51,551,337,754,480
52,570,345,754,480
53,570,344,754,480
54,571,341,754,480
55,573,340,754,480
56,592,340,754,480
57,607,339,754,480
58,606,339,754,480
59,607,338,754,480
60,598,341,754,480
61,596,332,754,480
62,593,339,754,480
63,607,353,754,480
64,607,353,754,480
65,605,360,754,480
66,619,373,754,480
67,609,369,754,480
68,598,375,754,480
69,599,386,754,480
70,595,380,754,480
71,588,386,754,480
72,581,387,754,480
73,579,382,754,480
74,595,387,754,480
75,598,379,754,480
76,582,377,754,480
77,576,373,754,480
78,575,376,754,480
79,571,369,754,480
80,574,375,754,480
81,565,375,754,480
82,574,375,754,480
83,586,376,754,480
84,582,372,754,480
85,576,373,754,480
86,571,386,754,480
87,571,386,754,480
88,587,390,754,480
89,579,398,754,480
90,586,397,754,480
91,609,402,754,480
92,604,398,754,480
93,608,376,754,480
94,605,368,754,480
95,616,373,754,480
96,608,358,754,480
97,621,367,754,480
98,637,378,754,480
99,636,379,754,480
100,620,392,754,480
101,620,392,754,480
102,621,385,754,480
103,630,386,754,480
104,637,395,754,480
105,643,400,754,480
106,627,399,754,480
107,633,410,754,480
108,614,413,754,480
109,616,429,754,480
110,616,432,754,480
111,604,423,754,480
112,616,433,754,480
113,611,423,754,480
114,615,407,754,480
115,618,410,754,480
116,627,391,754,480
117,623,390,754,480
118,629,379,754,480
119,630,377,754,480
120,623,378,754,480
121,628,375,754,480
122,639,376,754,480
123,642,374,754,480
124,638,376,754,480
125,638,376,754,480
126,638,375,754,480
127,648,367,754,480
128,649,384,754,480
129,648,367,754,480
130,655,381,754,480
131,646,389,754,480
132,655,391,754,480
133,667,390,754,480
134,661,391,754,480
135,657,394,754,480
136,657,395,754,480
137,656,385,754,480
138,666,380,754,480
139,665,381,754,480
140,673,396,754,480
141,671,402,754,480
142,682,402,754,480
143,673,407,754,480
144,672,406,754,480
145,671,414,754,480
146,675,393,754,480
147,688,424,754,480
148,695,428,754,480
149,694,429,754,480
150,687,421,754,480
151,675,430,754,480
152,677,435,754,480
153,681,438,754,480
154,678,471,754,480
155,672,473,754,480
156,674,462,754,480
157,666,455,754,480
158,663,442,754,480
159,679,434,754,480
160,660,436,754,480
161,657,440,754,480
162,665,459,754,480
163,670,468,754,480
164,664,459,754,480
165,655,459,754,480
166,630,458,754,480
167,616,453,754,480
168,602,460,754,480
169,600,462,754,480
170,597,461,754,480
171,592,473,754,480
172,595,469,754,480
173,590,473,754,480
174,600,441,754,480
175,609,462,754,480
176,602,440,754,480
177,605,438,754,480
178,619,437,754,480
179,626,462,754,480
180,617,463,754,480
181,622,454,754,480
182,618,452,754,480
183,617,451,754,480
184,627,434,754,480
185,626,436,754,480
186,635,439,754,480
187,632,441,754,480
188,630,464,754,480
189,624,466,754,480
190,629,467,754,480
191,631,476,754,480
192,628,472,754,480
193,626,471,754,480
194,625,471,754,480
195,610,453,754,480
196,596,446,754,480
197,613,449,754,480
198,613,449,754,480
199,602,451,754,480
200,602,450,754,480
201,603,450,754,480
202,604,449,754,480
203,593,447,754,480
204,592,416,754,480
205,592,416,754,480
206,595,413,754,480
207,599,395,754,480
208,589,379,754,480
209,606,386,754,480
210,607,386,754,480
211,608,385,754,480
212,611,389,754,480
213,610,387,754,480
214,608,389,754,480
215,608,389,754,480
216,609,389,754,480
217,608,389,754,480
218,617,398,754,480
219,616,401,754,480
220,617,400,754,480
221,616,402,754,480
222,601,400,754,480
223,599,393,754,480
224,594,390,754,480
225,597,399,754,480
