06-MotionSmoothness 14
50,529,302,29,29
51,530,301,29,29
52,531,304,29,29
53,533,304,29,29
54,535,302,29,29
55,531,303,29,29
56,533,304,29,29
57,529,302,29,29
58,526,301,29,29
59,526,304,29,29
60,528,301,29,29
61,548,302,29,29
62,526,301,29,29
63,526,300,29,29
64,524,300,29,29
65,524,301,29,29
66,494,298,29,29
67,523,299,29,29
68,523,301,29,29
69,525,299,29,29
70,527,300,29,29
71,526,298,29,29
72,523,299,29,29
73,525,298,29,29
74,556,299,29,29
75,558,299,29,29
76,554,298,29,29
77,556,296,29,29
78,554,300,29,29
79,553,299,29,29
80,549,297,29,29
81,547,299,29,29
82,545,299,29,29
83,543,300,29,29
84,546,301,29,29
85,558,303,29,29
86,555,302,29,29
87,559,302,29,29
88,554,302,29,29
89,551,300,29,29
90,554,300,29,29
91,555,302,29,29
92,564,301,29,29
93,567,302,29,29
94,570,301,29,29
95,570,302,29,29
96,568,303,29,29
97,548,303,29,29
98,570,303,29,29
99,572,305,29,29
100,570,306,29,29
101,569,305,29,29
102,569,308,29,29
103,625,314,29,29
104,627,313,29,29
105,627,314,29,29
106,566,312,29,29
107,538,313,29,29
108,537,315,29,29
109,549,313,29,29
110,548,315,29,29
111,514,317,29,29
112,516,314,29,29
113,515,317,29,29
114,549,318,29,29
115,551,319,29,29
116,552,321,29,29
117,549,320,29,29
118,572,310,29,29
119,524,334,29,29
120,596,186,29,29
121,593,185,29,29
122,596,188,29,29
123,583,189,29,29
124,579,188,29,29
125,579,187,29,29
126,576,186,29,29
127,629,304,29,29
128,626,305,29,29
129,654,295,29,29
130,651,293,29,29
131,649,291,29,29
132,1105,171,29,29
133,1093,167,29,29
134,1094,165,29,29
135,1096,163,29,29
136,1072,157,29,29
137,1078,157,29,29
138,1075,150,29,29
139,1065,150,29,29
140,1052,149,29,29
141,1039,147,29,29
142,1033,147,29,29
143,1052,137,29,29
144,1050,138,29,29
145,1042,135,29,29
146,989,145,29,29
147,976,147,29,29
148,965,146,29,29
149,971,145,29,29
150,956,146,29,29
151,955,143,29,29
152,948,146,29,29
153,933,148,29,29
154,927,147,29,29
155,919,148,29,29
156,1044,560,29,29
157,1038,561,29,29
158,1034,558,29,29
159,1014,562,29,29
160,1008,562,29,29
161,997,562,29,29
162,998,561,29,29
163,1001,564,29,29
164,1009,557,29,29
165,1005,558,29,29
166,952,562,29,29
167,937,561,29,29
168,934,561,29,29
169,931,563,29,29
170,933,561,29,29
171,932,561,29,29
172,930,562,29,29
173,932,561,29,29
174,934,558,29,29
175,920,561,29,29
176,922,558,29,29
177,919,557,29,29
178,920,558,29,29
179,918,557,29,29
180,915,554,29,29
181,903,557,29,29
182,890,556,29,29
183,888,553,29,29
184,890,553,29,29
185,890,552,29,29
186,876,550,29,29
187,877,549,29,29
188,842,551,29,29
189,838,547,29,29
190,835,547,29,29
191,832,548,29,29
192,831,545,29,29
193,833,542,29,29
194,831,541,29,29
195,828,538,29,29
196,825,535,29,29
197,822,533,29,29
198,824,525,29,29
199,824,524,29,29
200,817,516,29,29
201,104,582,29,29
202,108,578,29,29
203,103,573,29,29
204,143,566,29,29
205,138,562,29,29
206,138,562,29,29
207,133,559,29,29
208,135,561,29,29
209,137,559,29,29
210,135,559,29,29
211,138,559,29,29
212,140,559,29,29
213,143,558,29,29
214,145,559,29,29
215,147,561,29,29
216,142,559,29,29
217,143,561,29,29
218,145,562,29,29
219,146,561,29,29
220,146,560,29,29
221,146,562,29,29
222,144,559,29,29
223,153,557,29,29
224,157,556,29,29
225,157,554,29,29
226,145,553,29,29
227,145,555,29,29
228,197,548,29,29
229,191,548,29,29
230,188,545,29,29
231,320,535,29,29
232,286,533,29,29
233,299,531,29,29
234,292,529,29,29
235,338,527,29,29
236,335,524,29,29
237,335,519,29,29
238,352,516,29,29
239,358,514,29,29
240,343,510,29,29
241,346,506,29,29
242,345,505,29,29
243,376,494,29,29
244,356,494,29,29
245,367,493,29,29
246,358,490,29,29
247,329,491,29,29
248,329,488,29,29
249,327,490,29,29
250,325,488,29,29
251,346,487,29,29
252,347,486,29,29
253,347,483,29,29
254,350,484,29,29
255,351,483,29,29
256,353,482,29,29
257,362,483,29,29
258,351,483,29,29
259,411,480,29,29
260,408,480,29,29
261,422,483,29,29
262,394,483,29,29
263,428,483,29,29
264,457,483,29,29
265,506,482,29,29
266,486,482,29,29
267,494,486,29,29
268,490,486,29,29
269,487,489,29,29
270,498,492,29,29
271,495,492,29,29
272,496,494,29,29
273,481,495,29,29
274,482,497,29,29
275,580,498,29,29
276,531,500,29,29
277,548,502,29,29
278,564,503,29,29
279,628,500,29,29
280,626,503,29,29
281,625,445,29,29
282,644,449,29,29
283,641,451,29,29
284,638,447,29,29
285,594,447,29,29
286,591,444,29,29
287,591,444,29,29
288,588,444,29,29
289,529,445,29,29
290,529,447,29,29
291,508,447,29,29
