06-MotionSmoothness 6
1,166,422,77,159
2,166,421,77,159
3,173,420,77,159
4,175,410,77,159
5,177,410,77,159
6,179,410,77,159
7,180,414,77,159
8,188,414,77,159
9,189,414,77,159
10,190,416,77,159
11,189,419,77,159
12,195,420,77,159
13,193,421,77,159
14,200,423,77,159
15,208,425,77,159
16,206,424,77,159
17,207,423,77,159
18,208,424,77,159
19,206,426,77,159
20,215,386,77,159
21,210,406,77,159
22,208,414,77,159
23,208,415,77,159
24,208,413,77,159
25,212,395,77,159
26,209,404,77,159
27,204,422,77,159
28,201,421,77,159
29,202,421,77,159
30,204,411,77,159
31,202,412,77,159
32,204,411,77,159
33,202,412,77,159
34,203,407,77,159
35,200,420,77,159
36,205,408,77,159
37,204,412,77,159
38,200,430,77,159
39,196,448,77,159
40,194,456,77,159
41,194,454,77,159
42,198,439,77,159
43,197,434,77,159
44,194,446,77,159
45,197,441,77,159
46,197,436,77,159
47,200,429,77,159
48,197,439,77,159
49,202,424,77,159
50,206,412,77,159
51,208,408,77,159
52,214,389,77,159
53,211,405,77,159
54,212,404,77,159
55,211,401,77,159
56,215,394,77,159
57,214,398,77,159
58,212,404,77,159
59,209,415,77,159
60,212,399,77,159
61,207,415,77,159
62,210,398,77,159
63,206,409,77,159
64,208,405,77,159
65,208,400,77,159
66,208,402,77,159
67,205,413,77,159
68,207,413,77,159
69,206,413,77,159
70,203,425,77,159
71,207,407,77,159
72,202,424,77,159
73,201,429,77,159
74,205,411,77,159
75,201,425,77,159
76,197,440,77,159
77,197,446,77,159
78,193,459,77,159
79,194,462,77,159
80,192,465,77,159
81,193,464,77,159
82,194,466,77,159
83,193,473,77,159
84,194,470,77,159
85,194,471,77,159
86,194,462,77,159
87,193,459,77,159
88,193,460,77,159
89,191,462,77,159
90,191,463,77,159
91,190,466,77,159
92,187,470,77,159
93,185,479,77,159
94,185,483,77,159
95,183,482,77,159
96,184,484,77,159
97,185,483,77,159
98,186,483,77,159
99,185,483,77,159
100,188,484,77,159
101,187,482,77,159
102,188,479,77,159
103,188,483,77,159
104,189,482,77,159
105,194,482,77,159
106,194,483,77,159
107,191,482,77,159
108,194,480,77,159
109,197,480,77,159
110,195,480,77,159
111,195,479,77,159
112,196,482,77,159
113,195,479,77,159
114,193,480,77,159
115,192,478,77,159
116,193,478,77,159
117,194,479,77,159
118,189,480,77,159
119,188,481,77,159
120,187,479,77,159
121,186,476,77,159
122,178,476,77,159
123,178,479,77,159
124,175,491,77,159
125,170,492,77,159
126,167,493,77,159
127,169,491,77,159
128,168,493,77,159
129,169,487,77,159
130,166,487,77,159
131,155,487,77,159
132,154,496,77,159
133,155,490,77,159
134,154,498,77,159
135,152,500,77,159
136,153,500,77,159
137,156,502,77,159
138,156,502,77,159
139,155,500,77,159
140,154,501,77,159
141,153,505,77,159
142,154,506,77,159
143,150,506,77,159
144,148,507,77,159
145,147,510,77,159
146,145,510,77,159
147,146,510,77,159
148,152,511,77,159
149,149,512,77,159
150,142,514,77,159
151,140,514,77,159
152,142,516,77,159
153,138,516,77,159
154,137,518,77,159
155,139,519,77,159
156,139,522,77,159
157,136,521,77,159
158,135,519,77,159
159,133,515,77,159
160,125,515,77,159
161,123,518,77,159
162,124,512,77,159
163,120,513,77,159
164,118,516,77,159
165,118,513,77,159
166,123,511,77,159
167,125,511,77,159
168,121,511,77,159
169,119,511,77,159
170,118,509,77,159
171,120,508,77,159
172,121,511,77,159
173,127,497,77,159
174,132,497,77,159
175,128,498,77,159
176,127,500,77,159
177,130,500,77,159
178,124,499,77,159
179,125,497,77,159
180,126,496,77,159
181,129,496,77,159
182,129,497,77,159
183,131,498,77,159
184,132,495,77,159
185,129,497,77,159
186,130,500,77,159
187,129,498,77,159
188,131,494,77,159
189,130,494,77,159
190,130,494,77,159
191,132,493,77,159
192,132,487,77,159
193,127,494,77,159
194,121,494,77,159
195,121,495,77,159
196,122,496,77,159
197,120,499,77,159
198,119,501,77,159
199,118,505,77,159
200,122,509,77,159
201,119,512,77,159
202,123,510,77,159
203,121,510,77,159
204,121,508,77,159
205,121,505,77,159
206,122,505,77,159
207,124,504,77,159
208,121,507,77,159
209,120,510,77,159
210,123,513,77,159
211,122,517,77,159
212,123,514,77,159
213,125,512,77,159
214,126,514,77,159
215,128,515,77,159
216,131,516,77,159
217,130,518,77,159
218,129,515,77,159
219,131,513,77,159
220,133,516,77,159
221,133,514,77,159
