06-MotionSmoothness 22
91,254,484,131,131
92,252,479,131,131
93,254,481,131,131
94,257,482,131,131
95,255,478,131,131
96,255,475,131,131
97,253,476,131,131
98,253,475,131,131
99,247,477,131,131
100,246,472,131,131
101,245,468,131,131
102,243,467,131,131
103,238,467,131,131
104,239,469,131,131
105,234,468,131,131
106,235,466,131,131
107,231,461,131,131
108,231,463,131,131
109,231,465,131,131
110,229,466,131,131
111,229,466,131,131
112,227,465,131,131
113,223,468,131,131
114,222,469,131,131
115,230,469,131,131
116,228,469,131,131
117,297,452,131,131
118,301,452,131,131
119,301,452,131,131
120,303,451,131,131
121,303,451,131,131
122,303,450,131,131
123,307,451,131,131
124,306,450,131,131
125,307,452,131,131
126,309,452,131,131
127,311,451,131,131
128,309,450,131,131
129,305,452,131,131
130,301,452,131,131
131,302,453,131,131
132,299,452,131,131
133,293,456,131,131
134,290,456,131,131
135,755,72,131,131
136,753,73,131,131
137,756,72,131,131
138,760,72,131,131
139,762,72,131,131
140,760,72,131,131
141,760,71,131,131
142,756,72,131,131
143,755,71,131,131
144,754,69,131,131
145,753,67,131,131
146,755,66,131,131
147,752,66,131,131
148,756,66,131,131
149,756,66,131,131
150,754,66,131,131
151,754,69,131,131
152,754,67,131,131
153,753,66,131,131
154,750,65,131,131
155,750,65,131,131
156,750,67,131,131
157,750,68,131,131
158,753,66,131,131
159,758,65,131,131
160,755,65,131,131
161,758,70,131,131
162,760,69,131,131
163,761,68,131,131
164,761,68,131,131
165,761,68,131,131
166,762,68,131,131
167,761,70,131,131
168,761,69,131,131
169,760,70,131,131
170,759,71,131,131
171,761,70,131,131
172,761,70,131,131
173,760,72,131,131
174,760,74,131,131
175,761,74,131,131
176,761,73,131,131
177,761,73,131,131
178,760,73,131,131
179,760,72,131,131
180,759,71,131,131
181,759,71,131,131
182,758,74,131,131
183,760,74,131,131
184,755,74,131,131
185,754,75,131,131
186,755,78,131,131
187,755,84,131,131
188,756,83,131,131
189,756,84,131,131
190,759,82,131,131
191,758,81,131,131
192,757,80,131,131
193,756,78,131,131
194,756,84,131,131
195,759,83,131,131
196,753,83,131,131
197,752,84,131,131
198,746,83,131,131
199,747,85,131,131
200,748,82,131,131
201,746,81,131,131
202,744,81,131,131
203,749,80,131,131
204,745,79,131,131
205,744,79,131,131
206,744,78,131,131
207,745,78,131,131
208,746,78,131,131
209,746,78,131,131
210,745,78,131,131
211,747,79,131,131
