06-MotionSmoothness 15
1,973,329,77,50
2,961,331,77,50
3,955,327,77,50
4,946,326,77,50
5,937,326,77,50
6,927,326,77,50
7,917,328,77,50
8,911,327,77,50
9,904,329,77,50
10,897,329,77,50
11,894,332,77,50
12,888,333,77,50
13,884,330,77,50
14,878,333,77,50
15,872,333,77,50
16,863,333,77,50
17,860,335,77,50
18,853,336,77,50
19,851,338,77,50
20,842,341,77,50
21,834,343,77,50
22,828,342,77,50
23,825,345,77,50
24,818,347,77,50
25,815,351,77,50
26,811,350,77,50
27,805,357,77,50
28,801,358,77,50
29,800,361,77,50
30,799,369,77,50
31,796,372,77,50
32,793,376,77,50
33,800,379,77,50
34,801,384,77,50
35,802,387,77,50
36,802,388,77,50
37,803,390,77,50
38,795,393,77,50
39,795,392,77,50
40,792,397,77,50
41,791,396,77,50
42,787,401,77,50
43,780,405,77,50
44,779,403,77,50
45,773,402,77,50
46,770,402,77,50
47,773,404,77,50
48,762,404,77,50
49,765,406,77,50
50,759,407,77,50
51,753,410,77,50
52,762,413,77,50
53,756,414,77,50
54,755,418,77,50
55,778,427,77,50
56,780,436,77,50
57,771,440,77,50
58,762,442,77,50
59,753,446,77,50
60,746,453,77,50
61,729,456,77,50
62,736,457,77,50
63,624,460,77,50
64,629,467,77,50
65,623,459,77,50
66,630,453,77,50
67,629,446,77,50
68,633,439,77,50
69,636,431,77,50
70,628,425,77,50
71,625,420,77,50
72,617,414,77,50
73,618,414,77,50
74,609,422,77,50
75,650,428,77,50
76,659,431,77,50
77,665,440,77,50
78,665,447,77,50
79,721,452,77,50
80,742,460,77,50
81,703,465,77,50
82,708,456,77,50
83,707,443,77,50
84,702,439,77,50
85,698,438,77,50
86,734,424,77,50
87,741,414,77,50
88,756,417,77,50
89,758,409,77,50
90,757,404,77,50
91,762,401,77,50
92,764,396,77,50
93,768,392,77,50
94,715,388,77,50
95,706,388,77,50
96,709,383,77,50
97,716,381,77,50
98,708,382,77,50
99,712,380,77,50
100,716,377,77,50
101,713,376,77,50
102,714,373,77,50
103,717,367,77,50
104,709,365,77,50
105,709,360,77,50
106,731,352,77,50
107,732,350,77,50
108,676,353,77,50
109,623,341,77,50
110,675,329,77,50
111,671,326,77,50
112,670,322,77,50
113,640,311,77,50
114,635,309,77,50
115,627,309,77,50
116,630,303,77,50
117,629,298,77,50
118,624,302,77,50
119,636,308,77,50
120,633,311,77,50
121,629,315,77,50
