06-MotionSmoothness 1
1,826,558,57,62
2,831,558,57,62
3,833,558,57,62
4,838,553,57,62
5,840,549,57,62
6,842,550,57,62
7,839,550,57,62
8,838,551,57,62
9,841,549,57,62
10,843,545,57,62
11,837,547,57,62
12,841,547,57,62
13,840,549,57,62
14,840,547,57,62
15,842,547,57,62
16,843,552,57,62
17,838,555,57,62
18,839,554,57,62
19,831,555,57,62
20,834,555,57,62
21,833,556,57,62
22,828,556,57,62
23,833,556,57,62
24,837,556,57,62
25,835,555,57,62
26,828,555,57,62
27,829,556,57,62
28,829,556,57,62
29,830,556,57,62
30,829,556,57,62
31,823,557,57,62
32,826,557,57,62
33,823,557,57,62
34,819,557,57,62
35,821,557,57,62
36,831,556,57,62
37,826,556,57,62
38,822,556,57,62
39,825,556,57,62
40,823,556,57,62
41,824,556,57,62
42,818,556,57,62
43,815,556,57,62
44,818,556,57,62
45,815,556,57,62
46,820,556,57,62
47,802,555,57,62
48,799,555,57,62
49,801,554,57,62
50,795,554,57,62
51,796,554,57,62
52,803,553,57,62
53,800,554,57,62
54,802,553,57,62
55,801,553,57,62
56,807,553,57,62
57,814,553,57,62
58,819,553,57,62
59,814,553,57,62
60,817,553,57,62
61,820,551,57,62
62,817,551,57,62
63,818,551,57,62
64,823,551,57,62
65,836,547,57,62
66,838,547,57,62
67,845,549,57,62
68,843,549,57,62
69,841,549,57,62
70,847,547,57,62
71,864,545,57,62
72,863,546,57,62
73,866,542,57,62
74,866,541,57,62
75,868,542,57,62
76,882,541,57,62
77,896,542,57,62
78,894,542,57,62
79,903,548,57,62
80,901,549,57,62
81,904,551,57,62
82,914,551,57,62
83,933,551,57,62
84,935,551,57,62
85,937,552,57,62
86,934,553,57,62
87,938,554,57,62
88,944,555,57,62
89,943,554,57,62
90,945,553,57,62
91,947,553,57,62
92,948,554,57,62
93,950,554,57,62
94,955,554,57,62
95,954,554,57,62
96,953,556,57,62
97,864,554,57,62
98,858,554,57,62
99,870,553,57,62
100,872,553,57,62
101,877,553,57,62
102,882,553,57,62
103,886,553,57,62
104,881,554,57,62
105,879,554,57,62
106,882,554,57,62
107,884,554,57,62
108,879,554,57,62
109,884,554,57,62
110,889,554,57,62
111,884,554,57,62
112,889,554,57,62
113,887,554,57,62
114,890,554,57,62
115,884,554,57,62
116,880,554,57,62
117,873,554,57,62
118,873,554,57,62
119,852,554,57,62
120,856,554,57,62
121,828,554,57,62
122,829,554,57,62
123,834,554,57,62
124,811,553,57,62
125,740,553,57,62
126,736,553,57,62
127,730,553,57,62
128,735,552,57,62
129,731,552,57,62
130,768,552,57,62
131,727,551,57,62
132,723,551,57,62
133,719,551,57,62
134,721,551,57,62
135,722,549,57,62
136,719,549,57,62
137,693,549,57,62
138,688,549,57,62
139,686,547,57,62
140,681,547,57,62
141,688,547,57,62
142,682,546,57,62
143,659,544,57,62
144,657,544,57,62
145,645,540,57,62
146,646,540,57,62
147,641,540,57,62
148,633,536,57,62
149,606,539,57,62
150,607,540,57,62
151,601,540,57,62
152,602,541,57,62
153,604,541,57,62
154,565,546,57,62
155,546,550,57,62
156,547,549,57,62
157,534,555,57,62
158,532,556,57,62
159,535,556,57,62
160,529,569,57,62
161,500,576,57,62
162,497,576,57,62
163,492,578,57,62
164,496,578,57,62
165,493,579,57,62
166,479,574,57,62
167,448,576,57,62
168,446,577,57,62
169,436,556,57,62
170,434,555,57,62
171,437,552,57,62
172,429,552,57,62
173,409,554,57,62
174,408,554,57,62
175,400,554,57,62
176,402,554,57,62
177,399,554,57,62
178,394,553,57,62
179,399,554,57,62
180,510,554,57,62
181,551,555,57,62
182,557,555,57,62
183,517,555,57,62
184,515,554,57,62
185,509,554,57,62
186,512,554,57,62
187,550,554,57,62
188,550,553,57,62
189,554,551,57,62
190,557,551,57,62
191,540,552,57,62
192,536,552,57,62
193,535,553,57,62
194,528,553,57,62
195,532,553,57,62
196,533,552,57,62
197,536,552,57,62
198,532,552,57,62
199,536,552,57,62
200,534,552,57,62
201,528,552,57,62
202,526,552,57,62
203,530,552,57,62
204,528,551,57,62
205,526,551,57,62
206,525,550,57,62
207,524,549,57,62
208,523,548,57,62
209,523,549,57,62
210,521,549,57,62
211,518,550,57,62
212,524,550,57,62
213,523,550,57,62
214,555,550,57,62
215,555,550,57,62
216,552,550,57,62
217,553,549,57,62
218,555,549,57,62
219,554,549,57,62
220,560,548,57,62
221,565,547,57,62
222,559,548,57,62
223,565,547,57,62
224,567,547,57,62
225,564,548,57,62
226,570,549,57,62
227,565,549,57,62
228,564,547,57,62
229,558,548,57,62
230,560,547,57,62
231,564,547,57,62
232,601,546,57,62
233,651,546,57,62
234,649,546,57,62
235,655,545,57,62
236,657,545,57,62
237,659,545,57,62
238,697,545,57,62
239,692,545,57,62
240,686,545,57,62
241,704,545,57,62
242,710,545,57,62
243,713,545,57,62
244,750,545,57,62
245,753,545,57,62
246,756,545,57,62
247,748,545,57,62
248,760,545,57,62
249,756,545,57,62
250,756,545,57,62
251,741,545,57,62
252,737,545,57,62
253,736,545,57,62
254,741,545,57,62
255,735,544,57,62
256,734,545,57,62
257,737,545,57,62
258,733,545,57,62
259,710,545,57,62
260,705,545,57,62
261,715,545,57,62
262,813,544,57,62
263,809,544,57,62
264,806,544,57,62
265,802,544,57,62
266,796,543,57,62
267,793,543,57,62
268,795,544,57,62
269,791,544,57,62
270,797,542,57,62
271,790,542,57,62
272,793,542,57,62
273,798,542,57,62
274,795,542,57,62
275,797,542,57,62
276,800,541,57,62
277,803,541,57,62
278,805,541,57,62
279,693,541,57,62
280,695,541,57,62
281,682,541,57,62
282,684,541,57,62
283,686,541,57,62
284,683,541,57,62
285,675,541,57,62
286,670,541,57,62
287,674,541,57,62
288,671,541,57,62
289,710,539,57,62
290,708,539,57,62
291,715,540,57,62
292,712,540,57,62
293,710,539,57,62
294,707,539,57,62
295,688,537,57,62
296,684,537,57,62
297,687,537,57,62
298,686,537,57,62
299,688,536,57,62
300,691,536,57,62
