06-MotionSmoothness 16
4,143,112,49,76
5,142,113,49,76
6,142,112,49,76
7,141,113,49,76
8,141,116,49,76
9,142,117,49,76
10,140,118,49,76
11,140,120,49,76
12,139,119,49,76
13,141,121,49,76
14,143,120,49,76
15,142,122,49,76
16,140,124,49,76
17,139,124,49,76
18,140,124,49,76
19,139,123,49,76
20,138,122,49,76
21,137,121,49,76
22,136,116,49,76
23,136,114,49,76
24,137,113,49,76
25,138,113,49,76
26,136,112,49,76
27,135,113,49,76
28,136,114,49,76
29,136,115,49,76
30,137,116,49,76
31,138,113,49,76
32,138,112,49,76
33,139,115,49,76
34,139,117,49,76
35,139,116,49,76
36,141,115,49,76
37,143,115,49,76
38,143,117,49,76
39,144,119,49,76
40,145,121,49,76
41,147,121,49,76
42,148,119,49,76
43,150,120,49,76
44,151,121,49,76
45,154,124,49,76
46,158,124,49,76
47,160,124,49,76
48,162,124,49,76
49,163,127,49,76
50,168,128,49,76
51,168,127,49,76
52,167,128,49,76
53,167,127,49,76
54,170,127,49,76
55,172,123,49,76
56,173,118,49,76
57,175,114,49,76
58,175,114,49,76
59,175,111,49,76
60,175,112,49,76
61,178,111,49,76
62,178,112,49,76
63,177,111,49,76
64,179,112,49,76
65,180,111,49,76
66,180,114,49,76
67,181,111,49,76
68,182,114,49,76
69,182,116,49,76
70,182,114,49,76
71,182,117,49,76
72,181,119,49,76
73,181,119,49,76
74,182,121,49,76
75,180,120,49,76
76,178,118,49,76
77,177,121,49,76
78,178,120,49,76
79,178,120,49,76
80,176,120,49,76
81,174,119,49,76
82,174,118,49,76
83,174,117,49,76
84,171,115,49,76
85,171,118,49,76
86,169,120,49,76
87,168,117,49,76
88,166,117,49,76
89,164,119,49,76
90,165,119,49,76
91,164,118,49,76
92,164,116,49,76
93,165,114,49,76
94,164,116,49,76
95,163,117,49,76
96,164,120,49,76
97,162,118,49,76
98,160,117,49,76
99,160,119,49,76
100,159,118,49,76
101,159,118,49,76
102,159,118,49,76
103,161,116,49,76
104,159,115,49,76
105,159,114,49,76
106,162,116,49,76
107,161,115,49,76
108,162,113,49,76
109,160,113,49,76
110,158,116,49,76
111,159,116,49,76
112,157,113,49,76
113,155,113,49,76
114,152,112,49,76
115,150,110,49,76
116,149,108,49,76
117,148,106,49,76
118,147,107,49,76
119,148,105,49,76
120,150,102,49,76
121,149,103,49,76
122,148,100,49,76
123,148,99,49,76
124,148,97,49,76
125,147,95,49,76
126,149,92,49,76
127,151,89,49,76
128,151,89,49,76
129,153,88,49,76
130,152,89,49,76
131,151,88,49,76
132,152,84,49,76
133,151,82,49,76
134,153,81,49,76
135,153,80,49,76
136,152,79,49,76
137,152,81,49,76
138,151,84,49,76
139,153,82,49,76
140,151,78,49,76
141,151,76,49,76
142,154,74,49,76
143,155,74,49,76
144,156,73,49,76
145,157,73,49,76
146,158,74,49,76
147,157,76,49,76
148,159,76,49,76
149,158,76,49,76
150,156,77,49,76
151,156,75,49,76
152,157,76,49,76
153,154,76,49,76
154,155,78,49,76
155,156,80,49,76
156,155,78,49,76
157,157,75,49,76
158,158,74,49,76
159,159,72,49,76
160,159,71,49,76
161,161,70,49,76
162,162,72,49,76
163,162,71,49,76
164,163,73,49,76
165,162,76,49,76
166,160,75,49,76
167,159,73,49,76
168,159,75,49,76
169,158,73,49,76
170,160,73,49,76
171,160,73,49,76
172,161,73,49,76
173,161,74,49,76
174,161,74,49,76
175,162,78,49,76
176,163,80,49,76
177,163,79,49,76
178,164,78,49,76
179,164,80,49,76
180,163,83,49,76
181,164,83,49,76
182,163,84,49,76
183,164,86,49,76
184,166,84,49,76
185,168,85,49,76
186,171,86,49,76
187,170,86,49,76
188,170,86,49,76
189,171,87,49,76
190,171,91,49,76
191,171,94,49,76
192,172,96,49,76
193,173,98,49,76
194,173,99,49,76
195,172,100,49,76
196,173,99,49,76
197,173,103,49,76
198,174,107,49,76
199,174,109,49,76
200,175,110,49,76
201,174,110,49,76
202,174,113,49,76
203,175,114,49,76
204,175,116,49,76
205,178,116,49,76
206,177,119,49,76
207,174,121,49,76
208,176,121,49,76
209,176,124,49,76
210,177,124,49,76
211,178,127,49,76
212,179,129,49,76
213,179,128,49,76
214,180,128,49,76
215,182,127,49,76
216,182,127,49,76
217,180,129,49,76
218,178,130,49,76
219,177,130,49,76
220,180,133,49,76
221,181,137,49,76
222,182,136,49,76
223,182,141,49,76
224,181,142,49,76
225,180,145,49,76
226,182,145,49,76
227,181,146,49,76
228,181,147,49,76
229,182,148,49,76
230,179,150,49,76
231,178,149,49,76
232,177,151,49,76
233,174,150,49,76
234,176,150,49,76
235,177,151,49,76
236,177,150,49,76
237,176,149,49,76
238,174,149,49,76
239,174,147,49,76
240,172,144,49,76
241,172,145,49,76
242,172,144,49,76
243,171,142,49,76
244,170,142,49,76
245,170,141,49,76
246,168,139,49,76
247,167,139,49,76
248,167,134,49,76
249,165,133,49,76
250,165,129,49,76
251,163,128,49,76
252,162,128,49,76
253,163,128,49,76
254,164,126,49,76
255,163,124,49,76
256,163,122,49,76
257,164,119,49,76
258,163,121,49,76
259,162,121,49,76
260,160,120,49,76
261,160,120,49,76
262,160,121,49,76
263,160,120,49,76
264,160,118,49,76
265,159,120,49,76
266,160,120,49,76
267,162,118,49,76
268,163,119,49,76
269,161,118,49,76
270,163,112,49,76
271,164,109,49,76
272,163,108,49,76
273,163,105,49,76
274,163,106,49,76
275,165,105,49,76
276,165,103,49,76
277,164,103,49,76
278,164,103,49,76
279,165,102,49,76
280,164,103,49,76
281,166,103,49,76
282,166,104,49,76
283,166,103,49,76
284,168,105,49,76
285,170,104,49,76
286,171,106,49,76
287,174,104,49,76
288,176,106,49,76
289,177,107,49,76
290,178,108,49,76
291,181,109,49,76
292,181,111,49,76
293,183,108,49,76
294,182,107,49,76
295,182,105,49,76
296,183,108,49,76
297,184,107,49,76
298,185,108,49,76
299,185,108,49,76
300,184,112,49,76
301,185,113,49,76
302,186,111,49,76
303,188,110,49,76
304,188,114,49,76
305,189,116,49,76
306,191,117,49,76
307,190,119,49,76
308,187,119,49,76
309,186,121,49,76
310,185,122,49,76
311,185,121,49,76
312,184,120,49,76
313,186,117,49,76
314,187,117,49,76
315,187,119,49,76
316,188,120,49,76
317,188,118,49,76
318,190,119,49,76
319,189,117,49,76
320,187,116,49,76
321,188,117,49,76
322,186,117,49,76
323,185,117,49,76
324,184,117,49,76
325,183,118,49,76
326,183,120,49,76
327,183,121,49,76
328,184,122,49,76
329,185,124,49,76
330,185,121,49,76
331,186,122,49,76
332,186,122,49,76
333,185,124,49,76
334,184,125,49,76
335,183,128,49,76
336,185,129,49,76
337,186,129,49,76
338,187,129,49,76
339,187,129,49,76
340,186,128,49,76
341,185,127,49,76
342,184,127,49,76
343,183,127,49,76
344,183,129,49,76
345,183,126,49,76
346,183,125,49,76
347,184,128,49,76
348,186,128,49,76
349,189,129,49,76
350,187,129,49,76
351,187,130,49,76
352,188,130,49,76
353,188,128,49,76
354,188,129,49,76
355,188,127,49,76
356,188,128,49,76
357,188,129,49,76
358,188,128,49,76
359,188,125,49,76
360,187,126,49,76
361,187,128,49,76
362,186,129,49,76
363,186,132,49,76
364,186,130,49,76
365,188,130,49,76
366,188,128,49,76
367,189,126,49,76
368,189,128,49,76
369,188,130,49,76
370,187,132,49,76
371,189,135,49,76
372,191,137,49,76
373,193,139,49,76
374,192,138,49,76
375,193,140,49,76
376,194,141,49,76
377,193,142,49,76
378,194,144,49,76
379,194,146,49,76
380,195,148,49,76
381,195,150,49,76
382,194,152,49,76
383,194,154,49,76
384,194,153,49,76
385,195,156,49,76
386,196,158,49,76
387,195,160,49,76
388,194,159,49,76
389,194,161,49,76
390,193,161,49,76
391,192,158,49,76
392,192,160,49,76
393,193,158,49,76
394,193,161,49,76
395,195,159,49,76
396,195,158,49,76
397,193,157,49,76
398,194,159,49,76
399,195,156,49,76
400,197,155,49,76
