06-MotionSmoothness 11
54,559,260,261,274
55,549,258,261,274
56,563,263,261,274
57,580,276,261,274
58,584,287,261,274
59,589,307,261,274
60,590,312,261,274
61,590,314,261,274
62,590,283,261,274
63,590,283,261,274
64,590,283,261,274
65,586,281,261,274
66,583,279,261,274
67,572,265,261,274
68,565,294,261,274
69,565,317,261,274
70,529,344,261,274
71,494,364,261,274
72,504,386,261,274
73,495,395,261,274
74,501,400,261,274
75,498,406,261,274
76,498,409,261,274
77,472,417,261,274
78,484,417,261,274
79,498,417,261,274
80,490,420,261,274
81,474,423,261,274
82,485,423,261,274
83,517,419,261,274
84,532,418,261,274
85,505,419,261,274
86,515,416,261,274
87,527,410,261,274
88,531,406,261,274
89,514,405,261,274
90,507,404,261,274
91,489,402,261,274
92,442,377,261,274
93,439,364,261,274
94,421,346,261,274
95,398,329,261,274
96,392,316,261,274
97,398,301,261,274
98,396,293,261,274
99,396,297,261,274
100,391,301,261,274
101,404,305,261,274
102,411,317,261,274
103,421,325,261,274
104,432,333,261,274
105,438,341,261,274
106,446,352,261,274
107,454,381,261,274
108,455,393,261,274
109,458,404,261,274
110,456,419,261,274
111,462,426,261,274
112,459,428,261,274
113,457,429,261,274
114,457,427,261,274
