06-MotionSmoothness 19
4,144,84,39,64
5,147,87,39,64
6,148,89,39,64
7,150,89,39,64
8,152,88,39,64
9,156,88,39,64
10,156,87,39,64
11,156,87,39,64
12,155,89,39,64
13,154,87,39,64
14,155,85,39,64
15,154,82,39,64
16,151,79,39,64
17,148,78,39,64
18,148,77,39,64
19,77,159,39,64
20,71,154,39,64
21,64,149,39,64
22,61,147,39,64
23,52,146,39,64
24,45,146,39,64
25,44,144,39,64
26,42,142,39,64
27,41,142,39,64
28,43,142,39,64
29,77,137,39,64
30,81,135,39,64
31,84,140,39,64
32,91,147,39,64
33,96,150,39,64
34,41,187,39,64
35,41,188,39,64
36,43,188,39,64
37,45,187,39,64
38,46,187,39,64
39,46,186,39,64
40,50,186,39,64
41,47,186,39,64
42,45,188,39,64
43,43,192,39,64
44,49,196,39,64
45,49,196,39,64
46,50,194,39,64
47,48,196,39,64
48,50,197,39,64
49,52,204,39,64
50,55,211,39,64
51,55,218,39,64
52,57,223,39,64
53,72,213,39,64
54,78,206,39,64
55,80,209,39,64
56,84,210,39,64
57,83,214,39,64
58,84,213,39,64
59,85,213,39,64
60,85,213,39,64
61,84,211,39,64
62,83,211,39,64
63,83,209,39,64
64,76,201,39,64
65,76,198,39,64
66,78,199,39,64
67,77,204,39,64
68,71,200,39,64
69,68,204,39,64
70,66,197,39,64
71,62,193,39,64
72,62,191,39,64
73,58,190,39,64
74,55,173,39,64
75,53,172,39,64
76,51,176,39,64
77,55,187,39,64
78,54,193,39,64
79,46,198,39,64
80,45,197,39,64
81,47,198,39,64
82,48,196,39,64
83,56,195,39,64
84,61,192,39,64
85,59,185,39,64
86,64,178,39,64
87,98,165,39,64
88,102,169,39,64
89,96,161,39,64
90,99,159,39,64
91,101,157,39,64
92,102,157,39,64
93,107,159,39,64
94,111,161,39,64
95,105,161,39,64
96,112,156,39,64
97,114,162,39,64
98,111,170,39,64
99,104,176,39,64
100,104,177,39,64
101,101,179,39,64
102,101,181,39,64
103,100,183,39,64
104,100,182,39,64
105,97,178,39,64
106,96,179,39,64
107,100,182,39,64
108,100,190,39,64
109,94,190,39,64
110,90,189,39,64
111,85,188,39,64
112,83,184,39,64
113,81,180,39,64
114,76,164,39,64
115,70,163,39,64
116,66,166,39,64
117,65,173,39,64
118,63,176,39,64
119,63,179,39,64
120,64,182,39,64
121,66,183,39,64
122,68,178,39,64
123,72,173,39,64
124,77,168,39,64
125,78,170,39,64
126,79,177,39,64
127,80,185,39,64
128,91,184,39,64
129,101,185,39,64
130,105,186,39,64
131,108,188,39,64
132,109,181,39,64
133,110,176,39,64
134,113,163,39,64
135,112,164,39,64
136,110,169,39,64
137,107,176,39,64
138,102,182,39,64
139,100,185,39,64
140,100,184,39,64
141,98,184,39,64
142,99,181,39,64
143,99,171,39,64
144,101,161,39,64
145,99,160,39,64
146,95,168,39,64
147,91,174,39,64
148,91,169,39,64
149,90,164,39,64
150,87,164,39,64
151,83,165,39,64
152,81,166,39,64
153,76,164,39,64
154,66,171,39,64
155,62,177,39,64
156,60,184,39,64
157,58,187,39,64
158,56,188,39,64
159,57,194,39,64
160,56,199,39,64
161,56,201,39,64
162,58,202,39,64
163,63,198,39,64
164,71,192,39,64
165,74,194,39,64
166,83,198,39,64
167,88,201,39,64
168,90,202,39,64
169,99,200,39,64
170,102,198,39,64
171,105,198,39,64
172,110,198,39,64
173,113,196,39,64
174,110,185,39,64
175,114,184,39,64
176,121,186,39,64
177,119,187,39,64
178,113,187,39,64
179,98,179,39,64
180,90,171,39,64
181,85,166,39,64
182,82,159,39,64
183,79,151,39,64
184,75,144,39,64
185,75,144,39,64
186,75,142,39,64
187,75,142,39,64
188,77,144,39,64
189,81,152,39,64
190,82,159,39,64
191,84,162,39,64
192,85,164,39,64
193,85,164,39,64
194,94,167,39,64
195,96,166,39,64
196,94,169,39,64
197,93,172,39,64
198,93,177,39,64
199,93,177,39,64
200,90,182,39,64
201,89,188,39,64
202,88,194,39,64
203,90,197,39,64
204,89,204,39,64
205,90,210,39,64
206,91,212,39,64
207,92,217,39,64
208,92,219,39,64
209,92,223,39,64
210,91,223,39,64
211,91,220,39,64
212,92,213,39,64
213,93,209,39,64
214,94,198,39,64
215,93,193,39,64
216,93,187,39,64
217,94,182,39,64
218,92,182,39,64
219,91,174,39,64
220,89,167,39,64
221,88,162,39,64
222,88,158,39,64
223,88,150,39,64
224,88,144,39,64
225,90,144,39,64
226,90,146,39,64
227,90,149,39,64
228,90,153,39,64
229,84,154,39,64
230,83,153,39,64
231,82,151,39,64
232,81,149,39,64
233,78,147,39,64
234,73,150,39,64
235,74,148,39,64
236,72,150,39,64
237,71,150,39,64
238,74,150,39,64
239,78,149,39,64
240,79,147,39,64
241,82,145,39,64
242,86,144,39,64
243,91,144,39,64
244,94,145,39,64
245,98,145,39,64
246,107,145,39,64
247,113,144,39,64
248,115,145,39,64
249,119,143,39,64
250,121,140,39,64
251,123,138,39,64
252,126,138,39,64
253,127,137,39,64
254,131,136,39,64
255,133,136,39,64
256,134,137,39,64
257,134,137,39,64
258,137,138,39,64
259,137,137,39,64
260,138,136,39,64
261,133,135,39,64
262,127,134,39,64
263,124,134,39,64
264,119,133,39,64
265,115,135,39,64
266,110,134,39,64
267,104,133,39,64
268,101,134,39,64
269,101,134,39,64
270,98,135,39,64
271,98,138,39,64
272,96,138,39,64
273,96,140,39,64
274,95,142,39,64
275,95,143,39,64
276,92,145,39,64
277,87,146,39,64
278,80,149,39,64
279,228,138,39,64
280,229,138,39,64
281,226,139,39,64
282,221,140,39,64
283,218,140,39,64
284,230,140,39,64
285,235,139,39,64
286,239,135,39,64
287,246,131,39,64
288,253,127,39,64
289,258,122,39,64
290,263,118,39,64
291,264,115,39,64
292,266,112,39,64
293,268,110,39,64
294,272,109,39,64
295,269,109,39,64
296,268,108,39,64
297,262,107,39,64
298,258,106,39,64
299,259,106,39,64
300,255,107,39,64
301,252,108,39,64
302,252,108,39,64
303,254,110,39,64
304,248,114,39,64
305,248,115,39,64
306,244,116,39,64
307,249,118,39,64
308,246,121,39,64
309,255,129,39,64
310,257,133,39,64
311,258,140,39,64
