07-MotionCoherence 10
13,429,263,24,25
14,422,268,24,25
15,419,266,24,25
16,419,261,24,25
17,417,263,24,25
18,415,268,24,25
19,412,269,24,25
20,410,271,24,25
21,408,273,24,25
22,420,275,24,25
23,430,257,24,25
24,430,254,24,25
25,432,250,24,25
26,433,252,24,25
27,435,251,24,25
28,436,248,24,25
29,437,245,24,25
30,439,244,24,25
31,441,241,24,25
32,441,230,24,25
33,443,228,24,25
34,440,226,24,25
35,440,222,24,25
36,437,219,24,25
37,434,216,24,25
38,441,208,24,25
39,443,209,24,25
40,446,206,24,25
41,449,207,24,25
42,448,209,24,25
43,448,211,24,25
44,448,212,24,25
45,449,213,24,25
46,449,214,24,25
47,451,216,24,25
48,451,226,24,25
49,463,228,24,25
50,466,234,24,25
51,470,243,24,25
52,469,244,24,25
53,449,263,24,25
54,438,271,24,25
55,440,272,24,25
56,444,274,24,25
57,443,277,24,25
58,439,277,24,25
59,440,275,24,25
60,442,277,24,25
61,442,277,24,25
62,441,276,24,25
63,445,276,24,25
64,444,274,24,25
65,442,271,24,25
66,442,274,24,25
67,443,277,24,25
68,444,277,24,25
69,441,273,24,25
70,440,298,24,25
71,442,298,24,25
72,442,300,24,25
73,443,300,24,25
74,443,297,24,25
75,444,294,24,25
76,443,296,24,25
77,441,288,24,25
78,441,283,24,25
79,441,283,24,25
80,442,283,24,25
81,442,281,24,25
82,441,280,24,25
83,442,278,24,25
84,444,293,24,25
85,440,292,24,25
86,442,294,24,25
87,445,298,24,25
88,439,300,24,25
89,437,294,24,25
90,439,296,24,25
91,438,297,24,25
92,431,276,24,25
93,428,277,24,25
94,429,274,24,25
95,431,274,24,25
96,431,271,24,25
97,255,41,24,25
98,255,41,24,25
99,0,0,24,25
100,0,0,24,25
101,0,0,24,25
102,0,0,24,25
103,0,0,24,25
104,0,0,24,25
105,0,0,24,25
106,0,0,24,25
107,0,0,24,25
108,0,0,24,25
109,0,0,24,25
110,0,0,24,25
111,0,0,24,25
112,0,0,24,25
113,0,0,24,25
114,0,0,24,25
115,0,0,24,25
116,0,0,24,25
117,0,0,24,25
118,0,0,24,25
119,0,0,24,25
120,0,0,24,25
121,0,0,24,25
122,0,0,24,25
123,0,0,24,25
124,0,0,24,25
125,0,0,24,25
126,0,0,24,25
127,0,0,24,25
128,0,0,24,25
129,0,0,24,25
130,0,0,24,25
131,0,0,24,25
132,0,0,24,25
133,0,0,24,25
134,0,0,24,25
135,0,0,24,25
136,0,0,24,25
137,0,0,24,25
138,0,0,24,25
139,0,0,24,25
140,0,0,24,25
141,0,0,24,25
142,0,0,24,25
143,0,0,24,25
144,0,0,24,25
145,0,0,24,25
146,0,0,24,25
147,0,0,24,25
148,0,0,24,25
149,0,0,24,25
150,0,0,24,25
151,0,0,24,25
152,0,0,24,25
153,0,0,24,25
154,0,0,24,25
155,0,0,24,25
156,0,0,24,25
157,0,0,24,25
158,0,0,24,25
159,0,0,24,25
160,0,0,24,25
161,0,0,24,25
162,0,0,24,25
163,0,0,24,25
164,0,0,24,25
165,0,0,24,25
166,0,0,24,25
167,0,0,24,25
168,0,0,24,25
169,0,0,24,25
170,0,0,24,25
171,0,0,24,25
172,0,0,24,25
173,0,0,24,25
174,0,0,24,25
175,0,0,24,25
176,0,0,24,25
177,0,0,24,25
178,0,0,24,25
179,0,0,24,25
180,0,0,24,25
181,0,0,24,25
182,0,0,24,25
183,0,0,24,25
184,0,0,24,25
185,0,0,24,25
186,0,0,24,25
187,0,0,24,25
188,0,0,24,25
189,0,0,24,25
190,0,0,24,25
191,0,0,24,25
192,0,0,24,25
193,0,0,24,25
194,0,0,24,25
195,0,0,24,25
196,0,0,24,25
197,0,0,24,25
198,0,0,24,25
199,0,0,24,25
200,0,0,24,25
201,0,0,24,25
202,0,0,24,25
203,0,0,24,25
204,0,0,24,25
205,0,0,24,25
206,0,0,24,25
207,0,0,24,25
208,0,0,24,25
209,0,0,24,25
210,0,0,24,25
211,0,0,24,25
212,0,0,24,25
213,0,0,24,25
214,0,0,24,25
215,0,0,24,25
216,0,0,24,25
217,0,0,24,25
218,0,0,24,25
219,0,0,24,25
220,0,0,24,25
221,0,0,24,25
222,0,0,24,25
223,0,0,24,25
224,0,0,24,25
225,0,0,24,25
226,0,0,24,25
227,0,0,24,25
228,0,0,24,25
229,0,0,24,25
230,0,0,24,25
