08-Clutter 14
140,134,127,36,107
141,138,125,36,107
142,140,122,36,107
143,144,118,36,107
144,148,119,36,107
145,150,120,36,107
146,153,119,36,107
147,157,115,36,107
148,163,119,36,107
149,167,120,36,107
150,170,120,36,107
151,171,118,36,107
152,172,117,36,107
153,175,116,36,107
154,179,117,36,107
155,181,114,36,107
156,185,107,36,107
157,189,111,36,107
158,193,108,36,107
159,197,107,36,107
160,201,110,36,107
161,208,106,36,107
162,213,106,36,107
163,219,102,36,107
164,221,102,36,107
165,221,107,36,107
166,228,106,36,107
167,234,95,36,107
168,237,92,36,107
169,242,89,36,107
170,247,87,36,107
171,251,85,36,107
172,254,84,36,107
173,258,87,36,107
174,260,91,36,107
175,260,89,36,107
176,259,86,36,107
177,262,87,36,107
178,263,90,36,107
179,265,89,36,107
180,268,92,36,107
181,272,92,36,107
182,273,93,36,107
183,272,93,36,107
184,272,91,36,107
185,272,91,36,107
186,272,87,36,107
187,274,88,36,107
188,274,87,36,107
189,274,86,36,107
190,275,85,36,107
191,277,85,36,107
192,276,85,36,107
193,275,85,36,107
194,275,82,36,107
195,275,84,36,107
196,275,82,36,107
197,276,79,36,107
198,278,81,36,107
199,280,83,36,107
200,281,85,36,107
201,279,84,36,107
202,283,90,36,107
203,282,92,36,107
204,283,90,36,107
205,282,91,36,107
206,282,92,36,107
207,283,91,36,107
208,283,91,36,107
209,283,93,36,107
210,283,91,36,107
211,283,89,36,107
212,284,90,36,107
213,284,92,36,107
214,283,89,36,107
215,284,89,36,107
216,285,88,36,107
217,287,89,36,107
218,285,86,36,107
219,283,86,36,107
220,281,87,36,107
221,283,88,36,107
222,283,90,36,107
223,282,92,36,107
224,282,91,36,107
225,283,91,36,107
226,283,91,36,107
227,283,92,36,107
228,284,91,36,107
229,285,93,36,107
230,283,93,36,107
231,283,92,36,107
232,282,92,36,107
233,284,90,36,107
234,284,87,36,107
235,286,88,36,107
236,286,86,36,107
237,285,86,36,107
238,287,89,36,107
239,285,85,36,107
240,286,84,36,107
241,286,85,36,107
242,285,87,36,107
243,286,89,36,107
244,285,89,36,107
245,285,84,36,107
246,286,87,36,107
247,287,91,36,107
248,285,91,36,107
249,287,90,36,107
250,288,94,36,107
251,288,96,36,107
252,288,92,36,107
253,287,95,36,107
254,286,97,36,107
255,285,98,36,107
256,284,95,36,107
257,284,93,36,107
258,285,96,36,107
259,285,101,36,107
260,284,102,36,107
261,286,104,36,107
262,285,103,36,107
263,283,103,36,107
264,283,101,36,107
265,281,102,36,107
266,280,100,36,107
267,280,102,36,107
268,280,100,36,107
269,278,100,36,107
270,276,98,36,107
271,275,95,36,107
272,275,98,36,107
273,274,98,36,107
274,276,101,36,107
275,277,101,36,107
276,275,100,36,107
277,277,101,36,107
278,275,100,36,107
279,274,100,36,107
280,273,98,36,107
281,275,99,36,107
282,273,98,36,107
283,273,100,36,107
284,274,99,36,107
285,276,101,36,107
286,274,101,36,107
287,273,99,36,107
288,273,99,36,107
289,271,99,36,107
290,270,98,36,107
291,271,99,36,107
292,272,103,36,107
293,272,100,36,107
294,274,101,36,107
295,274,100,36,107
296,275,100,36,107
297,277,101,36,107
298,277,100,36,107
299,278,101,36,107
300,278,99,36,107
301,278,100,36,107
302,277,99,36,107
303,276,98,36,107
304,277,97,36,107
305,276,95,36,107
306,274,92,36,107
307,275,91,36,107
308,274,94,36,107
309,273,94,36,107
310,273,91,36,107
311,273,93,36,107
312,272,91,36,107
313,274,92,36,107
314,274,94,36,107
315,273,92,36,107
316,275,93,36,107
317,274,92,36,107
318,276,90,36,107
319,277,90,36,107
320,278,90,36,107
321,278,90,36,107
322,278,90,36,107
323,278,89,36,107
324,280,90,36,107
325,280,93,36,107
326,282,93,36,107
327,283,94,36,107
328,281,93,36,107
329,279,96,36,107
330,278,94,36,107
331,280,93,36,107
332,279,91,36,107
333,279,89,36,107
334,278,88,36,107
335,277,87,36,107
336,277,86,36,107
337,276,85,36,107
338,277,88,36,107
339,279,91,36,107
340,277,88,36,107
341,277,88,36,107
342,274,85,36,107
343,276,89,36,107
344,275,87,36,107
345,277,88,36,107
346,276,86,36,107
347,278,89,36,107
348,278,91,36,107
349,280,90,36,107
350,282,88,36,107
351,284,89,36,107
352,283,86,36,107
353,282,83,36,107
354,284,87,36,107
355,282,82,36,107
356,283,85,36,107
357,283,83,36,107
358,283,81,36,107
359,281,80,36,107
360,280,80,36,107
361,280,82,36,107
362,280,79,36,107
363,283,81,36,107
364,285,82,36,107
365,283,85,36,107
366,284,83,36,107
367,286,83,36,107
368,287,82,36,107
369,287,80,36,107
370,287,79,36,107
371,288,82,36,107
372,289,81,36,107
373,290,79,36,107
374,289,82,36,107
375,289,81,36,107
376,290,82,36,107
377,292,81,36,107
378,292,78,36,107
379,289,76,36,107
380,288,74,36,107
381,287,73,36,107
382,287,71,36,107
383,287,70,36,107
384,286,71,36,107
385,287,67,36,107
386,288,66,36,107
387,287,67,36,107
388,287,64,36,107
389,286,64,36,107
390,289,63,36,107
391,289,65,36,107
392,287,69,36,107
393,285,70,36,107
394,288,69,36,107
395,288,70,36,107
396,290,71,36,107
397,290,71,36,107
398,289,70,36,107
399,291,71,36,107
400,290,73,36,107
401,289,71,36,107
402,291,71,36,107
403,292,72,36,107
404,291,72,36,107
405,292,70,36,107
406,294,73,36,107
407,295,72,36,107
408,298,73,36,107
409,299,73,36,107
410,296,73,36,107
