08-Clutter 2
1,595,266,39,57
2,593,272,39,57
3,594,279,39,57
4,593,285,39,57
5,594,287,39,57
6,592,289,39,57
7,592,288,39,57
8,593,290,39,57
9,595,288,39,57
10,596,282,39,57
11,595,280,39,57
12,596,276,39,57
13,597,269,39,57
14,598,268,39,57
15,599,269,39,57
16,598,274,39,57
17,602,277,39,57
18,606,282,39,57
19,609,281,39,57
20,610,281,39,57
21,610,278,39,57
22,614,274,39,57
23,619,269,39,57
24,625,263,39,57
25,631,256,39,57
26,634,249,39,57
27,640,242,39,57
28,646,240,39,57
29,653,241,39,57
30,657,244,39,57
31,659,250,39,57
32,661,256,39,57
33,663,259,39,57
34,664,257,39,57
35,665,254,39,57
36,668,252,39,57
37,677,247,39,57
38,680,242,39,57
39,685,235,39,57
40,691,225,39,57
41,694,222,39,57
42,699,221,39,57
43,702,225,39,57
44,702,228,39,57
45,705,237,39,57
46,707,243,39,57
47,710,249,39,57
48,713,252,39,57
49,716,253,39,57
50,717,253,39,57
51,717,250,39,57
52,717,247,39,57
53,718,240,39,57
54,718,234,39,57
55,717,230,39,57
56,718,231,39,57
57,716,234,39,57
58,716,239,39,57
59,711,245,39,57
60,707,252,39,57
61,710,257,39,57
62,707,259,39,57
63,701,259,39,57
64,696,259,39,57
65,692,264,39,57
66,689,265,39,57
67,687,262,39,57
68,684,255,39,57
69,685,246,39,57
70,685,240,39,57
