08-Clutter 1
1,463,632,29,39
2,465,631,29,39
3,467,632,29,39
4,466,633,29,39
5,469,633,29,39
6,469,633,29,39
7,472,633,29,39
8,470,631,29,39
9,469,634,29,39
10,469,632,29,39
11,469,633,29,39
12,470,632,29,39
13,471,634,29,39
14,471,636,29,39
15,470,635,29,39
16,468,636,29,39
17,468,637,29,39
18,468,640,29,39
19,467,639,29,39
20,466,640,29,39
21,465,641,29,39
22,464,641,29,39
23,465,641,29,39
24,465,642,29,39
25,465,643,29,39
26,464,643,29,39
27,464,646,29,39
28,463,648,29,39
29,465,648,29,39
30,465,649,29,39
31,465,649,29,39
32,466,651,29,39
33,469,652,29,39
34,469,653,29,39
35,469,653,29,39
36,470,656,29,39
37,470,657,29,39
38,471,659,29,39
39,474,660,29,39
40,474,662,29,39
41,476,663,29,39
42,476,662,29,39
43,476,665,29,39
44,476,664,29,39
45,474,665,29,39
46,474,666,29,39
47,474,667,29,39
48,475,668,29,39
49,476,667,29,39
50,474,666,29,39
51,477,667,29,39
52,477,668,29,39
53,478,668,29,39
54,476,670,29,39
55,474,669,29,39
56,475,668,29,39
57,477,668,29,39
58,480,669,29,39
59,482,668,29,39
60,483,669,29,39
61,485,668,29,39
62,485,668,29,39
63,488,666,29,39
64,489,666,29,39
65,489,664,29,39
66,486,662,29,39
67,489,661,29,39
68,491,659,29,39
69,492,659,29,39
70,490,657,29,39
71,492,654,29,39
72,493,653,29,39
73,490,652,29,39
74,488,650,29,39
75,489,650,29,39
76,487,650,29,39
77,486,648,29,39
78,484,649,29,39
79,483,648,29,39
80,484,648,29,39
81,483,649,29,39
82,486,649,29,39
83,489,648,29,39
84,492,650,29,39
85,495,650,29,39
86,497,651,29,39
87,498,653,29,39
88,494,655,29,39
89,496,656,29,39
90,498,655,29,39
91,501,655,29,39
92,504,655,29,39
93,504,656,29,39
94,503,657,29,39
95,506,656,29,39
96,506,655,29,39
97,506,653,29,39
98,508,651,29,39
99,505,650,29,39
100,503,648,29,39
101,500,649,29,39
102,500,649,29,39
103,498,647,29,39
104,500,646,29,39
105,503,645,29,39
106,503,647,29,39
107,503,645,29,39
108,506,645,29,39
109,504,645,29,39
110,503,644,29,39
111,502,643,29,39
112,502,644,29,39
113,501,645,29,39
114,502,644,29,39
115,503,645,29,39
116,502,644,29,39
117,500,644,29,39
118,499,644,29,39
119,496,643,29,39
120,497,645,29,39
121,498,644,29,39
122,501,643,29,39
123,500,644,29,39
124,498,645,29,39
125,501,644,29,39
126,504,644,29,39
127,504,645,29,39
128,503,647,29,39
129,503,646,29,39
130,502,646,29,39
131,502,645,29,39
132,501,649,29,39
133,502,646,29,39
134,498,647,29,39
135,500,645,29,39
136,497,644,29,39
137,500,644,29,39
138,499,644,29,39
139,498,647,29,39
140,499,645,29,39
141,501,645,29,39
142,505,645,29,39
143,504,647,29,39
144,506,647,29,39
145,507,648,29,39
146,509,648,29,39
147,508,650,29,39
148,508,650,29,39
149,506,651,29,39
150,505,654,29,39
151,504,652,29,39
152,503,652,29,39
153,503,651,29,39
154,502,650,29,39
155,499,651,29,39
156,497,652,29,39
157,499,650,29,39
158,500,650,29,39
159,497,649,29,39
160,495,648,29,39
161,496,648,29,39
162,499,647,29,39
163,499,649,29,39
164,499,648,29,39
165,495,647,29,39
166,496,646,29,39
167,495,644,29,39
168,495,644,29,39
169,492,644,29,39
170,490,647,29,39
171,490,647,29,39
172,491,647,29,39
173,491,648,29,39
174,490,648,29,39
175,492,649,29,39
176,493,650,29,39
177,491,650,29,39
178,489,652,29,39
179,488,651,29,39
180,486,652,29,39
181,489,653,29,39
182,492,653,29,39
183,490,655,29,39
184,493,654,29,39
185,494,655,29,39
186,496,656,29,39
187,495,655,29,39
188,498,655,29,39
189,496,657,29,39
190,496,655,29,39
191,496,656,29,39
192,499,656,29,39
193,499,657,29,39
194,495,658,29,39
195,496,658,29,39
196,495,658,29,39
197,491,658,29,39
198,490,660,29,39
199,490,661,29,39
200,489,661,29,39
201,491,662,29,39
202,490,662,29,39
203,490,664,29,39
204,487,665,29,39
205,484,665,29,39
206,484,667,29,39
207,482,666,29,39
208,479,665,29,39
209,477,665,29,39
210,476,665,29,39
211,473,665,29,39
212,471,664,29,39
213,471,663,29,39
214,472,662,29,39
215,470,661,29,39
216,470,662,29,39
217,471,661,29,39
218,471,661,29,39
219,470,661,29,39
220,470,662,29,39
221,472,661,29,39
222,475,660,29,39
223,473,660,29,39
224,474,659,29,39
225,472,659,29,39
226,473,659,29,39
227,472,659,29,39
228,474,660,29,39
229,474,661,29,39
230,474,660,29,39
231,477,659,29,39
232,479,659,29,39
233,481,659,29,39
234,480,660,29,39
235,481,657,29,39
236,478,657,29,39
237,479,658,29,39
238,476,657,29,39
239,472,657,29,39
240,471,656,29,39
241,470,656,29,39
242,472,657,29,39
243,473,656,29,39
244,471,657,29,39
245,471,659,29,39
246,471,657,29,39
247,472,658,29,39
248,471,659,29,39
249,473,659,29,39
250,472,660,29,39
251,470,659,29,39
252,467,659,29,39
253,469,659,29,39
254,472,659,29,39
255,472,659,29,39
256,473,660,29,39
257,474,660,29,39
258,472,661,29,39
259,472,662,29,39
260,468,663,29,39
261,469,663,29,39
262,472,663,29,39
263,471,663,29,39
264,472,665,29,39
265,472,666,29,39
266,472,667,29,39
267,474,668,29,39
268,472,667,29,39
269,471,667,29,39
270,468,668,29,39
271,470,666,29,39
272,468,665,29,39
273,469,665,29,39
274,469,666,29,39
275,468,665,29,39
276,469,663,29,39
277,465,663,29,39
278,465,665,29,39
279,466,661,29,39
280,465,663,29,39
281,463,662,29,39
282,465,661,29,39
283,468,662,29,39
284,468,661,29,39
285,468,662,29,39
286,469,661,29,39
287,472,661,29,39
288,472,662,29,39
289,473,662,29,39
290,472,662,29,39
291,472,663,29,39
292,469,662,29,39
293,469,663,29,39
294,472,661,29,39
295,473,661,29,39
296,470,661,29,39
297,468,659,29,39
298,466,660,29,39
299,464,660,29,39
300,464,661,29,39
