09-Confusion 32
1,170,382,61,64
2,175,374,61,64
3,182,373,61,64
4,187,369,61,64
5,195,364,61,64
6,202,362,61,64
7,222,355,61,64
8,229,350,61,64
9,234,350,61,64
10,240,349,61,64
11,250,347,61,64
12,264,336,61,64
13,272,333,61,64
14,275,333,61,64
15,280,331,61,64
16,292,328,61,64
17,305,321,61,64
18,311,317,61,64
19,315,314,61,64
20,325,312,61,64
21,332,309,61,64
22,340,300,61,64
23,346,298,61,64
24,347,296,61,64
25,352,292,61,64
26,355,291,61,64
27,359,286,61,64
28,361,283,61,64
29,368,281,61,64
30,371,281,61,64
31,374,282,61,64
32,380,279,61,64
33,383,278,61,64
34,386,275,61,64
35,390,271,61,64
36,394,266,61,64
37,399,262,61,64
38,402,261,61,64
39,405,259,61,64
40,409,257,61,64
41,413,255,61,64
42,418,249,61,64
43,425,249,61,64
44,430,249,61,64
45,434,249,61,64
46,438,245,61,64
47,442,242,61,64
48,444,241,61,64
49,445,238,61,64
50,449,235,61,64
51,451,233,61,64
52,458,233,61,64
53,465,233,61,64
54,469,232,61,64
55,471,230,61,64
56,473,230,61,64
57,480,226,61,64
58,480,226,61,64
59,482,225,61,64
60,486,223,61,64
61,493,223,61,64
62,498,219,61,64
63,502,218,61,64
64,507,215,61,64
65,512,213,61,64
66,516,211,61,64
67,521,210,61,64
68,526,209,61,64
69,530,212,61,64
70,533,213,61,64
71,533,215,61,64
72,537,211,61,64
73,540,211,61,64
74,542,212,61,64
75,547,212,61,64
76,548,212,61,64
77,554,209,61,64
78,558,209,61,64
79,562,207,61,64
80,566,205,61,64
81,571,202,61,64
82,578,201,61,64
83,582,199,61,64
84,584,197,61,64
85,585,196,61,64
86,585,194,61,64
87,588,191,61,64
88,590,190,61,64
89,590,189,61,64
90,591,189,61,64
91,593,188,61,64
92,596,186,61,64
93,597,184,61,64
94,598,185,61,64
95,601,183,61,64
96,602,179,61,64
97,604,176,61,64
98,606,176,61,64
99,606,178,61,64
100,607,176,61,64
101,608,178,61,64
102,610,177,61,64
103,611,175,61,64
104,612,176,61,64
105,612,174,61,64
106,614,171,61,64
107,614,172,61,64
108,614,175,61,64
109,614,178,61,64
110,615,176,61,64
111,613,173,61,64
112,614,170,61,64
113,614,167,61,64
114,614,168,61,64
115,613,166,61,64
116,613,164,61,64
117,610,163,61,64
118,608,165,61,64
119,606,165,61,64
120,606,163,61,64
121,606,165,61,64
122,603,165,61,64
123,604,163,61,64
124,604,164,61,64
125,602,168,61,64
126,600,169,61,64
127,598,172,61,64
128,598,173,61,64
129,597,172,61,64
130,597,172,61,64
131,595,172,61,64
132,591,171,61,64
133,586,172,61,64
134,584,172,61,64
135,580,170,61,64
136,579,171,61,64
137,574,175,61,64
138,570,177,61,64
139,567,180,61,64
140,562,182,61,64
141,561,185,61,64
142,558,189,61,64
143,555,191,61,64
144,553,194,61,64
145,553,198,61,64
146,553,199,61,64
147,549,201,61,64
148,549,202,61,64
149,551,205,61,64
150,552,209,61,64
151,549,215,61,64
152,548,219,61,64
153,546,221,61,64
154,547,224,61,64
155,547,224,61,64
156,546,227,61,64
157,545,231,61,64
158,547,233,61,64
159,548,237,61,64
160,548,242,61,64
161,547,242,61,64
162,547,245,61,64
163,549,246,61,64
164,549,248,61,64
165,548,251,61,64
166,548,254,61,64
167,552,260,61,64
168,553,263,61,64
169,556,266,61,64
170,557,268,61,64
171,556,268,61,64
172,552,275,61,64
173,552,279,61,64
174,551,282,61,64
175,550,283,61,64
176,548,286,61,64
177,547,293,61,64
178,544,294,61,64
179,542,298,61,64
180,543,302,61,64
181,544,307,61,64
182,543,313,61,64
183,545,317,61,64
184,544,320,61,64
185,545,321,61,64
186,545,322,61,64
187,542,327,61,64
188,535,332,61,64
189,532,334,61,64
190,529,336,61,64
191,529,344,61,64
192,525,348,61,64
193,524,354,61,64
194,524,358,61,64
195,524,362,61,64
196,523,369,61,64
197,523,374,61,64
198,525,380,61,64
199,527,388,61,64
200,529,389,61,64
