09-Confusion 2
3,459,18,52,80
4,458,19,52,80
5,459,24,52,80
6,461,25,52,80
7,462,27,52,80
8,464,29,52,80
9,464,35,52,80
10,463,38,52,80
11,462,44,52,80
12,461,48,52,80
13,460,55,52,80
14,457,61,52,80
15,458,67,52,80
16,457,74,52,80
17,455,78,52,80
18,457,82,52,80
19,456,88,52,80
20,455,92,52,80
21,458,93,52,80
22,459,93,52,80
23,458,96,52,80
24,457,98,52,80
25,460,100,52,80
26,461,106,52,80
27,462,111,52,80
28,459,115,52,80
29,460,121,52,80
30,458,127,52,80
31,459,128,52,80
32,460,127,52,80
33,460,126,52,80
34,460,129,52,80
35,463,127,52,80
36,461,129,52,80
37,459,131,52,80
38,459,136,52,80
39,458,140,52,80
40,459,143,52,80
41,459,148,52,80
42,458,153,52,80
43,459,158,52,80
44,461,163,52,80
45,461,167,52,80
46,462,169,52,80
47,463,169,52,80
48,464,173,52,80
49,463,177,52,80
50,464,183,52,80
51,464,182,52,80
52,465,184,52,80
53,467,184,52,80
54,466,185,52,80
55,467,187,52,80
56,468,192,52,80
57,469,198,52,80
58,472,201,52,80
59,474,206,52,80
60,473,209,52,80
61,471,213,52,80
62,472,218,52,80
63,473,219,52,80
64,472,224,52,80
65,471,228,52,80
66,472,229,52,80
67,473,230,52,80
68,473,231,52,80
69,474,232,52,80
70,474,234,52,80
71,475,239,52,80
72,472,242,52,80
73,469,246,52,80
74,469,246,52,80
75,469,247,52,80
76,468,250,52,80
77,470,255,52,80
78,470,256,52,80
79,466,257,52,80
80,466,258,52,80
81,467,262,52,80
82,466,267,52,80
83,464,271,52,80
84,461,277,52,80
85,459,283,52,80
86,458,288,52,80
87,459,292,52,80
88,461,294,52,80
89,462,298,52,80
90,464,300,52,80
91,465,303,52,80
92,467,308,52,80
93,470,311,52,80
94,470,313,52,80
95,469,315,52,80
96,466,318,52,80
97,468,322,52,80
98,466,328,52,80
99,463,332,52,80
100,463,335,52,80
101,464,337,52,80
102,461,339,52,80
103,460,344,52,80
104,460,345,52,80
105,460,350,52,80
106,459,352,52,80
107,458,357,52,80
108,457,359,52,80
109,456,361,52,80
110,456,366,52,80
111,456,367,52,80
112,456,372,52,80
113,453,374,52,80
114,450,377,52,80
115,447,379,52,80
116,447,383,52,80
117,445,383,52,80
118,445,389,52,80
119,445,391,52,80
120,445,391,52,80
121,444,394,52,80
122,445,394,52,80
123,444,396,52,80
124,443,399,52,80
125,439,406,52,80
126,435,412,52,80
127,436,415,52,80
128,437,415,52,80
129,435,417,52,80
130,435,420,52,80
131,436,425,52,80
132,434,426,52,80
133,432,431,52,80
134,431,434,52,80
135,428,441,52,80
136,428,441,52,80
137,429,444,52,80
138,428,449,52,80
139,426,453,52,80
140,423,456,52,80
141,422,460,52,80
142,421,463,52,80
143,418,467,52,80
144,417,472,52,80
145,414,472,52,80
146,410,475,52,80
147,408,479,52,80
148,405,481,52,80
149,405,481,52,80
150,401,487,52,80
151,402,491,52,80
152,401,494,52,80
153,399,495,52,80
154,396,497,52,80
155,395,499,52,80
156,395,500,52,80
157,392,505,52,80
158,390,512,52,80
159,388,516,52,80
160,384,521,52,80
161,384,522,52,80
162,385,523,52,80
163,383,525,52,80
164,380,530,52,80
165,379,531,52,80
166,376,534,52,80
167,371,535,52,80
168,371,538,52,80
169,370,543,52,80
170,367,543,52,80
171,366,546,52,80
172,360,546,52,80
173,359,550,52,80
174,354,557,52,80
175,349,560,52,80
176,344,562,52,80
177,338,565,52,80
178,334,568,52,80
179,332,569,52,80
180,331,570,52,80
181,325,574,52,80
182,320,577,52,80
183,315,580,52,80
184,310,585,52,80
185,305,590,52,80
186,297,595,52,80
187,296,601,52,80
188,294,605,52,80
189,291,605,52,80
190,286,609,52,80
191,285,612,52,80
192,284,612,52,80
193,279,615,52,80
