09-Confusion 25
4,333,354,22,31
5,335,354,22,31
6,338,355,22,31
7,340,357,22,31
8,344,357,22,31
9,346,357,22,31
10,348,357,22,31
11,351,355,22,31
12,353,357,22,31
13,355,357,22,31
14,358,357,22,31
15,359,356,22,31
16,362,355,22,31
17,364,355,22,31
18,365,355,22,31
19,365,354,22,31
20,368,354,22,31
21,370,356,22,31
22,372,358,22,31
23,373,358,22,31
24,376,359,22,31
25,376,359,22,31
26,380,358,22,31
27,383,357,22,31
28,385,358,22,31
29,389,359,22,31
30,391,361,22,31
31,393,361,22,31
32,395,363,22,31
33,397,365,22,31
34,398,365,22,31
35,400,367,22,31
36,402,366,22,31
37,405,365,22,31
38,407,367,22,31
39,409,367,22,31
40,411,365,22,31
41,413,364,22,31
42,415,364,22,31
43,416,363,22,31
44,419,361,22,31
45,422,361,22,31
46,424,363,22,31
47,426,363,22,31
48,429,363,22,31
49,430,362,22,31
50,432,362,22,31
51,433,363,22,31
52,435,362,22,31
53,437,362,22,31
54,439,362,22,31
55,441,362,22,31
56,444,363,22,31
57,448,363,22,31
58,452,364,22,31
59,455,363,22,31
60,458,363,22,31
61,440,343,22,31
62,442,343,22,31
63,444,342,22,31
64,444,341,22,31
65,446,341,22,31
66,448,341,22,31
67,450,341,22,31
68,452,342,22,31
69,452,342,22,31
70,454,342,22,31
71,456,342,22,31
72,458,343,22,31
73,459,343,22,31
74,462,341,22,31
75,464,340,22,31
76,466,339,22,31
77,468,340,22,31
78,470,341,22,31
79,472,341,22,31
80,472,340,22,31
81,474,340,22,31
82,476,339,22,31
83,479,339,22,31
84,481,338,22,31
85,484,338,22,31
86,487,336,22,31
87,489,336,22,31
88,491,334,22,31
89,493,334,22,31
90,494,333,22,31
91,496,332,22,31
92,496,330,22,31
93,498,330,22,31
94,499,331,22,31
95,501,331,22,31
96,503,330,22,31
97,505,331,22,31
98,507,330,22,31
99,509,329,22,31
100,511,329,22,31
101,513,328,22,31
102,513,327,22,31
103,514,327,22,31
104,516,326,22,31
105,517,327,22,31
106,519,326,22,31
107,521,325,22,31
108,523,325,22,31
109,526,324,22,31
110,528,325,22,31
111,530,325,22,31
112,532,325,22,31
113,534,324,22,31
114,537,323,22,31
115,539,322,22,31
116,540,323,22,31
117,542,323,22,31
118,545,324,22,31
119,547,323,22,31
120,550,323,22,31
121,552,322,22,31
122,554,321,22,31
123,556,320,22,31
124,558,318,22,31
125,560,317,22,31
126,561,317,22,31
127,562,318,22,31
128,564,318,22,31
129,566,317,22,31
130,568,316,22,31
131,570,314,22,31
132,570,314,22,31
133,572,313,22,31
134,573,314,22,31
135,575,313,22,31
136,577,312,22,31
137,579,311,22,31
138,582,310,22,31
139,584,311,22,31
140,585,313,22,31
141,587,313,22,31
142,588,314,22,31
143,590,314,22,31
144,592,313,22,31
145,593,313,22,31
146,595,312,22,31
147,597,312,22,31
148,597,310,22,31
149,597,311,22,31
150,598,312,22,31
151,597,311,22,31
152,599,311,22,31
153,601,311,22,31
154,603,311,22,31
155,605,310,22,31
156,606,310,22,31
157,605,308,22,31
158,606,308,22,31
159,608,308,22,31
160,610,308,22,31
161,612,308,22,31
162,614,308,22,31
163,616,308,22,31
164,619,308,22,31
165,619,306,22,31
166,621,305,22,31
167,621,305,22,31
168,624,304,22,31
169,625,305,22,31
170,626,304,22,31
171,628,304,22,31
172,630,304,22,31
173,631,304,22,31
174,632,304,22,31
175,634,302,22,31
176,634,301,22,31
177,636,301,22,31
178,637,302,22,31
179,637,301,22,31
180,637,300,22,31
181,637,298,22,31
182,637,298,22,31
183,638,298,22,31
184,638,296,22,31
185,639,296,22,31
186,642,296,22,31
187,644,296,22,31
188,645,295,22,31
189,647,295,22,31
190,647,293,22,31
191,649,293,22,31
192,650,293,22,31
193,651,293,22,31
194,652,293,22,31
195,653,293,22,31
