09-Confusion 35
4,266,111,92,211
5,259,115,92,211
6,258,125,92,211
7,256,131,92,211
8,258,130,92,211
9,259,131,92,211
10,258,137,92,211
11,258,142,92,211
12,258,137,92,211
13,260,146,92,211
14,263,149,92,211
15,260,151,92,211
16,260,146,92,211
17,264,152,92,211
18,264,149,92,211
19,262,148,92,211
20,265,142,92,211
21,264,144,92,211
22,264,144,92,211
23,269,148,92,211
24,269,148,92,211
25,268,148,92,211
26,272,153,92,211
27,270,158,92,211
28,271,168,92,211
29,264,168,92,211
30,263,177,92,211
31,260,183,92,211
32,256,184,92,211
33,252,189,92,211
34,251,200,92,211
35,246,206,92,211
36,242,214,92,211
37,242,214,92,211
38,242,218,92,211
39,242,217,92,211
40,239,217,92,211
41,239,213,92,211
42,237,213,92,211
43,236,216,92,211
44,236,211,92,211
45,238,216,92,211
46,241,215,92,211
47,241,221,92,211
48,240,218,92,211
49,240,210,92,211
50,243,213,92,211
51,245,197,92,211
52,249,211,92,211
53,252,211,92,211
54,251,208,92,211
55,254,216,92,211
56,254,217,92,211
57,255,204,92,211
58,257,205,92,211
59,254,191,92,211
60,256,184,92,211
61,258,204,92,211
62,257,201,92,211
63,257,199,92,211
64,257,198,92,211
65,263,206,92,211
66,264,206,92,211
67,264,203,92,211
68,267,204,92,211
69,269,199,92,211
70,269,198,92,211
71,266,202,92,211
72,266,194,92,211
73,261,190,92,211
74,253,174,92,211
75,247,176,92,211
76,242,180,92,211
77,244,183,92,211
78,241,185,92,211
79,236,184,92,211
80,233,190,92,211
81,227,190,92,211
82,225,194,92,211
83,217,187,92,211
84,219,187,92,211
85,215,181,92,211
86,213,168,92,211
87,210,157,92,211
88,211,142,92,211
89,208,145,92,211
90,210,152,92,211
91,208,151,92,211
92,198,150,92,211
93,196,146,92,211
94,197,170,92,211
95,195,166,92,211
96,197,166,92,211
97,203,175,92,211
98,209,185,92,211
99,216,192,92,211
100,220,193,92,211
101,218,183,92,211
102,221,175,92,211
103,219,176,92,211
104,223,187,92,211
105,221,193,92,211
106,225,196,92,211
107,221,188,92,211
108,222,186,92,211
109,218,178,92,211
