09-Confusion 20
2,895,178,32,57
3,894,177,32,57
4,893,175,32,57
5,892,177,32,57
6,891,175,32,57
7,889,177,32,57
8,889,179,32,57
9,888,177,32,57
10,888,174,32,57
11,888,172,32,57
12,887,170,32,57
13,887,167,32,57
14,886,169,32,57
15,886,170,32,57
16,886,168,32,57
17,886,166,32,57
18,886,171,32,57
19,885,173,32,57
20,884,172,32,57
21,883,172,32,57
22,884,175,32,57
23,884,175,32,57
24,883,175,32,57
25,883,174,32,57
26,883,172,32,57
27,882,174,32,57
28,883,175,32,57
29,883,177,32,57
30,883,176,32,57
31,882,175,32,57
32,880,175,32,57
33,880,177,32,57
34,881,177,32,57
35,882,176,32,57
36,880,176,32,57
37,880,177,32,57
38,880,177,32,57
39,880,177,32,57
40,878,178,32,57
41,876,180,32,57
42,876,182,32,57
43,875,181,32,57
44,874,182,32,57
45,874,182,32,57
46,872,181,32,57
47,871,181,32,57
48,870,184,32,57
49,869,185,32,57
50,869,184,32,57
51,868,182,32,57
52,867,180,32,57
53,864,180,32,57
54,865,182,32,57
55,864,187,32,57
56,863,189,32,57
57,862,188,32,57
58,860,192,32,57
59,859,191,32,57
60,857,193,32,57
61,857,191,32,57
62,855,191,32,57
63,853,192,32,57
64,851,194,32,57
65,850,196,32,57
66,849,195,32,57
67,849,196,32,57
68,847,196,32,57
69,845,196,32,57
70,845,198,32,57
71,845,196,32,57
72,843,199,32,57
73,842,197,32,57
74,841,195,32,57
75,837,195,32,57
76,835,197,32,57
77,834,199,32,57
78,834,200,32,57
79,833,196,32,57
80,832,197,32,57
81,833,197,32,57
82,831,200,32,57
83,830,198,32,57
84,829,196,32,57
85,828,198,32,57
86,829,197,32,57
87,828,197,32,57
88,828,195,32,57
89,829,194,32,57
90,828,192,32,57
91,826,192,32,57
92,826,192,32,57
93,825,190,32,57
94,825,193,32,57
95,824,195,32,57
96,824,193,32,57
97,823,194,32,57
98,820,193,32,57
99,820,191,32,57
100,820,190,32,57
101,821,189,32,57
102,820,187,32,57
103,820,189,32,57
104,819,189,32,57
105,819,189,32,57
106,817,189,32,57
107,815,192,32,57
108,813,190,32,57
109,811,188,32,57
110,807,187,32,57
111,807,187,32,57
112,807,188,32,57
113,804,189,32,57
114,804,189,32,57
115,802,188,32,57
116,800,186,32,57
117,799,189,32,57
118,797,189,32,57
119,797,188,32,57
120,796,190,32,57
121,796,191,32,57
122,793,191,32,57
123,792,193,32,57
124,791,190,32,57
125,789,190,32,57
126,787,191,32,57
127,786,193,32,57
128,784,195,32,57
129,783,197,32,57
130,781,197,32,57
131,779,199,32,57
132,778,197,32,57
133,778,199,32,57
134,778,198,32,57
135,778,195,32,57
136,776,198,32,57
137,775,201,32,57
138,774,204,32,57
139,772,206,32,57
140,770,206,32,57
141,769,204,32,57
142,768,206,32,57
143,767,207,32,57
144,765,210,32,57
145,764,207,32,57
146,763,205,32,57
147,760,209,32,57
148,760,208,32,57
149,759,205,32,57
150,759,201,32,57
151,758,198,32,57
152,758,200,32,57
153,755,202,32,57
154,754,203,32,57
155,753,208,32,57
156,751,212,32,57
157,750,210,32,57
158,748,208,32,57
159,747,213,32,57
160,745,212,32,57
161,744,214,32,57
162,743,212,32,57
163,741,217,32,57
164,740,218,32,57
165,740,219,32,57
166,737,218,32,57
167,736,217,32,57
168,736,217,32,57
169,736,215,32,57
170,735,213,32,57
171,733,215,32,57
172,732,212,32,57
173,730,209,32,57
174,729,207,32,57
175,728,210,32,57
176,726,213,32,57
177,724,212,32,57
178,722,214,32,57
179,719,217,32,57
180,717,218,32,57
181,715,222,32,57
182,713,224,32,57
183,712,221,32,57
184,709,223,32,57
185,707,225,32,57
186,706,223,32,57
187,704,220,32,57
188,701,222,32,57
189,699,225,32,57
190,697,223,32,57
191,696,225,32,57
192,695,221,32,57
193,693,220,32,57
194,692,218,32,57
195,691,222,32,57
196,689,225,32,57
197,687,229,32,57
198,686,232,32,57
199,684,233,32,57
200,684,232,32,57
201,683,228,32,57
202,682,232,32,57
203,681,229,32,57
204,682,230,32,57
205,681,233,32,57
206,679,234,32,57
207,678,235,32,57
208,676,234,32,57
209,674,230,32,57
210,673,231,32,57
211,672,233,32,57
212,670,237,32,57
213,669,235,32,57
214,668,237,32,57
215,665,240,32,57
216,664,238,32,57
217,664,239,32,57
218,663,242,32,57
219,660,241,32,57
220,658,244,32,57
221,655,241,32,57
222,654,236,32,57
223,652,240,32,57
224,651,239,32,57
225,648,240,32,57
226,646,241,32,57
227,645,241,32,57
228,643,242,32,57
229,641,246,32,57
230,640,250,32,57
231,637,251,32,57
232,635,251,32,57
233,635,251,32,57
234,634,249,32,57
235,633,252,32,57
236,632,255,32,57
237,631,254,32,57
238,628,255,32,57
