09-Confusion 3
182,458,25,39,64
183,458,26,39,64
184,455,27,39,64
185,455,27,39,64
186,458,31,39,64
187,461,36,39,64
188,463,36,39,64
189,467,36,39,64
190,470,37,39,64
191,469,40,39,64
192,469,40,39,64
193,469,41,39,64
194,469,41,39,64
195,473,44,39,64
196,475,45,39,64
197,480,48,39,64
198,484,51,39,64
199,485,51,39,64
200,485,52,39,64
201,487,56,39,64
202,488,57,39,64
203,490,56,39,64
204,492,57,39,64
205,493,59,39,64
206,493,58,39,64
207,496,55,39,64
208,496,55,39,64
209,498,53,39,64
210,503,53,39,64
211,507,54,39,64
212,510,50,39,64
213,515,51,39,64
214,516,52,39,64
215,517,56,39,64
216,518,56,39,64
217,516,60,39,64
218,515,66,39,64
219,513,66,39,64
220,513,66,39,64
221,514,70,39,64
222,516,72,39,64
223,513,71,39,64
224,510,72,39,64
225,510,72,39,64
226,510,74,39,64
227,510,74,39,64
228,513,76,39,64
229,509,75,39,64
230,508,75,39,64
231,508,76,39,64
232,504,75,39,64
233,504,75,39,64
234,505,77,39,64
235,504,79,39,64
236,503,79,39,64
237,503,83,39,64
238,505,87,39,64
239,506,88,39,64
240,505,88,39,64
241,508,92,39,64
242,510,95,39,64
243,511,96,39,64
244,517,102,39,64
245,516,103,39,64
246,514,102,39,64
247,514,103,39,64
248,513,104,39,64
249,515,108,39,64
250,514,115,39,64
251,512,114,39,64
252,512,119,39,64
253,511,119,39,64
254,511,120,39,64
255,512,120,39,64
256,512,125,39,64
257,512,126,39,64
258,512,127,39,64
259,512,127,39,64
260,513,128,39,64
261,516,129,39,64
262,518,130,39,64
263,518,130,39,64
264,519,132,39,64
265,517,132,39,64
266,517,133,39,64
267,519,136,39,64
268,521,138,39,64
269,523,141,39,64
270,522,141,39,64
271,524,142,39,64
272,527,146,39,64
273,528,148,39,64
274,530,149,39,64
275,530,150,39,64
276,531,148,39,64
277,531,148,39,64
278,534,151,39,64
279,532,153,39,64
280,533,157,39,64
281,532,162,39,64
282,531,166,39,64
283,533,169,39,64
284,533,173,39,64
285,531,171,39,64
286,531,175,39,64
287,531,177,39,64
288,533,179,39,64
289,534,183,39,64
290,535,182,39,64
291,535,182,39,64
292,535,186,39,64
293,534,190,39,64
294,534,196,39,64
295,533,202,39,64
296,534,208,39,64
297,533,212,39,64
298,532,215,39,64
299,530,215,39,64
300,530,216,39,64
301,531,220,39,64
302,530,223,39,64
303,532,232,39,64
304,532,234,39,64
305,530,237,39,64
306,531,240,39,64
307,531,239,39,64
308,531,239,39,64
309,529,241,39,64
310,530,242,39,64
311,530,247,39,64
312,530,249,39,64
313,531,255,39,64
314,534,261,39,64
315,534,259,39,64
316,535,265,39,64
317,536,267,39,64
318,536,268,39,64
319,535,269,39,64
320,536,266,39,64
321,533,269,39,64
322,532,272,39,64
323,531,277,39,64
324,532,282,39,64
325,532,286,39,64
326,534,293,39,64
327,534,293,39,64
328,532,298,39,64
329,534,301,39,64
330,532,300,39,64
331,531,303,39,64
332,531,309,39,64
333,530,314,39,64
334,531,316,39,64
335,531,317,39,64
336,531,320,39,64
337,533,324,39,64
338,532,327,39,64
339,533,330,39,64
340,533,335,39,64
341,533,342,39,64
342,535,345,39,64
343,533,347,39,64
