09-Confusion 34
42,152,271,138,32
43,167,267,138,32
44,166,268,138,32
45,175,267,138,32
46,180,268,138,32
47,178,267,138,32
48,175,268,138,32
49,174,268,138,32
50,181,266,138,32
51,179,266,138,32
52,180,266,138,32
53,188,266,138,32
54,183,267,138,32
55,180,268,138,32
56,180,269,138,32
57,179,269,138,32
58,176,271,138,32
59,179,272,138,32
60,179,271,138,32
61,184,271,138,32
62,186,273,138,32
63,180,274,138,32
64,187,275,138,32
65,189,274,138,32
66,193,276,138,32
67,201,275,138,32
68,200,275,138,32
69,194,278,138,32
70,192,279,138,32
71,192,279,138,32
72,188,280,138,32
73,198,277,138,32
74,210,276,138,32
75,210,278,138,32
76,210,280,138,32
77,204,281,138,32
78,206,280,138,32
79,206,280,138,32
80,212,279,138,32
81,217,280,138,32
82,213,280,138,32
83,213,281,138,32
84,209,282,138,32
85,222,281,138,32
86,216,281,138,32
87,214,280,138,32
88,225,281,138,32
89,232,282,138,32
90,230,283,138,32
91,229,283,138,32
92,229,283,138,32
93,222,283,138,32
94,225,280,138,32
95,211,282,138,32
96,199,283,138,32
97,200,281,138,32
98,195,280,138,32
99,193,279,138,32
100,193,279,138,32
101,200,279,138,32
102,199,279,138,32
103,194,279,138,32
104,210,278,138,32
105,218,277,138,32
106,217,276,138,32
107,224,276,138,32
108,224,276,138,32
109,220,277,138,32
110,215,276,138,32
111,221,276,138,32
112,231,276,138,32
113,236,275,138,32
114,238,275,138,32
115,231,276,138,32
116,241,275,138,32
117,241,274,138,32
118,235,276,138,32
119,234,274,138,32
120,239,274,138,32
121,245,271,138,32
122,245,272,138,32
123,258,271,138,32
124,257,274,138,32
125,266,273,138,32
126,272,270,138,32
127,268,270,138,32
128,277,269,138,32
129,281,270,138,32
130,291,268,138,32
131,278,271,138,32
132,284,272,138,32
133,284,272,138,32
134,292,271,138,32
135,278,273,138,32
136,279,275,138,32
137,279,275,138,32
138,284,276,138,32
139,298,273,138,32
140,304,274,138,32
141,310,275,138,32
142,341,269,138,32
143,334,270,138,32
144,335,270,138,32
145,324,274,138,32
146,328,275,138,32
147,337,274,138,32
148,342,275,138,32
149,354,273,138,32
150,346,274,138,32
151,357,273,138,32
152,366,275,138,32
153,368,277,138,32
154,364,278,138,32
155,372,277,138,32
156,382,276,138,32
157,397,273,138,32
158,393,274,138,32
159,393,274,138,32
160,408,272,138,32
161,415,273,138,32
