09-Confusion 26
4,162,75,30,88
5,163,78,30,88
6,166,79,30,88
7,170,81,30,88
8,170,82,30,88
9,170,81,30,88
10,170,80,30,88
11,172,79,30,88
12,170,78,30,88
13,169,76,30,88
14,172,74,30,88
15,172,73,30,88
16,174,72,30,88
17,177,68,30,88
18,182,67,30,88
19,184,64,30,88
20,189,62,30,88
21,194,61,30,88
22,198,62,30,88
23,202,59,30,88
24,204,63,30,88
25,210,65,30,88
26,217,68,30,88
27,224,70,30,88
28,230,75,30,88
29,233,78,30,88
30,238,80,30,88
31,244,81,30,88
32,244,82,30,88
33,246,81,30,88
34,247,82,30,88
35,248,77,30,88
36,248,74,30,88
37,251,71,30,88
38,253,66,30,88
39,254,67,30,88
40,257,65,30,88
41,260,66,30,88
42,265,66,30,88
43,270,67,30,88
44,280,69,30,88
45,288,75,30,88
46,107,127,30,88
47,110,128,30,88
48,124,129,30,88
49,127,129,30,88
50,136,130,30,88
51,136,130,30,88
52,136,130,30,88
53,134,130,30,88
54,134,131,30,88
55,136,132,30,88
56,134,132,30,88
57,133,132,30,88
58,134,131,30,88
59,131,131,30,88
60,126,132,30,88
61,128,130,30,88
62,127,130,30,88
63,126,130,30,88
64,106,123,30,88
65,85,123,30,88
66,76,123,30,88
67,83,123,30,88
68,87,123,30,88
69,87,123,30,88
70,92,121,30,88
71,95,120,30,88
72,92,120,30,88
73,87,120,30,88
74,88,119,30,88
75,89,120,30,88
76,92,121,30,88
77,89,122,30,88
78,81,122,30,88
79,90,123,30,88
80,95,123,30,88
81,91,122,30,88
82,90,119,30,88
83,94,118,30,88
