09-Confusion 13
18,31,57,25,65
19,36,59,25,65
20,37,65,25,65
21,42,66,25,65
22,45,68,25,65
23,48,70,25,65
24,53,69,25,65
25,60,69,25,65
26,66,71,25,65
27,71,72,25,65
28,78,74,25,65
29,84,77,25,65
30,91,80,25,65
31,99,82,25,65
32,105,87,25,65
33,112,92,25,65
34,119,94,25,65
35,126,95,25,65
36,130,97,25,65
37,132,99,25,65
38,135,101,25,65
39,139,104,25,65
40,140,109,25,65
41,144,110,25,65
42,146,112,25,65
43,148,119,25,65
44,152,124,25,65
45,143,137,25,65
46,164,143,25,65
47,163,160,25,65
48,161,173,25,65
49,158,186,25,65
50,149,194,25,65
51,151,204,25,65
52,149,211,25,65
53,147,217,25,65
54,149,228,25,65
55,153,236,25,65
56,157,242,25,65
57,160,249,25,65
58,166,255,25,65
59,176,261,25,65
60,178,267,25,65
61,181,273,25,65
62,415,17,25,65
