09-Confusion 18
5,463,124,16,18
6,552,532,16,18
7,553,532,16,18
8,554,532,16,18
9,669,533,16,18
10,670,533,16,18
11,670,531,16,18
12,671,531,16,18
13,671,532,16,18
14,601,360,16,18
15,601,361,16,18
16,601,361,16,18
17,602,361,16,18
18,602,361,16,18
19,603,368,16,18
20,605,368,16,18
21,605,368,16,18
22,606,368,16,18
23,605,367,16,18
24,204,162,16,18
25,205,162,16,18
26,189,228,16,18
27,190,228,16,18
28,191,228,16,18
29,191,225,16,18
30,192,225,16,18
31,189,225,16,18
32,190,225,16,18
33,189,224,16,18
34,187,225,16,18
35,187,226,16,18
36,182,226,16,18
37,183,226,16,18
38,181,225,16,18
39,182,226,16,18
40,183,226,16,18
41,184,225,16,18
42,185,225,16,18
43,184,225,16,18
44,185,225,16,18
45,186,225,16,18
46,201,415,16,18
47,202,415,16,18
48,203,415,16,18
49,205,415,16,18
50,206,415,16,18
51,217,414,16,18
52,218,414,16,18
53,219,414,16,18
54,217,414,16,18
55,218,414,16,18
56,286,305,16,18
57,287,305,16,18
58,288,305,16,18
59,288,304,16,18
60,289,304,16,18
61,285,305,16,18
62,286,305,16,18
63,287,305,16,18
64,287,305,16,18
65,288,305,16,18
66,291,308,16,18
67,292,308,16,18
68,293,308,16,18
69,292,299,16,18
70,293,299,16,18
71,294,298,16,18
72,295,298,16,18
73,296,298,16,18
74,461,91,16,18
75,462,91,16,18
76,463,93,16,18
77,464,93,16,18
78,464,93,16,18
79,463,95,16,18
80,464,95,16,18
81,242,340,16,18
82,243,340,16,18
83,244,340,16,18
84,244,335,16,18
85,245,335,16,18
