09-Confusion 29
33,1601,466,70,125
34,1590,471,70,125
35,1570,475,70,125
36,1556,475,70,125
37,1547,483,70,125
38,1537,486,70,125
39,1529,490,70,125
40,1529,493,70,125
41,1534,495,70,125
42,1531,498,70,125
43,1528,500,70,125
44,1525,504,70,125
45,1521,507,70,125
46,1522,510,70,125
47,1528,512,70,125
48,1529,513,70,125
49,1529,514,70,125
50,1531,513,70,125
51,1528,512,70,125
52,1523,513,70,125
53,1521,515,70,125
54,1518,514,70,125
55,1513,516,70,125
56,1506,518,70,125
57,1509,517,70,125
58,1500,519,70,125
59,1504,520,70,125
60,1504,523,70,125
61,1512,525,70,125
62,1516,525,70,125
63,1507,526,70,125
64,1503,526,70,125
65,1501,525,70,125
66,1505,525,70,125
67,1505,525,70,125
68,1505,525,70,125
69,1506,523,70,125
70,1508,520,70,125
71,1505,518,70,125
72,1508,519,70,125
73,1506,524,70,125
74,1504,526,70,125
75,1499,533,70,125
76,1500,534,70,125
77,1494,533,70,125
78,1488,534,70,125
79,1487,540,70,125
80,1483,542,70,125
81,1481,540,70,125
82,1476,538,70,125
83,1471,539,70,125
84,1458,537,70,125
85,1450,540,70,125
86,1442,535,70,125
87,1432,531,70,125
88,1423,523,70,125
89,1411,518,70,125
90,1402,512,70,125
91,1397,509,70,125
92,1389,502,70,125
93,1383,496,70,125
94,1378,492,70,125
95,1374,488,70,125
96,1373,484,70,125
97,1370,480,70,125
98,1365,478,70,125
99,1365,477,70,125
100,1371,473,70,125
101,1372,472,70,125
102,1371,471,70,125
103,1370,469,70,125
104,1373,464,70,125
105,1374,464,70,125
106,1375,461,70,125
107,1370,459,70,125
108,1366,454,70,125
109,1364,450,70,125
110,1363,450,70,125
111,1365,446,70,125
112,1358,442,70,125
113,1356,440,70,125
114,1351,440,70,125
115,1343,437,70,125
116,1338,437,70,125
117,1331,434,70,125
118,1321,433,70,125
119,1314,428,70,125
120,1309,428,70,125
121,1302,428,70,125
122,1296,424,70,125
