10-LowContrast 19
93,585,455,40,65
94,588,456,40,65
95,590,457,40,65
96,594,458,40,65
97,597,459,40,65
98,597,459,40,65
99,601,458,40,65
100,604,457,40,65
101,607,460,40,65
102,609,454,40,65
103,612,451,40,65
104,615,451,40,65
105,620,449,40,65
106,623,445,40,65
107,627,442,40,65
108,628,444,40,65
109,632,442,40,65
110,635,442,40,65
111,637,444,40,65
112,638,444,40,65
113,640,445,40,65
114,637,445,40,65
115,635,444,40,65
116,636,443,40,65
117,637,440,40,65
118,634,439,40,65
119,633,439,40,65
120,630,437,40,65
121,630,436,40,65
122,630,437,40,65
123,627,437,40,65
124,623,435,40,65
125,621,434,40,65
126,620,434,40,65
127,617,433,40,65
128,614,433,40,65
129,613,433,40,65
130,605,434,40,65
131,598,435,40,65
132,592,434,40,65
133,583,437,40,65
134,572,438,40,65
135,566,440,40,65
136,558,439,40,65
137,550,439,40,65
138,539,441,40,65
139,533,440,40,65
140,514,442,40,65
141,508,442,40,65
142,501,442,40,65
143,498,444,40,65
144,492,447,40,65
145,487,450,40,65
146,482,451,40,65
147,476,451,40,65
148,472,449,40,65
149,466,451,40,65
150,461,451,40,65
151,458,450,40,65
152,450,451,40,65
153,447,452,40,65
154,444,453,40,65
155,439,455,40,65
156,436,456,40,65
157,428,458,40,65
158,421,460,40,65
159,414,462,40,65
160,408,463,40,65
161,402,462,40,65
162,396,462,40,65
163,389,464,40,65
164,383,464,40,65
165,377,464,40,65
166,372,465,40,65
167,365,468,40,65
168,358,469,40,65
169,352,470,40,65
170,348,472,40,65
171,340,476,40,65
172,337,479,40,65
173,332,481,40,65
174,327,485,40,65
175,321,488,40,65
176,314,489,40,65
177,307,495,40,65
178,302,496,40,65
179,295,498,40,65
180,287,502,40,65
181,281,505,40,65
182,276,507,40,65
183,272,509,40,65
184,270,511,40,65
185,263,513,40,65
186,258,515,40,65
187,252,515,40,65
188,242,516,40,65
189,235,517,40,65
190,226,518,40,65
191,222,519,40,65
192,214,520,40,65
193,208,519,40,65
194,202,519,40,65
195,200,519,40,65
196,198,521,40,65
197,201,521,40,65
198,195,521,40,65
199,191,523,40,65
200,183,524,40,65
201,176,524,40,65
202,176,523,40,65
203,169,522,40,65
204,164,521,40,65
205,160,522,40,65
206,154,523,40,65
207,147,523,40,65
208,146,522,40,65
209,145,523,40,65
210,142,524,40,65
211,135,525,40,65
212,129,526,40,65
213,124,526,40,65
214,123,526,40,65
215,121,527,40,65
216,118,527,40,65
217,114,528,40,65
218,112,528,40,65
219,109,528,40,65
220,108,530,40,65
221,105,531,40,65
222,106,533,40,65
223,103,535,40,65
224,103,537,40,65
225,105,538,40,65
226,106,538,40,65
227,104,539,40,65
228,105,541,40,65
229,101,542,40,65
230,100,542,40,65
231,98,543,40,65
232,96,544,40,65
233,96,546,40,65
234,94,546,40,65
235,91,546,40,65
236,87,546,40,65
237,84,545,40,65
238,84,546,40,65
239,85,546,40,65
240,82,546,40,65
241,83,548,40,65
242,79,548,40,65
243,81,549,40,65
244,80,549,40,65
245,79,551,40,65
246,78,554,40,65
247,74,554,40,65
248,71,556,40,65
249,67,556,40,65
250,64,557,40,65
251,59,557,40,65
252,58,555,40,65
253,58,554,40,65
