10-LowContrast 17
62,138,409,55,90
63,139,406,55,90
64,140,408,55,90
65,141,403,55,90
66,149,401,55,90
67,147,400,55,90
68,149,398,55,90
69,148,400,55,90
70,156,403,55,90
71,157,405,55,90
72,154,408,55,90
73,152,407,55,90
74,157,410,55,90
75,155,411,55,90
76,157,408,55,90
77,154,407,55,90
78,159,412,55,90
79,161,412,55,90
80,161,413,55,90
81,162,415,55,90
82,171,422,55,90
83,173,423,55,90
84,177,423,55,90
85,178,422,55,90
86,180,424,55,90
87,179,422,55,90
88,175,424,55,90
89,175,426,55,90
90,180,425,55,90
91,183,425,55,90
92,187,422,55,90
93,187,425,55,90
94,195,424,55,90
95,196,422,55,90
96,200,422,55,90
97,202,418,55,90
98,212,413,55,90
99,214,413,55,90
100,216,416,55,90
101,213,414,55,90
102,227,414,55,90
103,228,416,55,90
104,227,421,55,90
105,227,423,55,90
106,238,417,55,90
107,238,420,55,90
108,241,423,55,90
109,241,419,55,90
110,246,419,55,90
111,245,419,55,90
112,248,417,55,90
113,248,414,55,90
114,253,415,55,90
115,251,417,55,90
116,253,418,55,90
117,254,417,55,90
118,261,418,55,90
119,263,418,55,90
120,263,420,55,90
121,261,420,55,90
122,268,420,55,90
123,269,422,55,90
124,272,423,55,90
125,270,422,55,90
126,270,425,55,90
127,268,425,55,90
128,269,426,55,90
129,271,425,55,90
130,277,429,55,90
131,277,427,55,90
132,279,425,55,90
133,281,425,55,90
134,285,421,55,90
135,287,421,55,90
136,284,424,55,90
137,285,423,55,90
138,291,420,55,90
139,291,418,55,90
140,287,418,55,90
141,288,416,55,90
142,296,415,55,90
143,294,413,55,90
144,293,409,55,90
145,293,407,55,90
146,297,410,55,90
147,295,410,55,90
148,294,415,55,90
149,294,416,55,90
150,290,412,55,90
151,290,413,55,90
152,288,413,55,90
153,287,410,55,90
154,287,411,55,90
155,284,407,55,90
156,282,410,55,90
157,281,407,55,90
158,281,411,55,90
159,281,413,55,90
160,280,414,55,90
161,279,413,55,90
162,283,411,55,90
163,283,412,55,90
164,282,411,55,90
165,278,411,55,90
166,283,412,55,90
167,282,414,55,90
168,279,410,55,90
169,280,410,55,90
170,277,408,55,90
171,278,406,55,90
172,283,406,55,90
173,284,404,55,90
174,286,403,55,90
175,283,403,55,90
176,285,400,55,90
177,285,402,55,90
178,282,403,55,90
179,283,406,55,90
180,280,411,55,90
181,281,412,55,90
182,281,414,55,90
183,276,415,55,90
184,276,413,55,90
185,276,414,55,90
186,275,413,55,90
187,275,415,55,90
188,276,414,55,90
189,278,414,55,90
190,275,413,55,90
191,278,414,55,90
192,278,412,55,90
193,278,414,55,90
194,282,415,55,90
195,284,415,55,90
196,283,413,55,90
197,283,411,55,90
198,288,416,55,90
199,286,415,55,90
200,286,418,55,90
201,283,415,55,90
202,283,418,55,90
203,282,415,55,90
204,284,418,55,90
205,280,424,55,90
206,285,427,55,90
207,286,429,55,90
208,283,429,55,90
209,283,431,55,90
210,285,435,55,90
211,287,437,55,90
212,284,439,55,90
213,285,441,55,90
214,287,441,55,90
215,284,437,55,90
216,286,441,55,90
217,283,442,55,90
218,287,440,55,90
219,289,443,55,90
220,291,444,55,90
221,291,439,55,90
222,290,435,55,90
223,289,433,55,90
224,292,434,55,90
225,294,434,55,90
226,293,434,55,90
227,294,432,55,90
228,296,433,55,90
229,298,434,55,90
230,300,430,55,90
231,300,435,55,90
232,299,430,55,90
233,295,425,55,90
234,296,422,55,90
235,297,424,55,90
236,298,421,55,90
237,296,422,55,90
238,296,419,55,90
239,298,413,55,90
240,301,414,55,90
241,300,412,55,90
242,297,408,55,90
243,296,406,55,90
244,297,401,55,90
245,297,399,55,90
246,298,399,55,90
247,298,401,55,90
248,298,405,55,90
249,297,406,55,90
250,296,410,55,90
251,296,412,55,90
252,298,410,55,90
253,293,411,55,90
254,294,412,55,90
255,296,406,55,90
256,294,407,55,90
257,294,410,55,90
258,292,410,55,90
259,295,408,55,90
260,296,407,55,90
261,298,409,55,90
262,295,417,55,90
263,294,414,55,90
264,293,412,55,90
265,295,409,55,90
266,297,410,55,90
267,296,415,55,90
268,298,415,55,90
269,299,417,55,90
270,302,418,55,90
271,301,421,55,90
272,297,421,55,90
273,298,424,55,90
274,301,429,55,90
275,300,427,55,90
276,302,428,55,90
277,300,428,55,90
278,304,423,55,90
279,303,423,55,90
280,302,423,55,90
281,302,427,55,90
282,301,426,55,90
283,302,426,55,90
284,301,429,55,90
285,301,426,55,90
286,301,424,55,90
287,301,419,55,90
288,300,424,55,90
289,303,419,55,90
290,306,412,55,90
291,309,413,55,90
292,310,406,55,90
293,310,407,55,90
294,306,409,55,90
295,305,406,55,90
296,305,414,55,90
297,303,420,55,90
298,305,418,55,90
