10-LowContrast 11
421,524,291,36,47
422,526,291,36,47
423,528,293,36,47
424,529,293,36,47
425,529,295,36,47
426,528,292,36,47
427,529,292,36,47
428,531,293,36,47
429,534,295,36,47
430,536,298,36,47
431,537,298,36,47
432,538,300,36,47
433,538,299,36,47
434,540,298,36,47
435,540,297,36,47
436,539,300,36,47
437,538,298,36,47
438,539,297,36,47
439,541,299,36,47
440,543,300,36,47
441,543,299,36,47
442,541,299,36,47
443,540,298,36,47
444,542,299,36,47
445,544,299,36,47
446,546,297,36,47
447,547,299,36,47
448,547,298,36,47
449,549,298,36,47
450,547,296,36,47
451,548,297,36,47
452,550,296,36,47
453,552,296,36,47
454,550,293,36,47
455,553,293,36,47
456,553,294,36,47
457,555,296,36,47
458,554,295,36,47
459,556,294,36,47
460,559,293,36,47
461,560,293,36,47
462,562,294,36,47
463,564,295,36,47
464,566,295,36,47
465,569,297,36,47
466,570,296,36,47
467,574,297,36,47
468,571,297,36,47
469,574,300,36,47
470,574,303,36,47
471,578,304,36,47
472,576,302,36,47
473,578,302,36,47
474,576,301,36,47
475,576,303,36,47
476,577,305,36,47
477,579,306,36,47
478,581,307,36,47
479,580,308,36,47
480,581,310,36,47
481,580,308,36,47
482,578,308,36,47
483,580,309,36,47
484,580,309,36,47
485,578,310,36,47
486,579,310,36,47
487,580,309,36,47
488,582,309,36,47
489,578,308,36,47
490,574,308,36,47
491,573,305,36,47
492,571,306,36,47
493,570,303,36,47
494,565,301,36,47
495,561,299,36,47
496,560,297,36,47
497,559,296,36,47
498,558,295,36,47
499,553,291,36,47
500,551,288,36,47
501,552,287,36,47
502,551,286,36,47
503,548,284,36,47
504,546,282,36,47
505,547,284,36,47
506,546,280,36,47
507,545,282,36,47
508,544,283,36,47
509,544,281,36,47
510,549,285,36,47
511,551,287,36,47
512,551,286,36,47
513,547,285,36,47
514,544,281,36,47
515,546,282,36,47
516,550,285,36,47
517,546,281,36,47
518,547,283,36,47
519,550,284,36,47
520,551,283,36,47
521,548,279,36,47
522,550,280,36,47
523,546,277,36,47
524,542,271,36,47
525,544,271,36,47
526,542,266,36,47
527,540,263,36,47
528,536,262,36,47
529,534,260,36,47
530,534,256,36,47
531,533,253,36,47
532,533,252,36,47
533,533,255,36,47
534,527,248,36,47
535,529,245,36,47
536,525,240,36,47
537,520,237,36,47
538,511,224,36,47
539,508,219,36,47
540,508,220,36,47
541,505,218,36,47
542,502,219,36,47
543,501,216,36,47
544,498,211,36,47
545,497,207,36,47
546,496,206,36,47
547,493,207,36,47
548,491,206,36,47
549,486,201,36,47
550,483,197,36,47
551,482,194,36,47
552,482,192,36,47
553,484,193,36,47
554,481,188,36,47
555,481,185,36,47
556,481,180,36,47
557,480,174,36,47
558,482,175,36,47
559,481,171,36,47
560,480,167,36,47
561,479,165,36,47
562,476,164,36,47
563,472,159,36,47
564,728,243,36,47
565,0,0,36,47
566,0,0,36,47
567,4,0,36,47
568,8,0,36,47
569,12,0,36,47
570,8,0,36,47
571,8,0,36,47
572,7,0,36,47
573,8,2,36,47
574,11,2,36,47
575,11,3,36,47
576,13,3,36,47
577,11,4,36,47
578,14,6,36,47
579,12,4,36,47
580,13,2,36,47
581,14,1,36,47
582,11,2,36,47
583,14,2,36,47
584,14,1,36,47
585,14,0,36,47
586,12,1,36,47
587,17,0,36,47
588,20,0,36,47
589,20,0,36,47
590,23,0,36,47
591,21,0,36,47
592,20,1,36,47
593,20,1,36,47
594,19,2,36,47
595,20,1,36,47
596,19,1,36,47
597,21,0,36,47
598,18,0,36,47
599,21,0,36,47
600,21,1,36,47
601,22,2,36,47
602,18,2,36,47
603,19,0,36,47
604,18,0,36,47
605,19,0,36,47
606,20,1,36,47
607,24,1,36,47
608,23,0,36,47
609,24,0,36,47
610,19,0,36,47
611,17,0,36,47
612,15,0,36,47
613,15,1,36,47
614,16,0,36,47
615,16,1,36,47
616,14,0,36,47
617,14,1,36,47
618,14,2,36,47
619,15,1,36,47
620,13,0,36,47
621,8,0,36,47
622,4,1,36,47
623,2,1,36,47
624,2,2,36,47
625,3,0,36,47
626,3,1,36,47
627,3,2,36,47
628,2,0,36,47
629,1,1,36,47
630,1,2,36,47
631,0,4,36,47
632,4,4,36,47
633,4,3,36,47
634,6,3,36,47
635,3,2,36,47
636,5,2,36,47
637,5,0,36,47
638,81,2,36,47
639,85,0,36,47
640,87,0,36,47
641,90,0,36,47
642,88,0,36,47
643,90,0,36,47
644,93,1,36,47
645,91,1,36,47
646,92,0,36,47
647,90,0,36,47
648,90,1,36,47
649,91,0,36,47
650,111,1,36,47
651,107,0,36,47
652,124,1,36,47
653,125,0,36,47
654,127,1,36,47
655,128,0,36,47
656,121,0,36,47
657,120,0,36,47
658,120,0,36,47
659,115,0,36,47
660,115,2,36,47
661,114,0,36,47
662,114,1,36,47
663,114,1,36,47
664,116,1,36,47
665,116,1,36,47
666,115,1,36,47
667,116,1,36,47
668,118,0,36,47
669,119,0,36,47
670,116,1,36,47
671,117,2,36,47
672,114,0,36,47
673,113,0,36,47
674,114,0,36,47
675,114,2,36,47
676,110,1,36,47
677,110,2,36,47
678,110,1,36,47
679,108,2,36,47
680,108,4,36,47
681,108,5,36,47
682,104,6,36,47
683,103,6,36,47
684,105,7,36,47
685,101,8,36,47
686,101,9,36,47
687,101,9,36,47
688,98,11,36,47
689,96,12,36,47
690,94,14,36,47
691,88,16,36,47
