10-LowContrast 22
3,132,579,38,90
4,132,571,38,90
5,132,572,38,90
6,139,568,38,90
7,139,566,38,90
8,142,567,38,90
9,149,568,38,90
10,150,569,38,90
11,153,570,38,90
12,160,572,38,90
13,162,572,38,90
14,163,572,38,90
15,168,576,38,90
16,167,575,38,90
17,170,574,38,90
18,172,568,38,90
19,171,569,38,90
20,174,573,38,90
21,177,575,38,90
22,179,576,38,90
23,184,574,38,90
24,186,575,38,90
25,186,577,38,90
26,187,577,38,90
27,192,577,38,90
28,190,580,38,90
29,194,579,38,90
30,194,579,38,90
31,195,579,38,90
32,201,577,38,90
33,205,574,38,90
34,202,575,38,90
35,205,574,38,90
36,208,572,38,90
37,204,570,38,90
38,211,570,38,90
39,212,569,38,90
40,213,572,38,90
41,218,571,38,90
42,219,576,38,90
43,218,575,38,90
44,218,577,38,90
45,221,576,38,90
46,223,578,38,90
47,225,581,38,90
48,231,583,38,90
49,232,581,38,90
50,236,581,38,90
51,240,579,38,90
52,239,579,38,90
53,243,578,38,90
54,249,578,38,90
55,248,576,38,90
56,254,574,38,90
57,258,575,38,90
58,257,574,38,90
59,263,575,38,90
60,266,574,38,90
61,264,573,38,90
62,268,573,38,90
63,273,575,38,90
64,272,579,38,90
65,277,579,38,90
66,282,580,38,90
67,280,579,38,90
68,283,579,38,90
69,285,579,38,90
70,283,578,38,90
71,288,580,38,90
72,289,579,38,90
73,292,577,38,90
74,296,576,38,90
75,298,575,38,90
76,299,574,38,90
77,307,576,38,90
78,310,574,38,90
79,309,573,38,90
80,312,576,38,90
81,317,578,38,90
82,320,577,38,90
83,324,580,38,90
84,324,580,38,90
85,323,582,38,90
86,329,581,38,90
87,327,581,38,90
88,328,580,38,90
89,334,581,38,90
90,337,582,38,90
91,336,582,38,90
92,344,582,38,90
93,344,582,38,90
94,346,582,38,90
95,347,581,38,90
96,351,580,38,90
97,350,581,38,90
98,351,581,38,90
99,357,582,38,90
100,356,578,38,90
101,357,579,38,90
102,365,580,38,90
103,365,582,38,90
104,369,581,38,90
105,374,581,38,90
106,373,578,38,90
107,375,577,38,90
108,381,576,38,90
109,381,575,38,90
110,379,577,38,90
111,367,577,38,90
112,358,576,38,90
113,350,576,38,90
114,352,576,38,90
115,349,576,38,90
116,341,576,38,90
117,339,576,38,90
118,341,576,38,90
119,330,577,38,90
120,329,579,38,90
121,326,579,38,90
122,332,580,38,90
123,345,580,38,90
124,347,580,38,90
125,344,580,38,90
126,373,583,38,90
127,382,583,38,90
128,385,583,38,90
129,370,582,38,90
130,377,582,38,90
131,381,580,38,90
132,388,580,38,90
133,380,580,38,90
134,376,580,38,90
135,374,580,38,90
136,375,580,38,90
137,383,580,38,90
138,385,579,38,90
139,387,578,38,90
140,379,578,38,90
141,370,576,38,90
142,370,576,38,90
143,375,577,38,90
144,367,577,38,90
145,375,578,38,90
146,373,578,38,90
147,374,578,38,90
148,372,578,38,90
149,375,577,38,90
150,378,577,38,90
151,375,577,38,90
152,366,577,38,90
153,371,577,38,90
154,379,577,38,90
155,383,577,38,90
156,372,576,38,90
157,376,576,38,90
158,375,576,38,90
159,375,576,38,90
160,378,577,38,90
161,371,577,38,90
162,367,577,38,90
163,375,577,38,90
164,376,577,38,90
165,371,577,38,90
166,369,577,38,90
167,365,577,38,90
168,362,578,38,90
169,360,578,38,90
170,354,577,38,90
171,348,576,38,90
172,351,575,38,90
173,354,575,38,90
174,346,576,38,90
175,374,577,38,90
176,381,578,38,90
177,380,579,38,90
178,377,578,38,90
179,373,578,38,90
180,365,578,38,90
181,346,578,38,90
182,351,578,38,90
183,339,577,38,90
184,342,578,38,90
185,339,578,38,90
186,328,577,38,90
187,323,577,38,90
188,329,578,38,90
189,325,578,38,90
190,324,578,38,90
191,322,578,38,90
192,320,578,38,90
193,318,578,38,90
194,319,578,38,90
195,315,576,38,90
196,319,576,38,90
197,315,576,38,90
198,312,577,38,90
199,310,577,38,90
200,288,576,38,90
201,293,577,38,90
202,303,578,38,90
203,298,578,38,90
204,302,578,38,90
205,298,577,38,90
206,290,577,38,90
207,294,578,38,90
208,293,577,38,90
209,326,577,38,90
210,321,577,38,90
211,329,578,38,90
212,328,578,38,90
213,330,578,38,90
214,332,578,38,90
215,339,577,38,90
216,348,578,38,90
217,350,578,38,90
218,347,576,38,90
219,356,576,38,90
220,355,576,38,90
221,354,576,38,90
222,346,577,38,90
223,339,577,38,90
224,331,579,38,90
225,341,578,38,90
226,344,578,38,90
227,342,577,38,90
228,335,577,38,90
229,362,578,38,90
230,324,576,38,90
231,332,577,38,90
232,317,576,38,90
233,306,575,38,90
234,306,575,38,90
235,308,575,38,90
236,308,576,38,90
237,305,576,38,90
238,299,576,38,90
239,294,576,38,90
240,291,576,38,90
241,293,576,38,90
242,305,576,38,90
243,304,576,38,90
244,313,578,38,90
245,311,577,38,90
246,320,578,38,90
247,318,578,38,90
248,311,578,38,90
249,303,578,38,90
250,319,580,38,90
251,317,580,38,90
252,320,580,38,90
253,319,578,38,90
254,313,578,38,90
255,312,577,38,90
256,314,577,38,90
257,310,577,38,90
258,301,578,38,90
259,311,578,38,90
260,316,578,38,90
261,307,578,38,90
262,300,578,38,90
263,293,578,38,90
264,287,578,38,90
265,292,579,38,90
266,284,578,38,90
267,272,579,38,90
268,275,579,38,90
269,284,579,38,90
270,305,580,38,90
271,296,580,38,90
272,306,580,38,90
273,302,580,38,90
274,304,580,38,90
275,293,580,38,90
276,290,580,38,90
277,292,580,38,90
278,290,579,38,90
279,288,579,38,90
280,277,579,38,90
281,282,580,38,90
282,272,580,38,90
283,261,579,38,90
284,251,579,38,90
285,254,579,38,90
286,244,578,38,90
287,235,577,38,90
288,236,577,38,90
289,236,578,38,90
290,228,578,38,90
291,222,578,38,90
292,228,578,38,90
293,220,579,38,90
294,217,580,38,90
295,210,581,38,90
296,223,580,38,90
297,231,580,38,90
298,221,580,38,90
299,227,580,38,90
300,219,580,38,90
301,228,581,38,90
302,237,581,38,90
303,233,582,38,90
304,236,582,38,90
305,227,581,38,90
306,225,581,38,90
307,224,580,38,90
308,221,580,38,90
309,231,581,38,90
310,241,581,38,90
311,233,582,38,90
312,236,583,38,90
313,240,583,38,90
314,234,583,38,90
315,231,585,38,90
316,225,584,38,90
317,228,584,38,90
318,233,585,38,90
319,238,585,38,90
320,243,585,38,90
321,235,585,38,90
322,249,585,38,90
323,241,585,38,90
324,241,584,38,90
325,237,584,38,90
326,225,583,38,90
327,214,582,38,90
328,204,583,38,90
329,191,583,38,90
330,193,583,38,90
331,189,581,38,90
332,183,581,38,90
333,190,583,38,90
334,195,583,38,90
335,205,584,38,90
336,203,584,38,90
337,206,585,38,90
338,205,585,38,90
339,201,584,38,90
340,210,586,38,90
341,204,585,38,90
342,211,583,38,90
343,222,584,38,90
344,211,583,38,90
345,217,585,38,90
346,209,583,38,90
347,218,583,38,90
348,213,583,38,90
349,222,584,38,90
350,225,584,38,90
351,221,585,38,90
352,219,585,38,90
353,208,584,38,90
