11-Occlusion 25
9,119,19,80,140
10,118,18,80,140
11,118,16,80,140
12,117,16,80,140
13,117,19,80,140
14,118,20,80,140
15,116,23,80,140
16,116,22,80,140
17,115,19,80,140
18,119,21,80,140
19,119,20,80,140
20,120,22,80,140
21,124,23,80,140
22,126,24,80,140
23,126,20,80,140
24,129,17,80,140
25,127,16,80,140
26,128,15,80,140
27,129,11,80,140
28,127,10,80,140
29,126,9,80,140
30,123,5,80,140
31,121,6,80,140
32,121,9,80,140
33,122,6,80,140
34,121,6,80,140
35,120,4,80,140
36,121,2,80,140
37,122,4,80,140
38,122,6,80,140
39,123,9,80,140
40,125,7,80,140
41,123,9,80,140
42,123,6,80,140
43,127,7,80,140
44,123,8,80,140
45,122,9,80,140
46,120,4,80,140
47,120,6,80,140
48,121,5,80,140
49,120,5,80,140
50,121,2,80,140
51,120,5,80,140
52,116,3,80,140
53,116,3,80,140
54,118,2,80,140
55,117,3,80,140
56,119,0,80,140
57,120,3,80,140
58,122,1,80,140
59,121,3,80,140
60,118,2,80,140
61,118,2,80,140
62,120,3,80,140
63,120,6,80,140
64,123,5,80,140
65,120,4,80,140
66,119,0,80,140
67,118,0,80,140
68,118,3,80,140
69,111,1,80,140
70,115,0,80,140
71,115,1,80,140
72,118,3,80,140
73,123,4,80,140
74,129,3,80,140
75,131,3,80,140
76,133,4,80,140
77,137,1,80,140
78,136,3,80,140
79,135,1,80,140
80,136,4,80,140
81,137,2,80,140
82,137,3,80,140
83,142,3,80,140
84,145,3,80,140
85,146,3,80,140
86,147,3,80,140
87,145,5,80,140
88,143,4,80,140
89,145,2,80,140
90,148,3,80,140
91,149,5,80,140
92,148,5,80,140
93,147,0,80,140
94,144,1,80,140
95,147,1,80,140
96,147,4,80,140
97,148,3,80,140
98,144,6,80,140
99,145,4,80,140
100,143,3,80,140
101,142,3,80,140
102,140,3,80,140
103,137,3,80,140
104,139,2,80,140
105,138,0,80,140
106,140,0,80,140
107,137,1,80,140
108,137,0,80,140
109,132,1,80,140
110,133,0,80,140
111,135,2,80,140
112,134,2,80,140
113,137,0,80,140
114,139,3,80,140
115,138,3,80,140
116,136,3,80,140
117,133,1,80,140
118,134,5,80,140
119,137,8,80,140
120,138,7,80,140
121,139,7,80,140
122,138,4,80,140
123,140,3,80,140
124,142,6,80,140
125,141,8,80,140
126,142,10,80,140
127,142,8,80,140
128,144,6,80,140
129,143,5,80,140
130,142,2,80,140
131,148,3,80,140
132,144,1,80,140
133,141,4,80,140
134,144,5,80,140
135,144,7,80,140
136,145,8,80,140
137,144,5,80,140
138,147,5,80,140
139,145,4,80,140
140,143,4,80,140
141,142,3,80,140
142,143,0,80,140
143,144,4,80,140
144,146,3,80,140
145,148,3,80,140
146,148,2,80,140
147,151,2,80,140
148,151,6,80,140
149,151,4,80,140
150,152,3,80,140
151,152,5,80,140
152,155,6,80,140
153,153,9,80,140
154,158,8,80,140
155,158,10,80,140
156,160,6,80,140
157,161,7,80,140
158,159,6,80,140
159,159,7,80,140
160,162,8,80,140
161,164,8,80,140
162,167,4,80,140
163,165,3,80,140
164,166,1,80,140
165,169,3,80,140
166,169,6,80,140
167,167,6,80,140
168,164,5,80,140
169,166,5,80,140
170,165,6,80,140
171,164,7,80,140
172,164,4,80,140
173,165,6,80,140
174,164,8,80,140
175,169,10,80,140
176,170,13,80,140
177,170,15,80,140
178,168,14,80,140
179,169,13,80,140
180,167,13,80,140
181,167,14,80,140
182,166,13,80,140
183,166,14,80,140
184,167,14,80,140
185,165,15,80,140
186,165,18,80,140
187,169,18,80,140
188,168,20,80,140
189,171,22,80,140
190,171,23,80,140
191,172,22,80,140
192,172,22,80,140
193,172,26,80,140
194,172,21,80,140
195,173,23,80,140
196,176,24,80,140
197,177,25,80,140
198,176,28,80,140
199,180,28,80,140
200,181,28,80,140
201,182,29,80,140
202,185,28,80,140
203,187,29,80,140
204,185,29,80,140
205,188,28,80,140
206,185,27,80,140
207,185,24,80,140
208,183,22,80,140
209,183,22,80,140
210,178,26,80,140
211,177,26,80,140
212,178,27,80,140
213,179,28,80,140
214,179,26,80,140
215,178,27,80,140
216,177,29,80,140
217,177,32,80,140
218,178,33,80,140
219,178,31,80,140
220,180,31,80,140
221,179,34,80,140
222,178,32,80,140
223,177,33,80,140
224,178,35,80,140
225,178,31,80,140
226,179,30,80,140
227,182,30,80,140
228,181,25,80,140
229,181,22,80,140
230,179,23,80,140
231,179,24,80,140
232,180,26,80,140
233,179,28,80,140
234,177,29,80,140
235,179,30,80,140
236,179,32,80,140
237,181,30,80,140
238,182,30,80,140
239,180,31,80,140
240,176,29,80,140
241,177,28,80,140
242,177,30,80,140
243,176,26,80,140
244,171,28,80,140
245,171,32,80,140
246,170,36,80,140
247,165,42,80,140
248,165,36,80,140
249,161,39,80,140
250,159,38,80,140
251,157,38,80,140
252,158,36,80,140
253,155,37,80,140
254,155,35,80,140
255,155,34,80,140
256,156,33,80,140
257,157,32,80,140
258,157,32,80,140
259,155,31,80,140
260,155,30,80,140
261,156,32,80,140
262,150,30,80,140
263,151,31,80,140
264,149,30,80,140
265,149,35,80,140
266,146,35,80,140
267,144,35,80,140
268,135,32,80,140
269,132,32,80,140
270,130,32,80,140
271,128,31,80,140
272,130,34,80,140
273,128,34,80,140
274,126,37,80,140
275,127,40,80,140
276,127,36,80,140
277,125,36,80,140
278,126,38,80,140
279,128,34,80,140
280,130,36,80,140
281,130,34,80,140
282,129,34,80,140
283,130,32,80,140
284,133,35,80,140
285,132,36,80,140
286,131,35,80,140
287,134,35,80,140
288,136,35,80,140
289,137,31,80,140
290,141,30,80,140
291,140,31,80,140
292,140,31,80,140
293,142,32,80,140
294,148,32,80,140
295,144,36,80,140
296,149,32,80,140
297,151,29,80,140
298,152,29,80,140
299,151,31,80,140
300,152,29,80,140
301,154,28,80,140
302,154,30,80,140
303,155,28,80,140
304,158,28,80,140
305,157,32,80,140
306,157,32,80,140
307,154,33,80,140
308,154,31,80,140
309,153,30,80,140
310,154,26,80,140
311,157,26,80,140
312,155,23,80,140
313,155,20,80,140
314,154,26,80,140
315,155,29,80,140
316,152,29,80,140
317,154,31,80,140
318,151,31,80,140
319,150,30,80,140
320,151,30,80,140
321,152,30,80,140
322,147,30,80,140
323,146,28,80,140
324,145,30,80,140
325,142,28,80,140
326,140,27,80,140
327,138,27,80,140
328,138,27,80,140
329,135,28,80,140
330,133,26,80,140
331,132,28,80,140
332,137,27,80,140
333,134,27,80,140
334,135,26,80,140
335,136,26,80,140
336,138,25,80,140
337,138,27,80,140
338,134,28,80,140
339,133,30,80,140
340,136,31,80,140
341,139,33,80,140
342,141,31,80,140
343,141,31,80,140
344,142,35,80,140
345,143,36,80,140
346,142,36,80,140
347,141,38,80,140
348,142,38,80,140
349,139,36,80,140
350,140,34,80,140
351,139,35,80,140
352,141,33,80,140
353,145,33,80,140
354,147,33,80,140
355,146,32,80,140
356,148,32,80,140
357,148,33,80,140
358,149,34,80,140
359,148,34,80,140
360,148,36,80,140
361,151,35,80,140
362,149,30,80,140
363,152,31,80,140
364,153,28,80,140
365,153,28,80,140
366,152,28,80,140
367,152,32,80,140
368,152,31,80,140
369,152,30,80,140
370,152,25,80,140
371,151,27,80,140
372,150,27,80,140
373,149,27,80,140
374,149,25,80,140
375,151,26,80,140
376,150,27,80,140
377,153,27,80,140
378,152,24,80,140
379,152,26,80,140
380,152,25,80,140
381,152,29,80,140
382,154,30,80,140
383,155,31,80,140
384,155,33,80,140
385,154,33,80,140
386,157,33,80,140
387,158,33,80,140
388,159,33,80,140
389,159,33,80,140
390,161,34,80,140
391,161,32,80,140
392,163,31,80,140
393,161,30,80,140
394,162,30,80,140
395,164,31,80,140
396,157,28,80,140
397,151,23,80,140
398,145,25,80,140
399,141,28,80,140
400,135,26,80,140
401,131,24,80,140
402,127,26,80,140
403,123,28,80,140
404,120,27,80,140
405,116,27,80,140
406,112,26,80,140
407,110,24,80,140
408,108,24,80,140
409,104,23,80,140
410,102,22,80,140
411,104,21,80,140
412,107,21,80,140
413,102,18,80,140
414,102,21,80,140
415,102,17,80,140
416,104,16,80,140
417,102,18,80,140
418,102,21,80,140
419,103,23,80,140
420,99,24,80,140
421,100,25,80,140
422,100,27,80,140
423,100,26,80,140
424,102,24,80,140
425,102,26,80,140
426,107,27,80,140
427,106,26,80,140
428,110,25,80,140
429,111,27,80,140
430,109,26,80,140
431,108,26,80,140
432,106,22,80,140
433,104,21,80,140
434,103,19,80,140
435,107,22,80,140
436,110,21,80,140
437,109,21,80,140
438,105,23,80,140
439,106,24,80,140
440,106,23,80,140
441,106,23,80,140
442,105,22,80,140
443,108,22,80,140
444,107,22,80,140
445,111,24,80,140
446,110,25,80,140
447,112,30,80,140
448,114,30,80,140
449,113,26,80,140
450,115,26,80,140
451,113,26,80,140
452,114,26,80,140
453,113,28,80,140
454,112,27,80,140
455,114,25,80,140
456,112,27,80,140
457,108,27,80,140
458,109,25,80,140
459,107,23,80,140
460,108,24,80,140
461,105,21,80,140
462,105,22,80,140
463,105,18,80,140
464,106,17,80,140
465,106,18,80,140
466,102,17,80,140
467,102,20,80,140
468,103,20,80,140
469,101,19,80,140
470,103,20,80,140
471,104,21,80,140
472,103,20,80,140
473,105,19,80,140
474,104,19,80,140
475,102,17,80,140
476,104,20,80,140
477,107,19,80,140
478,109,20,80,140
479,110,20,80,140
480,112,20,80,140
481,114,18,80,140
482,115,21,80,140
483,116,25,80,140
484,118,26,80,140
485,116,27,80,140
486,114,27,80,140
487,113,29,80,140
488,112,27,80,140
489,115,28,80,140
490,117,30,80,140
491,115,29,80,140
492,115,27,80,140
493,115,26,80,140
494,113,29,80,140
495,112,27,80,140
496,114,29,80,140
497,115,28,80,140
498,111,31,80,140
499,108,32,80,140
500,107,34,80,140
501,108,33,80,140
502,109,36,80,140
503,109,36,80,140
504,112,38,80,140
505,111,40,80,140
506,113,40,80,140
507,111,40,80,140
508,113,41,80,140
509,113,40,80,140
510,114,40,80,140
511,116,40,80,140
512,117,38,80,140
513,117,36,80,140
514,119,36,80,140
515,124,36,80,140
516,124,34,80,140
517,124,33,80,140
518,125,32,80,140
519,123,32,80,140
520,122,30,80,140
521,123,31,80,140
522,122,34,80,140
523,121,28,80,140
524,121,29,80,140
525,122,30,80,140
526,120,30,80,140
527,119,29,80,140
528,118,30,80,140
529,119,29,80,140
530,121,30,80,140
531,119,30,80,140
532,120,31,80,140
533,117,32,80,140
534,119,30,80,140
535,122,30,80,140
536,124,30,80,140
537,126,31,80,140
538,129,27,80,140
539,134,27,80,140
540,136,27,80,140
541,132,26,80,140
542,132,25,80,140
543,130,25,80,140
544,132,23,80,140
545,134,25,80,140
546,133,23,80,140
547,135,23,80,140
548,136,26,80,140
549,139,27,80,140
550,139,27,80,140
551,139,29,80,140
552,137,31,80,140
553,137,29,80,140
554,136,29,80,140
555,138,33,80,140
556,136,32,80,140
557,136,35,80,140
558,136,32,80,140
559,137,30,80,140
560,136,28,80,140
561,139,27,80,140
562,139,25,80,140
563,139,29,80,140
564,141,30,80,140
565,141,30,80,140
566,143,32,80,140
567,142,33,80,140
568,146,30,80,140
569,148,33,80,140
570,147,29,80,140
571,145,31,80,140
572,145,30,80,140
573,142,30,80,140
574,137,30,80,140
575,136,25,80,140
576,132,28,80,140
577,131,30,80,140
578,132,32,80,140
579,134,30,80,140
580,133,32,80,140
581,134,34,80,140
582,134,35,80,140
583,138,32,80,140
584,137,36,80,140
585,136,36,80,140
586,136,40,80,140
587,138,40,80,140
588,139,39,80,140
589,137,37,80,140
590,140,35,80,140
591,139,37,80,140
592,141,34,80,140
593,141,32,80,140
594,139,33,80,140
595,135,32,80,140
596,138,30,80,140
597,136,31,80,140
598,134,33,80,140
599,132,34,80,140
600,132,33,80,140
601,134,34,80,140
602,132,35,80,140
603,131,34,80,140
604,130,32,80,140
605,130,29,80,140
606,132,28,80,140
607,129,32,80,140
608,128,33,80,140
609,128,34,80,140
610,130,37,80,140
611,122,37,80,140
612,118,35,80,140
613,117,37,80,140
614,114,39,80,140
615,115,41,80,140
616,115,39,80,140
617,115,37,80,140
618,117,36,80,140
619,115,33,80,140
620,115,31,80,140
621,115,29,80,140
622,114,27,80,140
623,117,26,80,140
624,125,28,80,140
625,124,26,80,140
626,128,27,80,140
627,130,27,80,140
628,127,29,80,140
629,128,30,80,140
630,131,29,80,140
631,132,32,80,140
632,132,33,80,140
633,130,31,80,140
634,130,32,80,140
635,127,35,80,140
636,126,35,80,140
637,125,36,80,140
638,126,36,80,140
639,132,34,80,140
640,131,34,80,140
641,134,33,80,140
642,143,35,80,140
643,147,31,80,140
644,146,31,80,140
645,147,32,80,140
646,146,31,80,140
647,145,32,80,140
648,146,34,80,140
649,146,33,80,140
650,151,31,80,140
651,150,31,80,140
652,151,33,80,140
653,149,30,80,140
654,149,32,80,140
655,149,30,80,140
656,147,32,80,140
657,148,34,80,140
658,147,33,80,140
659,144,37,80,140
660,143,40,80,140
661,143,41,80,140
662,142,44,80,140
663,142,45,80,140
664,142,39,80,140
665,142,39,80,140
666,143,39,80,140
667,146,39,80,140
668,153,41,80,140
669,155,43,80,140
670,153,44,80,140
671,155,46,80,140
672,155,47,80,140
673,156,48,80,140
674,155,47,80,140
675,152,48,80,140
676,151,49,80,140
677,151,46,80,140
678,154,46,80,140
679,154,41,80,140
680,156,42,80,140
681,155,48,80,140
682,157,48,80,140
683,157,47,80,140
684,156,50,80,140
685,157,46,80,140
686,159,45,80,140
687,156,45,80,140
688,158,45,80,140
689,156,44,80,140
690,155,41,80,140
691,156,42,80,140
692,156,43,80,140
693,161,38,80,140
694,163,36,80,140
695,165,33,80,140
696,165,32,80,140
697,167,32,80,140
698,168,30,80,140
699,165,28,80,140
700,163,28,80,140
701,156,26,80,140
702,159,25,80,140
703,155,23,80,140
704,158,22,80,140
705,155,21,80,140
706,152,18,80,140
707,154,18,80,140
708,153,15,80,140
709,144,12,80,140
710,143,12,80,140
711,143,11,80,140
712,145,12,80,140
713,142,10,80,140
714,143,8,80,140
715,141,6,80,140
716,139,5,80,140
717,144,6,80,140
718,142,6,80,140
719,144,8,80,140
720,143,7,80,140
721,146,7,80,140
722,151,8,80,140
723,152,9,80,140
724,148,9,80,140
725,148,7,80,140
726,138,5,80,140
727,137,5,80,140
728,131,4,80,140
729,133,5,80,140
730,134,5,80,140
731,134,6,80,140
732,134,7,80,140
733,143,10,80,140
734,149,12,80,140
735,149,12,80,140
736,145,12,80,140
737,143,12,80,140
738,143,13,80,140
739,140,14,80,140
740,149,17,80,140
741,150,16,80,140
742,149,18,80,140
743,148,17,80,140
744,144,15,80,140
745,145,13,80,140
746,146,11,80,140
747,147,13,80,140
748,147,15,80,140
749,147,17,80,140
750,149,14,80,140
751,150,15,80,140
752,151,19,80,140
753,152,20,80,140
754,152,21,80,140
755,151,22,80,140
756,148,20,80,140
757,145,22,80,140
758,144,24,80,140
759,144,21,80,140
760,147,23,80,140
761,145,24,80,140
762,145,26,80,140
763,143,31,80,140
764,143,29,80,140
765,144,29,80,140
766,143,29,80,140
767,141,29,80,140
768,143,25,80,140
769,144,27,80,140
770,144,28,80,140
771,143,28,80,140
772,145,26,80,140
773,146,26,80,140
774,150,28,80,140
775,149,27,80,140
776,143,25,80,140
777,144,25,80,140
778,145,22,80,140
779,147,20,80,140
780,146,20,80,140
781,143,16,80,140
782,144,14,80,140
783,143,15,80,140
784,146,18,80,140
785,145,19,80,140
786,142,19,80,140
787,142,21,80,140
788,141,22,80,140
789,141,22,80,140
