11-Occlusion 8
31,490,415,55,47
32,485,400,55,47
33,487,391,55,47
34,488,385,55,47
35,487,379,55,47
36,489,374,55,47
37,489,371,55,47
38,488,372,55,47
39,487,376,55,47
40,483,381,55,47
41,484,389,55,47
42,482,394,55,47
43,486,396,55,47
44,491,390,55,47
45,471,383,55,47
46,472,402,55,47
47,475,402,55,47
48,473,402,55,47
49,473,401,55,47
50,471,401,55,47
51,473,401,55,47
52,469,400,55,47
53,462,399,55,47
54,437,390,55,47
55,435,390,55,47
56,438,389,55,47
57,439,393,55,47
58,444,395,55,47
59,445,395,55,47
60,447,394,55,47
61,449,395,55,47
62,451,394,55,47
63,450,394,55,47
64,452,396,55,47
65,454,396,55,47
66,455,396,55,47
67,457,396,55,47
68,459,397,55,47
69,461,396,55,47
70,462,398,55,47
71,461,399,55,47
72,460,400,55,47
73,462,400,55,47
74,458,400,55,47
75,458,401,55,47
76,458,401,55,47
77,458,401,55,47
78,457,401,55,47
79,452,401,55,47
80,451,401,55,47
81,446,399,55,47
82,446,399,55,47
83,442,399,55,47
84,443,399,55,47
85,440,400,55,47
86,435,401,55,47
87,439,400,55,47
88,438,399,55,47
89,439,398,55,47
90,439,396,55,47
91,437,394,55,47
92,435,394,55,47
93,436,394,55,47
94,435,394,55,47
95,433,392,55,47
96,432,393,55,47
97,435,406,55,47
98,441,409,55,47
99,441,399,55,47
100,940,278,55,47
101,941,283,55,47
102,942,280,55,47
103,942,281,55,47
104,941,282,55,47
105,940,282,55,47
106,941,279,55,47
107,939,277,55,47
108,938,276,55,47
109,938,277,55,47
110,937,280,55,47
111,937,279,55,47
112,937,277,55,47
113,938,277,55,47
114,940,278,55,47
115,940,277,55,47
116,941,274,55,47
117,941,270,55,47
118,940,274,55,47
119,941,277,55,47
120,941,272,55,47
121,941,276,55,47
122,942,277,55,47
123,943,277,55,47
124,944,277,55,47
125,944,283,55,47
126,944,284,55,47
127,942,284,55,47
128,942,285,55,47
129,942,279,55,47
130,942,283,55,47
131,941,288,55,47
132,939,277,55,47
133,939,282,55,47
134,939,276,55,47
135,939,281,55,47
