11-Occlusion 19
1,1192,190,81,84
2,1186,198,81,84
3,1178,207,81,84
4,1168,208,81,84
5,1159,213,81,84
6,1149,215,81,84
7,1139,222,81,84
8,1138,224,81,84
9,1138,224,81,84
10,1132,227,81,84
11,1126,230,81,84
12,1116,226,81,84
13,1106,220,81,84
14,1102,216,81,84
15,1105,213,81,84
16,1109,220,81,84
17,1108,229,81,84
18,1106,235,81,84
19,1098,234,81,84
20,1085,233,81,84
21,1075,227,81,84
22,1060,232,81,84
23,1052,236,81,84
24,1034,241,81,84
25,1024,238,81,84
26,1014,230,81,84
27,1004,236,81,84
28,1009,243,81,84
29,1008,252,81,84
30,1011,267,81,84
31,1014,267,81,84
32,1011,268,81,84
33,1005,270,81,84
34,998,273,81,84
35,999,286,81,84
36,1000,294,81,84
37,995,303,81,84
38,987,311,81,84
39,978,319,81,84
40,971,318,81,84
41,961,320,81,84
42,946,323,81,84
43,940,324,81,84
44,935,331,81,84
45,944,339,81,84
46,966,337,81,84
47,973,340,81,84
48,977,340,81,84
49,970,344,81,84
50,970,348,81,84
51,979,345,81,84
52,983,346,81,84
53,987,345,81,84
54,994,346,81,84
55,1003,346,81,84
56,1065,319,81,84
57,1033,340,81,84
58,1036,341,81,84
59,1060,329,81,84
60,1076,324,81,84
61,1114,308,81,84
62,1146,296,81,84
63,1150,297,81,84
64,1145,303,81,84
65,1142,309,81,84
66,1147,309,81,84
67,1145,313,81,84
68,1135,316,81,84
69,1127,320,81,84
70,1130,320,81,84
71,1125,327,81,84
72,1116,335,81,84
73,1115,335,81,84
74,1077,357,81,84
75,1060,369,81,84
76,1060,374,81,84
77,1056,384,81,84
78,1053,393,81,84
79,1058,400,81,84
80,1052,409,81,84
81,1051,415,81,84
82,1053,421,81,84
83,1047,431,81,84
84,1050,435,81,84
85,1048,443,81,84
86,1049,448,81,84
87,1044,463,81,84
88,1068,534,81,84
89,865,532,81,84
90,903,544,81,84
91,1031,531,81,84
92,1088,555,81,84
93,1095,574,81,84
94,1106,602,81,84
95,1459,717,81,84
96,1434,718,81,84
97,1419,683,81,84
98,1476,704,81,84
99,1507,726,81,84
100,1345,747,81,84
101,1355,771,81,84
102,1163,120,81,84
103,1155,123,81,84
104,1754,779,81,84
105,1675,736,81,84
106,467,656,81,84
107,593,647,81,84
108,516,624,81,84
109,635,592,81,84
110,650,561,81,84
111,1286,492,81,84
112,1293,490,81,84
113,1336,472,81,84
114,1344,458,81,84
115,1355,449,81,84
116,1296,435,81,84
117,1298,429,81,84
118,1290,423,81,84
119,1280,423,81,84
120,1278,431,81,84
121,1277,439,81,84
122,1280,448,81,84
123,1295,456,81,84
124,1303,462,81,84
125,1311,466,81,84
126,1317,466,81,84
127,1318,463,81,84
128,1318,466,81,84
129,1312,474,81,84
130,1305,483,81,84
131,1295,486,81,84
132,1301,491,81,84
133,1304,500,81,84
134,1294,506,81,84
135,1242,504,81,84
136,1251,513,81,84
137,1256,519,81,84
138,1264,524,81,84
139,1264,528,81,84
140,1264,531,81,84
141,1258,540,81,84
