11-Occlusion 7
49,705,522,81,81
50,703,517,81,81
51,703,517,81,81
52,702,515,81,81
53,698,512,81,81
54,696,511,81,81
55,696,509,81,81
56,697,510,81,81
57,695,509,81,81
58,697,510,81,81
59,695,511,81,81
60,691,511,81,81
61,693,511,81,81
62,691,510,81,81
63,688,506,81,81
64,684,506,81,81
65,1070,527,81,81
66,1105,536,81,81
67,1102,537,81,81
68,1092,534,81,81
69,1089,543,81,81
70,1066,535,81,81
71,981,548,81,81
72,944,544,81,81
73,946,543,81,81
74,215,823,81,81
75,249,805,81,81
76,407,815,81,81
77,378,822,81,81
78,378,829,81,81
79,376,830,81,81
80,533,811,81,81
81,435,817,81,81
82,402,824,81,81
83,489,782,81,81
84,861,670,81,81
85,862,669,81,81
86,875,687,81,81
87,784,699,81,81
88,706,689,81,81
89,669,673,81,81
90,654,631,81,81
91,656,630,81,81
92,525,837,81,81
93,519,827,81,81
94,512,820,81,81
95,502,820,81,81
96,662,536,81,81
97,665,535,81,81
98,664,529,81,81
99,655,525,81,81
100,624,527,81,81
101,912,174,81,81
102,971,158,81,81
103,976,157,81,81
104,70,951,81,81
105,1584,109,81,81
106,1583,94,81,81
107,1585,81,81,81
108,1577,71,81,81
109,1576,72,81,81
110,1575,61,81,81
111,1571,51,81,81
112,1575,42,81,81
113,1565,34,81,81
114,1562,25,81,81
115,1565,24,81,81
116,1555,18,81,81
117,1551,9,81,81
118,1541,5,81,81
119,1532,2,81,81
120,1420,33,81,81
121,1425,31,81,81
122,1397,34,81,81
123,1403,27,81,81
124,1398,25,81,81
125,1406,25,81,81
126,1423,22,81,81
127,1416,24,81,81
128,1425,25,81,81
129,1432,31,81,81
130,1439,39,81,81
131,1441,48,81,81
132,1475,53,81,81
133,1469,55,81,81
134,1475,63,81,81
135,1496,68,81,81
136,1532,66,81,81
137,1527,78,81,81
138,1489,101,81,81
139,1481,104,81,81
140,1500,110,81,81
141,1499,120,81,81
142,1497,133,81,81
143,1341,193,81,81
144,1383,191,81,81
145,1386,190,81,81
146,1329,217,81,81
147,1279,202,81,81
148,1203,228,81,81
149,1078,287,81,81
150,1009,293,81,81
151,1008,293,81,81
152,1079,331,81,81
153,1202,232,81,81
154,1220,237,81,81
155,1204,248,81,81
156,1194,243,81,81
157,1193,242,81,81
158,1200,250,81,81
159,1794,951,81,81
160,243,577,81,81
161,237,579,81,81
162,236,577,81,81
163,240,576,81,81
164,233,577,81,81
165,317,548,81,81
166,299,548,81,81
167,304,540,81,81
168,309,533,81,81
169,300,533,81,81
170,293,528,81,81
171,302,519,81,81
172,307,512,81,81
173,281,516,81,81
174,276,517,81,81
175,274,518,81,81
176,279,515,81,81
177,269,514,81,81
178,272,512,81,81
179,245,518,81,81
180,254,515,81,81
181,251,515,81,81
182,259,513,81,81
183,267,513,81,81
184,264,513,81,81
185,327,500,81,81
186,323,501,81,81
187,325,500,81,81
188,333,500,81,81
189,334,500,81,81
190,332,498,81,81
191,341,498,81,81
192,346,499,81,81
193,342,500,81,81
194,1443,258,81,81
195,1439,262,81,81
196,1431,268,81,81
197,1430,268,81,81
198,1429,270,81,81
199,1426,271,81,81
200,1426,274,81,81
201,1323,303,81,81
202,1318,306,81,81
203,1318,306,81,81
204,1261,322,81,81
205,1249,325,81,81
206,1256,322,81,81
207,1265,317,81,81
208,1203,334,81,81
209,1128,354,81,81
210,1126,352,81,81
211,1116,356,81,81
212,1117,353,81,81
213,1110,350,81,81
214,1112,344,81,81
215,1085,349,81,81
216,1086,342,81,81
217,1092,340,81,81
218,1101,331,81,81
219,1098,324,81,81
220,1098,316,81,81
221,1056,323,81,81
222,1061,310,81,81
223,1056,312,81,81
224,1020,310,81,81
225,990,308,81,81
226,985,300,81,81
227,980,287,81,81
228,961,279,81,81
229,960,280,81,81
230,958,273,81,81
231,949,262,81,81
232,933,253,81,81
233,909,247,81,81
234,903,234,81,81
235,879,245,81,81
236,873,237,81,81
237,867,227,81,81
238,858,220,81,81
239,851,215,81,81
240,819,222,81,81
241,823,212,81,81
242,826,211,81,81
243,832,206,81,81
244,835,204,81,81
245,835,204,81,81
246,819,215,81,81
247,783,237,81,81
248,786,235,81,81
249,784,245,81,81
250,791,253,81,81
251,797,259,81,81
252,804,268,81,81
253,813,277,81,81
254,821,274,81,81
255,858,274,81,81
256,864,283,81,81
257,873,292,81,81
258,849,312,81,81
259,819,331,81,81
260,814,332,81,81
261,859,331,81,81
262,835,348,81,81
263,859,348,81,81
264,861,352,81,81
265,870,353,81,81
266,861,356,81,81
267,854,359,81,81
268,858,362,81,81
269,852,365,81,81
270,803,378,81,81
271,798,380,81,81
272,795,381,81,81
273,798,381,81,81
274,788,385,81,81
275,784,385,81,81
276,791,383,81,81
277,791,382,81,81
278,788,383,81,81
279,779,386,81,81
280,774,388,81,81
281,772,388,81,81
282,774,386,81,81
283,778,384,81,81
284,783,383,81,81
285,786,381,81,81
286,781,380,81,81
287,775,380,81,81
288,773,379,81,81
289,767,379,81,81
290,763,379,81,81
291,764,377,81,81
292,768,376,81,81
293,770,375,81,81
294,762,374,81,81
295,768,374,81,81
296,772,374,81,81
297,781,373,81,81
298,798,372,81,81
299,801,371,81,81
300,793,371,81,81
301,799,372,81,81
302,797,372,81,81
303,800,375,81,81
304,795,378,81,81
305,803,380,81,81
306,796,383,81,81
307,722,388,81,81
308,721,388,81,81
309,723,390,81,81
310,713,392,81,81
311,715,394,81,81
312,705,397,81,81
313,707,399,81,81
314,710,399,81,81
315,715,400,81,81
316,708,403,81,81
317,710,407,81,81
318,711,411,81,81
319,716,414,81,81
320,721,414,81,81
321,717,418,81,81
322,713,420,81,81
323,720,423,81,81
324,646,424,81,81
325,661,427,81,81
326,668,428,81,81
327,725,434,81,81
328,708,435,81,81
329,643,436,81,81
330,635,439,81,81
331,632,441,81,81
332,637,440,81,81
333,644,443,81,81
334,654,447,81,81
335,655,452,81,81
336,650,454,81,81
337,644,457,81,81
338,646,456,81,81
339,652,458,81,81
340,646,455,81,81
341,643,453,81,81
342,644,451,81,81
343,640,449,81,81
344,631,448,81,81
345,638,444,81,81
346,642,439,81,81
347,640,435,81,81
348,635,430,81,81
349,627,426,81,81
350,635,427,81,81
351,634,422,81,81
352,634,417,81,81
353,637,412,81,81
354,631,409,81,81
355,607,403,81,81
356,600,402,81,81
357,598,397,81,81
358,588,393,81,81
359,589,391,81,81
360,584,388,81,81
361,591,387,81,81
362,597,388,81,81
363,610,387,81,81
364,553,379,81,81
365,549,378,81,81
366,552,380,81,81
367,550,380,81,81
368,555,381,81,81
369,559,383,81,81
370,564,387,81,81
371,567,389,81,81
372,573,394,81,81
373,567,397,81,81
374,572,397,81,81
375,571,404,81,81
376,562,410,81,81
377,553,417,81,81
378,554,425,81,81
379,549,433,81,81
380,543,433,81,81
381,532,438,81,81
382,519,445,81,81
383,512,452,81,81
384,486,460,81,81
385,481,469,81,81
386,488,470,81,81
387,497,478,81,81
388,497,484,81,81
389,534,492,81,81
390,535,495,81,81
391,528,497,81,81
392,533,498,81,81
393,527,498,81,81
394,534,495,81,81
395,532,491,81,81
396,523,484,81,81
397,523,479,81,81
398,521,479,81,81
399,513,471,81,81
400,518,465,81,81
401,512,459,81,81
402,517,455,81,81
403,508,449,81,81
404,502,449,81,81
405,480,442,81,81
406,476,437,81,81
407,469,434,81,81
408,463,430,81,81
409,454,427,81,81
410,446,426,81,81
411,448,426,81,81
412,449,429,81,81
413,451,428,81,81
414,458,429,81,81
415,465,430,81,81
416,467,430,81,81
417,475,433,81,81
418,478,438,81,81
419,471,440,81,81
420,472,442,81,81
421,507,454,81,81
422,512,454,81,81
423,508,460,81,81
424,505,468,81,81
425,497,477,81,81
426,490,487,81,81
427,483,499,81,81
428,480,499,81,81
429,480,508,81,81
430,470,515,81,81
431,464,524,81,81
432,444,527,81,81
433,434,531,81,81
434,444,533,81,81
435,443,537,81,81
436,462,544,81,81
437,460,549,81,81
438,461,554,81,81
439,464,558,81,81
440,485,566,81,81
441,487,566,81,81
442,518,571,81,81
443,517,576,81,81
444,522,582,81,81
445,532,588,81,81
446,551,593,81,81
447,554,593,81,81
448,583,602,81,81
449,684,594,81,81
450,676,597,81,81
451,676,601,81,81
452,679,604,81,81
453,675,603,81,81
454,699,607,81,81
455,818,606,81,81
456,811,609,81,81
457,828,615,81,81
458,850,617,81,81
459,853,617,81,81
460,859,618,81,81
461,808,618,81,81
462,798,619,81,81
463,788,618,81,81
464,759,617,81,81
465,766,618,81,81
466,770,622,81,81
467,772,623,81,81
468,777,625,81,81
469,786,629,81,81
470,792,631,81,81
471,788,630,81,81
472,799,630,81,81
473,810,627,81,81
474,799,630,81,81
475,803,626,81,81
476,824,628,81,81
477,826,628,81,81
478,832,619,81,81
479,846,617,81,81
480,866,612,81,81
481,889,610,81,81
482,906,606,81,81
483,904,605,81,81
484,912,607,81,81
485,836,187,81,81
486,814,192,81,81
487,782,194,81,81
488,716,193,81,81
489,719,193,81,81
490,668,185,81,81
491,612,187,81,81
492,1384,761,81,81
493,1379,759,81,81
494,1315,762,81,81
495,1315,761,81,81
496,1309,760,81,81
497,330,716,81,81
498,320,714,81,81
499,321,689,81,81
500,344,700,81,81
501,345,701,81,81
502,339,701,81,81
503,346,698,81,81
504,354,695,81,81
505,415,707,81,81
506,458,705,81,81
507,455,705,81,81
508,464,702,81,81
509,453,701,81,81
510,1030,691,81,81
511,929,691,81,81
512,925,689,81,81
513,927,689,81,81
514,921,691,81,81
515,917,691,81,81
516,915,687,81,81
517,839,689,81,81
518,837,686,81,81
519,835,685,81,81
520,794,682,81,81
521,785,681,81,81
522,1113,680,81,81
523,1118,679,81,81
524,1111,679,81,81
525,1112,679,81,81
526,1136,678,81,81
527,1129,678,81,81
528,1134,679,81,81
529,1076,682,81,81
530,1018,685,81,81
531,1015,686,81,81
532,999,681,81,81
533,1006,681,81,81
534,999,680,81,81
535,1388,654,81,81
536,1346,655,81,81
537,1338,655,81,81
538,1337,658,81,81
539,1346,657,81,81
540,1394,654,81,81
541,1370,653,81,81
542,1377,652,81,81
543,1375,652,81,81
544,1368,648,81,81
545,1373,652,81,81
546,1371,652,81,81
547,1347,652,81,81
548,1277,652,81,81
549,1271,652,81,81
550,1270,649,81,81
551,1266,650,81,81
552,1194,644,81,81
553,1109,644,81,81
554,1107,637,81,81
555,1108,636,81,81
556,1101,630,81,81
557,1106,623,81,81
558,1106,623,81,81
559,1111,614,81,81
560,1119,613,81,81
561,1123,612,81,81
562,1121,607,81,81
563,1114,603,81,81
564,1114,606,81,81
565,1107,611,81,81
566,1154,607,81,81
567,1155,607,81,81
568,1144,602,81,81
569,1150,599,81,81
570,1140,595,81,81
571,1131,591,81,81
572,1121,584,81,81
573,1119,583,81,81
574,1078,561,81,81
575,1084,564,81,81
576,1141,573,81,81
577,1148,569,81,81
578,1182,564,81,81
579,1184,563,81,81
580,1185,559,81,81
581,1175,557,81,81
582,1172,555,81,81
583,1177,554,81,81
584,1072,556,81,81
585,1062,556,81,81
586,1080,556,81,81
587,1078,555,81,81
588,1071,554,81,81
589,1062,554,81,81
590,1066,554,81,81
591,1062,553,81,81
592,1068,551,81,81
593,1069,550,81,81
594,1076,550,81,81
595,1082,549,81,81
596,1087,548,81,81
597,1092,548,81,81
598,1090,544,81,81
599,1086,545,81,81
600,1093,542,81,81
601,1100,539,81,81
602,1101,535,81,81
603,1105,535,81,81
604,1139,529,81,81
605,1144,526,81,81
606,1141,525,81,81
