11-Occlusion 27
4,484,185,66,90
5,490,182,66,90
6,494,182,66,90
7,498,182,66,90
8,497,183,66,90
9,499,184,66,90
10,500,182,66,90
11,503,181,66,90
12,502,178,66,90
13,501,179,66,90
14,501,180,66,90
15,506,177,66,90
16,508,177,66,90
17,505,178,66,90
18,501,176,66,90
19,499,177,66,90
20,499,177,66,90
21,500,180,66,90
22,510,179,66,90
23,515,184,66,90
24,525,186,66,90
25,535,186,66,90
26,547,185,66,90
27,558,181,66,90
28,566,179,66,90
29,575,176,66,90
30,578,170,66,90
31,587,166,66,90
32,594,164,66,90
33,596,163,66,90
34,600,161,66,90
35,604,158,66,90
36,605,158,66,90
37,608,156,66,90
38,611,153,66,90
39,616,152,66,90
40,622,152,66,90
41,628,151,66,90
42,632,150,66,90
43,641,143,66,90
44,651,142,66,90
45,653,140,66,90
46,652,137,66,90
47,0,144,66,90
48,4,144,66,90
49,7,145,66,90
50,6,145,66,90
51,6,145,66,90
52,7,144,66,90
53,9,145,66,90
54,11,142,66,90
55,11,145,66,90
56,13,146,66,90
57,13,149,66,90
58,16,149,66,90
59,19,148,66,90
60,19,151,66,90
61,21,150,66,90
62,21,149,66,90
63,18,147,66,90
64,19,146,66,90
65,21,144,66,90
66,20,142,66,90
67,17,140,66,90
68,16,137,66,90
69,13,140,66,90
