11-Occlusion 2
15,794,280,65,47
16,800,278,65,47
17,815,276,65,47
18,825,272,65,47
19,830,271,65,47
20,832,269,65,47
21,839,271,65,47
22,844,271,65,47
23,849,268,65,47
24,856,270,65,47
25,859,273,65,47
26,862,275,65,47
27,859,275,65,47
28,859,278,65,47
29,854,277,65,47
30,848,278,65,47
31,847,279,65,47
32,844,280,65,47
33,842,281,65,47
34,834,280,65,47
35,835,278,65,47
36,830,275,65,47
37,831,276,65,47
38,829,272,65,47
39,828,264,65,47
40,828,262,65,47
41,826,258,65,47
42,831,252,65,47
43,840,250,65,47
44,845,245,65,47
45,843,238,65,47
46,843,233,65,47
47,837,227,65,47
48,830,219,65,47
49,823,212,65,47
50,817,207,65,47
51,813,203,65,47
52,800,200,65,47
53,793,194,65,47
54,787,188,65,47
55,781,184,65,47
56,775,180,65,47
57,771,177,65,47
58,766,176,65,47
59,760,178,65,47
60,752,182,65,47
61,743,182,65,47
62,735,183,65,47
63,729,188,65,47
64,726,189,65,47
65,722,193,65,47
66,720,197,65,47
67,715,204,65,47
68,719,209,65,47
69,725,212,65,47
70,718,219,65,47
71,724,221,65,47
72,729,219,65,47
73,733,219,65,47
74,737,221,65,47
75,743,219,65,47
76,746,222,65,47
77,749,222,65,47
78,750,222,65,47
79,748,218,65,47
80,748,219,65,47
81,746,219,65,47
82,744,220,65,47
83,741,221,65,47
84,736,220,65,47
85,737,214,65,47
86,736,214,65,47
87,733,214,65,47
88,727,212,65,47
89,721,210,65,47
90,718,207,65,47
91,712,205,65,47
92,704,202,65,47
93,697,197,65,47
94,692,193,65,47
95,687,188,65,47
96,680,184,65,47
97,673,179,65,47
98,665,175,65,47
99,659,172,65,47
100,652,167,65,47
101,644,162,65,47
102,637,158,65,47
103,630,152,65,47
104,625,148,65,47
105,617,145,65,47
106,609,143,65,47
107,601,143,65,47
108,593,140,65,47
109,587,139,65,47
110,581,133,65,47
111,572,127,65,47
112,559,121,65,47
113,540,117,65,47
114,523,113,65,47
115,504,112,65,47
116,489,113,65,47
117,475,113,65,47
118,452,108,65,47
119,443,92,65,47
120,418,88,65,47
121,402,85,65,47
122,381,81,65,47
123,338,73,65,47
124,380,70,65,47
125,374,63,65,47
126,349,59,65,47
127,342,119,65,47
128,339,117,65,47
129,335,116,65,47
130,53,158,65,47
131,46,153,65,47
132,41,146,65,47
133,35,140,65,47
134,34,134,65,47
135,38,130,65,47
136,29,123,65,47
137,775,462,65,47
138,740,464,65,47
139,747,458,65,47
140,704,445,65,47
141,701,441,65,47
142,663,432,65,47
143,659,434,65,47
144,685,430,65,47
145,679,427,65,47
