12-MovingCamera 20
76,326,481,61,76
77,423,472,61,76
78,438,453,61,76
79,445,459,61,76
80,469,438,61,76
81,477,443,61,76
82,469,434,61,76
83,500,347,61,76
84,498,338,61,76
85,484,326,61,76
86,461,337,61,76
87,457,337,61,76
88,453,329,61,76
89,444,322,61,76
90,463,327,61,76
91,464,319,61,76
92,470,277,61,76
93,444,272,61,76
94,451,252,61,76
95,379,228,61,76
96,371,237,61,76
97,288,240,61,76
98,279,263,61,76
99,160,130,61,76
100,156,180,61,76
101,159,183,61,76
102,187,153,61,76
103,183,140,61,76
104,177,164,61,76
105,707,525,61,76
106,758,491,61,76
107,577,243,61,76
108,561,306,61,76
109,556,301,61,76
110,566,344,61,76
111,568,328,61,76
112,575,319,61,76
113,570,323,61,76
114,557,283,61,76
115,561,291,61,76
116,559,312,61,76
117,551,314,61,76
118,530,278,61,76
119,567,164,61,76
120,567,166,61,76
121,617,270,61,76
122,619,275,61,76
123,606,252,61,76
124,636,276,61,76
125,636,340,61,76
126,629,337,61,76
127,616,345,61,76
128,620,336,61,76
129,577,369,61,76
130,601,396,61,76
131,594,403,61,76
132,540,365,61,76
133,535,366,61,76
134,511,337,61,76
135,508,331,61,76
136,495,305,61,76
137,516,288,61,76
138,549,322,61,76
139,540,319,61,76
140,523,313,61,76
141,530,309,61,76
142,508,280,61,76
143,501,283,61,76
144,1207,35,61,76
145,1215,32,61,76
146,1205,24,61,76
