12-MovingCamera 8
81,1328,357,71,90
82,1322,351,71,90
83,1318,346,71,90
84,1317,340,71,90
85,1318,334,71,90
86,1324,334,71,90
87,1326,335,71,90
88,1330,329,71,90
89,1334,322,71,90
90,1334,318,71,90
91,1330,313,71,90
92,1323,314,71,90
93,1313,323,71,90
94,1306,331,71,90
95,1298,339,71,90
96,1294,346,71,90
97,1283,355,71,90
98,1270,364,71,90
99,1263,368,71,90
100,1256,372,71,90
101,1247,375,71,90
102,1238,383,71,90
103,183,728,71,90
104,189,737,71,90
105,213,734,71,90
106,205,742,71,90
107,211,743,71,90
108,216,742,71,90
109,206,742,71,90
110,216,733,71,90
111,217,728,71,90
112,218,724,71,90
113,221,718,71,90
114,230,712,71,90
115,227,709,71,90
116,230,706,71,90
117,223,708,71,90
118,228,703,71,90
119,230,700,71,90
120,213,700,71,90
121,216,692,71,90
122,211,685,71,90
123,193,684,71,90
124,187,675,71,90
125,190,666,71,90
126,190,649,71,90
127,183,636,71,90
128,178,626,71,90
129,175,617,71,90
130,167,611,71,90
131,162,605,71,90
132,147,594,71,90
133,138,583,71,90
134,172,568,71,90
135,222,551,71,90
136,215,542,71,90
137,212,532,71,90
138,202,516,71,90
139,208,505,71,90
140,209,499,71,90
141,202,495,71,90
142,399,487,71,90
143,393,483,71,90
144,400,481,71,90
145,388,479,71,90
146,386,473,71,90
147,395,468,71,90
148,391,460,71,90
149,393,455,71,90
150,399,460,71,90
151,392,461,71,90
152,406,460,71,90
153,404,458,71,90
154,403,448,71,90
155,401,438,71,90
156,390,441,71,90
157,380,445,71,90
158,378,441,71,90
159,488,455,71,90
160,506,459,71,90
161,497,456,71,90
162,494,453,71,90
163,466,452,71,90
164,1749,671,71,90
165,1759,686,71,90
166,1754,704,71,90
167,1757,721,71,90
168,1750,733,71,90
169,1724,740,71,90
170,1713,745,71,90
171,1698,738,71,90
172,1688,733,71,90
173,1691,741,71,90
174,1605,727,71,90
175,1597,729,71,90
176,1586,729,71,90
177,1596,739,71,90
178,1632,757,71,90
179,1632,761,71,90
180,1639,762,71,90
