13-ZoomingCamera 2
4,292,325,32,38
5,290,324,32,38
6,286,325,32,38
7,286,327,32,38
8,283,328,32,38
9,281,330,32,38
10,278,332,32,38
11,670,12,32,38
12,0,0,32,38
13,0,0,32,38
14,0,0,32,38
15,0,0,32,38
16,0,0,32,38
17,0,0,32,38
18,0,0,32,38
19,0,0,32,38
20,0,0,32,38
21,0,0,32,38
22,0,0,32,38
23,0,0,32,38
24,0,0,32,38
25,0,0,32,38
26,0,0,32,38
27,0,0,32,38
28,0,0,32,38
29,0,0,32,38
30,0,0,32,38
31,0,0,32,38
32,0,0,32,38
33,0,0,32,38
34,0,0,32,38
35,0,0,32,38
36,0,0,32,38
37,0,0,32,38
38,0,0,32,38
39,0,0,32,38
40,0,0,32,38
41,0,0,32,38
42,0,0,32,38
43,0,0,32,38
44,0,0,32,38
45,0,0,32,38
46,0,0,32,38
47,0,0,32,38
48,0,0,32,38
49,0,0,32,38
50,0,0,32,38
51,0,0,32,38
52,0,0,32,38
53,0,0,32,38
54,0,0,32,38
55,0,0,32,38
56,0,0,32,38
57,0,0,32,38
58,0,0,32,38
59,0,0,32,38
60,0,0,32,38
61,0,0,32,38
62,0,0,32,38
63,0,0,32,38
64,0,0,32,38
65,0,0,32,38
66,0,0,32,38
67,0,0,32,38
68,0,0,32,38
69,0,0,32,38
70,0,0,32,38
71,0,0,32,38
72,0,0,32,38
73,0,0,32,38
74,0,0,32,38
75,0,0,32,38
76,0,0,32,38
77,0,0,32,38
78,0,0,32,38
79,0,0,32,38
80,0,0,32,38
81,0,0,32,38
82,0,0,32,38
83,0,0,32,38
84,0,0,32,38
85,0,0,32,38
86,0,0,32,38
87,0,0,32,38
88,0,0,32,38
89,0,0,32,38
90,0,0,32,38
91,0,0,32,38
92,0,0,32,38
93,0,0,32,38
94,0,0,32,38
95,0,0,32,38
96,0,0,32,38
97,0,0,32,38
98,0,0,32,38
99,0,0,32,38
100,0,0,32,38
101,0,0,32,38
102,0,0,32,38
103,0,0,32,38
104,0,0,32,38
105,0,0,32,38
106,0,0,32,38
107,0,0,32,38
108,0,0,32,38
109,0,0,32,38
110,0,0,32,38
111,0,0,32,38
112,0,0,32,38
113,0,0,32,38
114,0,0,32,38
115,0,0,32,38
116,0,0,32,38
117,0,0,32,38
118,0,0,32,38
119,0,0,32,38
120,0,0,32,38
121,0,0,32,38
122,0,0,32,38
123,0,0,32,38
124,0,0,32,38
125,0,0,32,38
126,0,0,32,38
127,0,0,32,38
128,0,0,32,38
129,0,0,32,38
130,0,0,32,38
131,0,0,32,38
132,0,0,32,38
133,0,0,32,38
134,0,0,32,38
135,0,0,32,38
136,0,0,32,38
137,0,0,32,38
138,0,0,32,38
139,0,0,32,38
140,0,0,32,38
141,0,0,32,38
142,0,0,32,38
143,0,0,32,38
144,0,0,32,38
145,0,0,32,38
146,0,0,32,38
147,0,0,32,38
148,0,0,32,38
149,0,0,32,38
150,0,0,32,38
151,0,0,32,38
152,0,0,32,38
153,0,0,32,38
154,0,0,32,38
155,0,0,32,38
156,0,0,32,38
157,0,0,32,38
158,0,0,32,38
159,0,0,32,38
160,0,0,32,38
161,0,0,32,38
162,0,0,32,38
163,0,0,32,38
164,0,0,32,38
165,0,0,32,38
166,0,0,32,38
167,0,0,32,38
168,0,0,32,38
169,0,0,32,38
170,0,0,32,38
171,0,0,32,38
172,0,0,32,38
173,0,0,32,38
174,0,0,32,38
175,0,0,32,38
176,0,0,32,38
177,0,0,32,38
178,0,0,32,38
179,0,0,32,38
