13-ZoomingCamera 4
1,308,225,31,38
2,310,227,31,38
3,307,230,31,38
4,303,228,31,38
5,300,226,31,38
6,298,226,31,38
7,296,226,31,38
8,293,224,31,38
9,293,224,31,38
10,293,226,31,38
11,296,249,31,38
12,295,252,31,38
13,295,255,31,38
14,295,258,31,38
15,294,257,31,38
16,293,259,31,38
17,292,262,31,38
18,291,259,31,38
19,289,256,31,38
20,289,254,31,38
21,288,257,31,38
22,290,258,31,38
23,290,259,31,38
24,289,259,31,38
25,289,258,31,38
26,287,261,31,38
27,284,264,31,38
28,283,266,31,38
29,280,267,31,38
30,279,263,31,38
31,275,267,31,38
32,273,263,31,38
33,272,260,31,38
34,269,257,31,38
35,266,259,31,38
36,266,259,31,38
37,264,258,31,38
38,261,259,31,38
39,260,262,31,38
40,258,264,31,38
41,257,266,31,38
42,256,269,31,38
43,255,273,31,38
44,256,274,31,38
45,255,274,31,38
46,254,278,31,38
47,244,281,31,38
48,332,33,31,38
49,340,33,31,38
50,295,30,31,38
51,173,272,31,38
52,146,273,31,38
53,140,247,31,38
54,123,252,31,38
55,117,253,31,38
56,119,256,31,38
57,112,292,31,38
58,350,199,31,38
59,348,203,31,38
60,406,407,31,38
61,410,410,31,38
62,420,408,31,38
63,429,411,31,38
64,438,421,31,38
65,456,402,31,38
66,472,386,31,38
67,484,391,31,38
68,473,389,31,38
69,479,387,31,38
70,496,392,31,38
71,492,395,31,38
72,492,396,31,38
73,493,396,31,38
74,508,399,31,38
75,508,402,31,38
76,510,400,31,38
77,508,398,31,38
78,511,395,31,38
79,507,384,31,38
80,510,382,31,38
81,512,381,31,38
82,516,384,31,38
83,525,386,31,38
84,530,393,31,38
85,536,395,31,38
86,542,394,31,38
87,545,385,31,38
88,549,384,31,38
89,554,375,31,38
90,560,377,31,38
91,560,375,31,38
