13-ZoomingCamera 15
1,1040,364,71,71
2,1038,364,71,71
3,1035,363,71,71
4,1033,362,71,71
5,1035,362,71,71
6,1039,362,71,71
7,1038,361,71,71
8,1039,361,71,71
9,1033,361,71,71
10,1029,360,71,71
11,1025,360,71,71
12,1025,361,71,71
13,1029,362,71,71
14,1030,362,71,71
15,1035,363,71,71
16,1037,364,71,71
17,1032,366,71,71
18,1025,366,71,71
19,1023,365,71,71
20,1024,364,71,71
21,1025,364,71,71
22,1020,363,71,71
23,1023,364,71,71
24,1022,363,71,71
25,1014,362,71,71
26,1022,361,71,71
27,1024,361,71,71
28,1024,362,71,71
29,1019,361,71,71
30,1018,360,71,71
31,1016,361,71,71
32,1013,362,71,71
33,1013,362,71,71
34,1009,363,71,71
35,1009,363,71,71
36,1005,363,71,71
37,1002,365,71,71
38,994,367,71,71
39,991,368,71,71
40,992,368,71,71
41,991,370,71,71
42,991,371,71,71
43,991,369,71,71
44,992,370,71,71
45,988,370,71,71
46,985,370,71,71
47,986,370,71,71
48,987,370,71,71
49,986,372,71,71
50,985,372,71,71
51,986,370,71,71
52,987,370,71,71
53,987,371,71,71
54,984,373,71,71
55,982,372,71,71
56,978,373,71,71
57,977,373,71,71
58,974,374,71,71
59,970,374,71,71
60,970,374,71,71
61,969,372,71,71
62,969,373,71,71
63,968,375,71,71
64,971,375,71,71
65,971,374,71,71
66,971,375,71,71
67,971,374,71,71
68,967,375,71,71
69,966,375,71,71
70,967,376,71,71
71,963,375,71,71
72,960,376,71,71
73,960,376,71,71
74,965,375,71,71
75,964,375,71,71
76,961,375,71,71
77,963,375,71,71
78,958,376,71,71
79,957,376,71,71
80,954,376,71,71
81,955,377,71,71
82,950,378,71,71
83,946,378,71,71
84,953,377,71,71
85,955,377,71,71
86,957,376,71,71
87,958,375,71,71
88,962,376,71,71
89,964,376,71,71
90,959,376,71,71
91,962,376,71,71
92,964,376,71,71
93,963,376,71,71
94,962,376,71,71
95,965,376,71,71
96,961,377,71,71
97,963,376,71,71
98,968,376,71,71
99,965,377,71,71
100,967,378,71,71
101,969,377,71,71
102,967,376,71,71
103,966,376,71,71
104,966,376,71,71
105,968,376,71,71
106,968,377,71,71
107,970,377,71,71
108,969,377,71,71
109,976,375,71,71
110,974,375,71,71
111,978,375,71,71
112,983,374,71,71
113,986,375,71,71
114,986,376,71,71
115,984,375,71,71
116,985,375,71,71
117,984,376,71,71
118,990,375,71,71
119,984,376,71,71
120,981,376,71,71
121,981,377,71,71
122,982,376,71,71
123,983,376,71,71
124,985,376,71,71
125,987,376,71,71
126,987,376,71,71
127,990,376,71,71
128,991,375,71,71
129,989,376,71,71
130,991,376,71,71
131,989,377,71,71
132,987,376,71,71
133,984,376,71,71
134,986,375,71,71
135,988,374,71,71
136,986,375,71,71
137,985,375,71,71
138,981,376,71,71
139,982,376,71,71
140,979,376,71,71
141,979,376,71,71
142,981,376,71,71
143,977,376,71,71
144,975,376,71,71
145,975,376,71,71
146,980,375,71,71
147,984,375,71,71
148,986,375,71,71
149,985,375,71,71
150,987,375,71,71
151,986,374,71,71
152,984,374,71,71
153,981,373,71,71
154,983,372,71,71
155,984,371,71,71
156,982,371,71,71
157,981,370,71,71
158,983,370,71,71
159,985,372,71,71
160,988,372,71,71
161,986,373,71,71
162,989,371,71,71
163,988,370,71,71
164,986,370,71,71
165,988,370,71,71
166,987,372,71,71
167,986,373,71,71
168,989,372,71,71
169,989,371,71,71
170,991,373,71,71
171,988,374,71,71
172,988,373,71,71
173,991,373,71,71
174,987,372,71,71
175,989,371,71,71
176,990,372,71,71
177,992,373,71,71
178,989,373,71,71
179,991,372,71,71
180,986,372,71,71
181,988,372,71,71
