13-ZoomingCamera 12
31,250,159,56,43
32,253,158,56,43
33,251,158,56,43
34,250,156,56,43
35,248,153,56,43
36,249,151,56,43
37,245,149,56,43
38,244,147,56,43
39,239,146,56,43
40,239,146,56,43
41,237,145,56,43
42,237,145,56,43
43,236,146,56,43
44,232,147,56,43
45,229,148,56,43
46,225,147,56,43
47,221,145,56,43
48,221,143,56,43
49,215,143,56,43
50,210,143,56,43
51,204,143,56,43
52,206,142,56,43
53,207,141,56,43
54,208,140,56,43
55,210,139,56,43
56,203,139,56,43
57,201,138,56,43
58,201,138,56,43
59,199,139,56,43
60,193,139,56,43
61,197,139,56,43
62,202,138,56,43
63,197,138,56,43
64,192,137,56,43
65,190,137,56,43
66,190,136,56,43
67,186,136,56,43
68,184,135,56,43
69,183,133,56,43
70,184,133,56,43
71,180,133,56,43
72,182,132,56,43
73,183,131,56,43
74,181,130,56,43
75,181,130,56,43
76,179,130,56,43
77,179,130,56,43
78,175,131,56,43
79,173,131,56,43
80,171,130,56,43
81,170,130,56,43
82,172,130,56,43
83,169,129,56,43
84,167,128,56,43
85,166,127,56,43
86,164,128,56,43
87,169,127,56,43
88,166,127,56,43
89,169,127,56,43
90,165,127,56,43
91,168,126,56,43
92,170,125,56,43
93,173,124,56,43
94,175,124,56,43
95,173,123,56,43
96,169,124,56,43
97,165,124,56,43
98,159,126,56,43
99,158,125,56,43
100,154,125,56,43
101,156,125,56,43
102,151,127,56,43
103,152,129,56,43
104,152,130,56,43
105,152,130,56,43
106,150,131,56,43
107,149,133,56,43
108,143,134,56,43
109,141,134,56,43
110,136,135,56,43
111,141,135,56,43
112,141,138,56,43
113,144,138,56,43
114,141,136,56,43
115,139,137,56,43
116,141,137,56,43
117,146,137,56,43
118,144,138,56,43
119,142,138,56,43
120,141,136,56,43
121,143,132,56,43
122,138,131,56,43
123,138,129,56,43
124,138,128,56,43
125,137,126,56,43
126,141,124,56,43
127,142,122,56,43
128,146,121,56,43
129,145,119,56,43
130,148,117,56,43
131,150,115,56,43
132,154,114,56,43
133,155,112,56,43
134,156,109,56,43
135,156,108,56,43
136,165,107,56,43
137,169,107,56,43
138,171,107,56,43
139,175,108,56,43
140,173,108,56,43
141,179,107,56,43
142,183,107,56,43
143,189,107,56,43
144,196,107,56,43
145,200,108,56,43
146,206,108,56,43
147,211,109,56,43
148,213,110,56,43
149,219,112,56,43
150,223,114,56,43
151,223,117,56,43
152,224,120,56,43
153,223,121,56,43
154,223,124,56,43
155,221,126,56,43
156,219,128,56,43
157,215,133,56,43
158,220,133,56,43
159,226,134,56,43
160,227,135,56,43
161,233,134,56,43
