13-ZoomingCamera 27
1,443,221,24,60
2,403,19,24,60
3,405,19,24,60
4,407,18,24,60
5,406,18,24,60
6,405,17,24,60
7,406,15,24,60
8,407,15,24,60
9,408,13,24,60
10,410,12,24,60
11,415,13,24,60
12,414,12,24,60
13,414,12,24,60
14,413,11,24,60
15,412,11,24,60
16,410,10,24,60
17,409,7,24,60
18,411,6,24,60
19,410,5,24,60
20,413,5,24,60
21,411,4,24,60
22,412,4,24,60
23,413,5,24,60
24,411,4,24,60
25,411,1,24,60
26,413,1,24,60
27,412,0,24,60
28,410,0,24,60
29,411,2,24,60
30,413,2,24,60
31,411,1,24,60
32,413,3,24,60
33,413,2,24,60
34,415,1,24,60
35,417,1,24,60
36,418,0,24,60
37,422,0,24,60
38,424,0,24,60
39,422,0,24,60
40,420,0,24,60
41,424,0,24,60
42,426,0,24,60
43,428,1,24,60
44,426,1,24,60
45,425,0,24,60
46,427,1,24,60
47,425,0,24,60
48,422,1,24,60
49,425,1,24,60
50,428,1,24,60
51,426,0,24,60
52,425,0,24,60
53,427,2,24,60
54,427,0,24,60
55,426,0,24,60
56,430,0,24,60
57,434,1,24,60
58,434,1,24,60
59,435,0,24,60
60,432,0,24,60
61,435,2,24,60
62,434,1,24,60
63,434,2,24,60
64,436,2,24,60
65,438,2,24,60
66,435,4,24,60
67,436,4,24,60
68,439,3,24,60
69,440,2,24,60
70,439,1,24,60
71,441,1,24,60
72,441,3,24,60
73,441,4,24,60
74,442,4,24,60
75,446,3,24,60
76,447,3,24,60
77,449,2,24,60
78,451,2,24,60
79,453,2,24,60
80,454,1,24,60
81,459,1,24,60
82,461,1,24,60
83,465,2,24,60
84,462,1,24,60
85,464,1,24,60
86,466,1,24,60
87,468,1,24,60
88,472,1,24,60
89,471,1,24,60
90,468,1,24,60
91,474,1,24,60
92,472,1,24,60
93,477,2,24,60
94,475,1,24,60
95,472,0,24,60
96,469,0,24,60
97,468,0,24,60
98,467,0,24,60
99,474,0,24,60
100,466,0,24,60
101,473,0,24,60
102,465,0,24,60
103,467,0,24,60
104,466,0,24,60
105,463,0,24,60
106,465,0,24,60
107,461,0,24,60
108,462,0,24,60
109,462,1,24,60
110,460,1,24,60
111,455,1,24,60
112,453,2,24,60
113,448,3,24,60
114,446,4,24,60
115,445,2,24,60
116,442,3,24,60
117,441,1,24,60
118,440,1,24,60
119,437,0,24,60
120,435,1,24,60
121,437,1,24,60
122,439,1,24,60
123,438,0,24,60
124,441,0,24,60
125,444,0,24,60
126,440,0,24,60
127,442,0,24,60
128,439,0,24,60
129,443,0,24,60
130,445,0,24,60
131,446,1,24,60
132,440,1,24,60
133,437,1,24,60
134,434,1,24,60
135,433,0,24,60
136,439,0,24,60
137,440,0,24,60
138,441,0,24,60
139,435,2,24,60
140,437,1,24,60
141,432,1,24,60
142,434,1,24,60
143,432,1,24,60
144,432,0,24,60
145,439,0,24,60
146,440,0,24,60
147,433,0,24,60
148,446,0,24,60
149,455,0,24,60
150,459,0,24,60
151,464,0,24,60
152,470,0,24,60
153,468,0,24,60
154,483,0,24,60
155,479,0,24,60
156,481,0,24,60
157,484,0,24,60
158,479,0,24,60
159,485,0,24,60
160,498,0,24,60
161,501,0,24,60
162,521,0,24,60
163,515,0,24,60
164,512,0,24,60
165,537,0,24,60
166,535,0,24,60
167,530,0,24,60
168,521,0,24,60
169,520,0,24,60
170,512,0,24,60
171,506,0,24,60
172,503,0,24,60
173,502,0,24,60
174,496,0,24,60
175,500,0,24,60
176,497,0,24,60
177,503,0,24,60
178,505,1,24,60
179,511,0,24,60
180,511,1,24,60
181,512,0,24,60
182,520,0,24,60
183,524,0,24,60
184,523,0,24,60
185,525,0,24,60
186,518,0,24,60
187,526,0,24,60
188,538,0,24,60
189,541,1,24,60
190,542,1,24,60
191,545,0,24,60
192,544,1,24,60
193,542,1,24,60
194,540,2,24,60
195,542,2,24,60
196,541,4,24,60
197,541,2,24,60
198,539,2,24,60
199,537,2,24,60
200,534,0,24,60
201,535,0,24,60
202,530,1,24,60
203,527,1,24,60
204,528,0,24,60
205,522,0,24,60
206,515,1,24,60
207,513,1,24,60
208,509,0,24,60
209,509,2,24,60
210,511,2,24,60
211,510,3,24,60
212,509,4,24,60
213,509,2,24,60
214,508,2,24,60
215,505,5,24,60
216,499,7,24,60
217,499,7,24,60
218,500,9,24,60
219,505,6,24,60
220,508,4,24,60
221,513,2,24,60
222,516,2,24,60
223,514,0,24,60
224,515,1,24,60
225,511,1,24,60
226,509,1,24,60
227,510,1,24,60
228,507,1,24,60
229,509,0,24,60
230,512,0,24,60
231,518,0,24,60
232,516,0,24,60
233,519,0,24,60
234,521,1,24,60
235,522,0,24,60
236,518,1,24,60
237,521,0,24,60
238,526,0,24,60
239,532,0,24,60
240,527,2,24,60
241,531,1,24,60
