13-ZoomingCamera 3
1,428,166,39,53
2,427,162,39,53
3,426,161,39,53
4,426,157,39,53
5,425,157,39,53
6,424,155,39,53
7,420,153,39,53
8,417,153,39,53
9,413,152,39,53
10,409,150,39,53
11,404,148,39,53
12,402,146,39,53
13,398,144,39,53
14,394,142,39,53
15,390,142,39,53
16,386,141,39,53
17,383,141,39,53
18,383,142,39,53
19,379,141,39,53
20,376,141,39,53
21,373,141,39,53
22,374,144,39,53
23,376,144,39,53
24,376,144,39,53
25,377,146,39,53
26,378,147,39,53
27,375,153,39,53
28,375,157,39,53
29,371,161,39,53
30,368,166,39,53
31,364,169,39,53
32,363,168,39,53
33,361,167,39,53
34,359,168,39,53
35,359,164,39,53
36,362,158,39,53
37,365,152,39,53
38,366,149,39,53
39,367,146,39,53
40,370,143,39,53
41,369,140,39,53
42,368,138,39,53
43,369,135,39,53
44,371,131,39,53
45,371,126,39,53
46,373,120,39,53
47,369,115,39,53
48,362,111,39,53
49,355,107,39,53
50,484,360,39,53
51,479,362,39,53
52,472,358,39,53
53,465,361,39,53
54,460,358,39,53
55,458,361,39,53
56,457,361,39,53
57,458,366,39,53
58,458,376,39,53
59,459,389,39,53
60,464,392,39,53
61,469,397,39,53
62,474,402,39,53
63,475,407,39,53
64,481,406,39,53
65,477,410,39,53
66,478,416,39,53
67,472,421,39,53
68,469,422,39,53
69,465,423,39,53
70,462,418,39,53
71,460,412,39,53
72,457,405,39,53
73,451,401,39,53
74,446,395,39,53
75,440,399,39,53
76,435,396,39,53
77,427,390,39,53
78,421,385,39,53
79,419,378,39,53
80,409,378,39,53
81,406,370,39,53
82,405,365,39,53
83,406,362,39,53
84,408,356,39,53
85,409,351,39,53
86,410,355,39,53
87,410,358,39,53
88,409,363,39,53
89,409,362,39,53
90,408,360,39,53
91,406,362,39,53
92,406,363,39,53
93,408,365,39,53
94,366,355,39,53
95,371,353,39,53
96,376,350,39,53
97,386,346,39,53
98,391,350,39,53
99,393,361,39,53
100,396,362,39,53
101,398,366,39,53
