14-LongDuration 4
1,473,103,306,98
2,469,110,306,98
3,468,114,306,98
4,468,118,306,98
5,475,119,306,98
6,490,117,306,98
7,487,120,306,98
8,482,131,306,98
9,495,132,306,98
10,492,132,306,98
11,510,129,306,98
12,510,126,306,98
13,500,126,306,98
14,503,124,306,98
15,513,117,306,98
16,512,113,306,98
17,507,120,306,98
18,504,122,306,98
19,508,120,306,98
20,510,123,306,98
21,519,125,306,98
22,512,123,306,98
23,511,123,306,98
24,512,133,306,98
25,504,134,306,98
26,504,128,306,98
27,494,123,306,98
28,493,124,306,98
29,490,124,306,98
30,495,123,306,98
31,497,118,306,98
32,509,116,306,98
33,496,118,306,98
34,491,119,306,98
35,495,121,306,98
36,481,125,306,98
37,481,125,306,98
38,477,124,306,98
39,483,113,306,98
40,480,110,306,98
41,475,101,306,98
42,487,100,306,98
43,466,99,306,98
44,472,101,306,98
45,476,105,306,98
46,473,108,306,98
47,478,110,306,98
48,466,111,306,98
49,463,114,306,98
50,461,113,306,98
51,460,109,306,98
52,453,105,306,98
53,443,103,306,98
54,429,100,306,98
55,425,101,306,98
56,426,100,306,98
57,409,104,306,98
58,406,101,306,98
59,407,112,306,98
60,402,113,306,98
61,390,115,306,98
62,390,115,306,98
63,390,118,306,98
64,395,121,306,98
65,390,120,306,98
66,388,120,306,98
67,380,123,306,98
68,379,123,306,98
69,379,124,306,98
70,381,127,306,98
71,383,126,306,98
72,361,125,306,98
73,365,127,306,98
74,364,125,306,98
75,361,126,306,98
76,361,126,306,98
77,361,132,306,98
78,362,126,306,98
79,380,120,306,98
80,379,121,306,98
81,380,114,306,98
82,375,114,306,98
83,374,118,306,98
84,370,119,306,98
85,371,127,306,98
86,365,129,306,98
87,370,135,306,98
88,361,131,306,98
89,361,131,306,98
90,359,129,306,98
91,359,124,306,98
92,362,124,306,98
93,358,124,306,98
94,359,123,306,98
95,359,123,306,98
96,362,136,306,98
97,364,142,306,98
98,351,141,306,98
99,350,141,306,98
100,356,139,306,98
101,351,140,306,98
102,350,140,306,98
103,350,143,306,98
104,349,140,306,98
105,349,141,306,98
106,348,142,306,98
107,347,140,306,98
108,351,137,306,98
109,342,135,306,98
110,339,137,306,98
111,338,136,306,98
112,337,135,306,98
113,343,136,306,98
114,345,133,306,98
115,334,133,306,98
116,341,130,306,98
117,337,135,306,98
118,339,135,306,98
119,331,137,306,98
120,331,137,306,98
121,337,143,306,98
122,337,143,306,98
123,340,143,306,98
124,340,151,306,98
125,338,148,306,98
126,339,149,306,98
127,343,147,306,98
128,346,141,306,98
129,346,144,306,98
130,348,142,306,98
131,357,140,306,98
132,361,137,306,98
133,352,136,306,98
134,364,136,306,98
135,367,137,306,98
136,367,131,306,98
137,370,130,306,98
138,371,133,306,98
139,360,135,306,98
140,359,134,306,98
141,358,131,306,98
142,363,132,306,98
143,374,126,306,98
144,370,127,306,98
145,366,123,306,98
146,359,124,306,98
147,358,125,306,98
148,356,128,306,98
149,359,128,306,98
150,359,128,306,98
151,358,129,306,98
152,357,125,306,98
153,356,122,306,98
154,347,124,306,98
155,336,119,306,98
156,332,118,306,98
157,336,119,306,98
158,328,114,306,98
159,322,113,306,98
160,325,115,306,98
161,327,114,306,98
162,326,114,306,98
163,325,118,306,98
164,325,118,306,98
165,324,120,306,98
166,321,117,306,98
167,321,117,306,98
168,320,117,306,98
169,327,114,306,98
170,322,110,306,98
171,322,110,306,98
172,323,109,306,98
173,313,107,306,98
174,313,107,306,98
175,319,109,306,98
176,321,121,306,98
177,321,122,306,98
178,321,128,306,98
179,320,127,306,98
180,315,137,306,98
181,318,136,306,98
182,312,129,306,98
183,317,126,306,98
184,311,118,306,98
185,318,112,306,98
186,321,115,306,98
187,318,121,306,98
188,320,122,306,98
189,321,115,306,98
190,325,119,306,98
191,327,122,306,98
192,329,122,306,98
193,326,128,306,98
194,332,122,306,98
195,340,122,306,98
196,343,111,306,98
197,347,114,306,98
198,350,111,306,98
199,354,114,306,98
200,362,117,306,98
201,357,118,306,98
202,371,121,306,98
203,381,114,306,98
204,374,112,306,98
205,368,107,306,98
206,366,103,306,98
207,361,103,306,98
208,367,104,306,98
209,360,103,306,98
210,362,105,306,98
211,378,111,306,98
212,384,113,306,98
213,397,117,306,98
214,398,134,306,98
215,411,134,306,98
216,403,138,306,98
217,406,132,306,98
218,409,134,306,98
219,405,134,306,98
220,396,129,306,98
221,400,131,306,98
222,387,138,306,98
223,412,135,306,98
224,412,135,306,98
225,418,137,306,98
226,413,138,306,98
227,412,141,306,98
228,424,139,306,98
229,427,130,306,98
230,432,128,306,98
231,424,119,306,98
232,421,112,306,98
233,426,107,306,98
234,428,105,306,98
235,446,103,306,98
236,446,103,306,98
237,452,102,306,98
238,459,109,306,98
239,468,109,306,98
240,462,117,306,98
241,462,118,306,98
242,461,115,306,98
243,436,114,306,98
244,437,115,306,98
245,442,111,306,98
246,451,110,306,98
247,444,108,306,98
248,444,107,306,98
249,442,112,306,98
250,442,111,306,98
251,441,107,306,98
252,441,106,306,98
253,440,103,306,98
254,421,103,306,98
255,428,95,306,98
256,419,95,306,98
257,404,92,306,98
258,384,95,306,98
259,390,91,306,98
260,387,88,306,98
261,388,89,306,98
262,388,80,306,98
263,393,87,306,98
264,395,90,306,98
265,393,94,306,98
266,373,96,306,98
267,373,97,306,98
268,374,96,306,98
269,367,96,306,98
270,386,95,306,98
271,385,95,306,98
272,413,93,306,98
273,413,93,306,98
274,440,91,306,98
275,438,90,306,98
276,429,89,306,98
277,415,87,306,98
278,420,85,306,98
279,431,83,306,98
280,405,86,306,98
281,408,86,306,98
282,389,86,306,98
283,387,89,306,98
284,393,90,306,98
285,389,95,306,98
286,401,92,306,98
287,407,88,306,98
288,409,92,306,98
289,411,90,306,98
290,422,84,306,98
291,428,84,306,98
292,416,85,306,98
293,417,84,306,98
294,407,84,306,98
295,395,88,306,98
296,407,89,306,98
297,373,95,306,98
298,375,89,306,98
299,375,91,306,98
300,375,96,306,98
301,381,94,306,98
302,370,88,306,98
303,368,91,306,98
304,369,91,306,98
305,371,82,306,98
306,369,79,306,98
307,399,77,306,98
308,404,81,306,98
309,399,84,306,98
310,409,81,306,98
311,405,80,306,98
312,406,80,306,98
313,429,78,306,98
314,440,85,306,98
315,447,79,306,98
316,450,82,306,98
317,436,78,306,98
318,433,79,306,98
319,438,75,306,98
320,441,75,306,98
321,448,76,306,98
322,447,78,306,98
323,451,74,306,98
324,449,74,306,98
325,460,77,306,98
326,458,73,306,98
327,448,73,306,98
328,444,73,306,98
329,431,79,306,98
330,417,79,306,98
331,413,83,306,98
332,404,87,306,98
333,393,90,306,98
334,401,91,306,98
335,396,91,306,98
336,393,83,306,98
337,394,86,306,98
338,416,86,306,98
339,416,85,306,98
340,430,77,306,98
341,441,78,306,98
342,440,74,306,98
343,433,73,306,98
344,446,73,306,98
345,454,74,306,98
346,437,76,306,98
347,450,74,306,98
348,421,83,306,98
349,419,83,306,98
350,379,87,306,98
351,376,90,306,98
352,359,85,306,98
353,359,85,306,98
354,378,76,306,98
355,368,85,306,98
356,366,81,306,98
357,373,82,306,98
358,368,84,306,98
359,368,78,306,98
360,375,78,306,98
361,361,78,306,98
362,345,80,306,98
363,322,81,306,98
364,325,83,306,98
365,318,87,306,98
366,311,82,306,98
367,325,80,306,98
368,324,83,306,98
369,334,85,306,98
370,328,91,306,98
371,331,87,306,98
372,331,90,306,98
373,346,84,306,98
374,358,82,306,98
375,356,84,306,98
376,372,81,306,98
377,351,85,306,98
378,362,83,306,98
379,361,79,306,98
380,335,88,306,98
381,333,83,306,98
382,329,84,306,98
383,330,88,306,98
384,331,84,306,98
385,293,83,306,98
386,303,81,306,98
387,303,85,306,98
388,319,88,306,98
389,321,94,306,98
390,305,103,306,98
391,306,100,306,98
392,301,106,306,98
393,300,105,306,98
394,267,103,306,98
395,268,100,306,98
396,246,99,306,98
397,244,103,306,98
398,248,97,306,98
399,244,87,306,98
400,240,88,306,98
401,271,84,306,98
402,275,88,306,98
403,268,87,306,98
404,261,92,306,98
405,260,92,306,98
406,260,94,306,98
407,255,92,306,98
408,250,92,306,98
409,259,81,306,98
410,251,83,306,98
411,256,82,306,98
412,249,77,306,98
413,248,76,306,98
414,248,75,306,98
415,244,73,306,98
416,258,59,306,98
417,246,62,306,98
418,246,56,306,98
419,249,57,306,98
420,249,56,306,98
421,260,51,306,98
422,240,56,306,98
423,238,54,306,98
424,240,56,306,98
425,232,61,306,98
426,231,60,306,98
427,252,54,306,98
428,248,55,306,98
429,250,58,306,98
430,244,57,306,98
431,248,58,306,98
432,248,58,306,98
433,266,57,306,98
434,265,61,306,98
435,276,63,306,98
436,283,60,306,98
437,275,59,306,98
438,281,60,306,98
439,303,59,306,98
440,336,56,306,98
441,373,56,306,98
442,367,48,306,98
443,352,49,306,98
444,355,47,306,98
445,387,42,306,98
446,405,44,306,98
447,410,42,306,98
448,410,42,306,98
449,370,46,306,98
450,375,46,306,98
451,408,53,306,98
452,408,53,306,98
453,397,59,306,98
454,365,60,306,98
455,369,61,306,98
456,372,59,306,98
457,398,59,306,98
458,398,60,306,98
459,402,58,306,98
460,373,56,306,98
461,358,61,306,98
462,357,60,306,98
463,355,66,306,98
464,389,64,306,98
465,377,66,306,98
466,387,62,306,98
467,409,61,306,98
468,408,58,306,98
469,407,53,306,98
470,402,52,306,98
471,383,44,306,98
472,376,46,306,98
473,385,44,306,98
474,384,45,306,98
475,391,42,306,98
476,390,42,306,98
477,357,47,306,98
478,333,56,306,98
479,348,58,306,98
480,342,63,306,98
481,339,60,306,98
482,350,65,306,98
483,339,60,306,98
484,347,56,306,98
485,338,55,306,98
486,329,53,306,98
487,342,54,306,98
488,330,57,306,98
489,326,51,306,98
490,312,53,306,98
491,296,47,306,98
492,301,52,306,98
493,291,56,306,98
494,315,54,306,98
495,312,53,306,98
496,297,50,306,98
497,311,52,306,98
498,330,50,306,98
499,334,53,306,98
500,324,53,306,98
501,327,44,306,98
502,341,41,306,98
503,357,35,306,98
504,367,32,306,98
505,366,31,306,98
506,362,33,306,98
507,359,37,306,98
508,350,37,306,98
509,338,38,306,98
510,341,39,306,98
511,342,37,306,98
512,365,39,306,98
513,394,37,306,98
514,385,36,306,98
515,377,35,306,98
516,369,29,306,98
517,382,27,306,98
518,397,21,306,98
519,441,20,306,98
520,428,16,306,98
521,434,16,306,98
522,428,17,306,98
523,406,18,306,98
524,420,19,306,98
525,407,16,306,98
526,404,13,306,98
527,373,16,306,98
528,375,16,306,98
529,411,14,306,98
530,412,18,306,98
531,409,19,306,98
532,380,17,306,98
533,406,19,306,98
534,406,19,306,98
535,431,14,306,98
536,431,14,306,98
537,398,15,306,98
538,409,14,306,98
539,377,9,306,98
540,360,6,306,98
541,340,3,306,98
542,339,1,306,98
543,364,6,306,98
544,370,7,306,98
545,372,8,306,98
546,370,8,306,98
547,357,11,306,98
548,354,11,306,98
549,349,10,306,98
550,353,11,306,98
551,376,5,306,98
552,358,8,306,98
553,375,3,306,98
554,376,10,306,98
555,358,5,306,98
556,366,7,306,98
557,332,0,306,98
558,304,6,306,98
559,306,4,306,98
560,312,4,306,98
561,312,5,306,98
562,306,9,306,98
563,312,11,306,98
564,328,14,306,98
565,324,11,306,98
566,301,16,306,98
567,286,11,306,98
568,294,11,306,98
569,279,9,306,98
570,262,4,306,98
571,290,6,306,98
572,293,0,306,98
573,301,5,306,98
574,333,3,306,98
575,358,2,306,98
576,393,5,306,98
577,372,5,306,98
578,377,3,306,98
579,382,5,306,98
580,371,6,306,98
581,377,3,306,98
582,387,9,306,98
583,399,8,306,98
584,390,8,306,98
585,393,5,306,98
586,395,6,306,98
587,386,4,306,98
588,416,6,306,98
589,401,3,306,98
590,449,3,306,98
591,459,1,306,98
592,464,9,306,98
593,466,0,306,98
594,464,5,306,98
595,498,1,306,98
596,493,7,306,98
597,483,6,306,98
598,439,17,306,98
599,451,15,306,98
600,425,22,306,98
601,409,17,306,98
602,468,9,306,98
603,469,4,306,98
604,469,5,306,98
605,445,1,306,98
606,413,7,306,98
607,426,7,306,98
608,424,9,306,98
609,423,12,306,98
610,410,15,306,98
611,406,16,306,98
612,390,19,306,98
613,373,21,306,98
614,383,21,306,98
615,400,17,306,98
616,386,22,306,98
617,406,30,306,98
618,392,31,306,98
619,371,33,306,98
620,339,38,306,98
621,309,39,306,98
622,343,34,306,98
623,369,28,306,98
624,373,23,306,98
625,376,18,306,98
626,386,13,306,98
627,359,16,306,98
628,366,16,306,98
629,377,23,306,98
630,379,30,306,98
631,380,36,306,98
632,384,37,306,98
633,380,42,306,98
634,369,37,306,98
635,393,36,306,98
636,410,30,306,98
637,431,24,306,98
638,416,27,306,98
639,411,21,306,98
640,370,24,306,98
641,370,23,306,98
642,345,28,306,98
643,358,28,306,98
644,337,40,306,98
645,345,44,306,98
646,355,46,306,98
647,346,47,306,98
648,365,45,306,98
649,378,41,306,98
650,379,39,306,98
651,365,30,306,98
652,358,30,306,98
653,389,27,306,98
654,377,24,306,98
655,388,29,306,98
656,408,29,306,98
657,404,29,306,98
658,372,37,306,98
659,380,42,306,98
660,390,38,306,98
661,377,44,306,98
662,364,40,306,98
663,382,42,306,98
664,383,44,306,98
665,390,40,306,98
666,406,41,306,98
667,415,41,306,98
668,432,41,306,98
669,436,40,306,98
670,401,33,306,98
671,407,34,306,98
672,399,34,306,98
673,394,30,306,98
674,401,22,306,98
675,409,19,306,98
676,410,15,306,98
677,418,14,306,98
678,434,15,306,98
679,433,17,306,98
680,444,17,306,98
681,421,20,306,98
682,434,22,306,98
683,423,24,306,98
684,429,25,306,98
685,450,27,306,98
686,478,24,306,98
687,479,29,306,98
688,508,24,306,98
689,516,27,306,98
690,509,28,306,98
691,503,26,306,98
692,488,25,306,98
693,512,21,306,98
694,518,17,306,98
695,495,13,306,98
696,498,8,306,98
697,510,0,306,98
698,502,0,306,98
699,466,2,306,98
700,454,6,306,98
701,463,4,306,98
702,471,11,306,98
703,493,10,306,98
704,427,12,306,98
705,453,8,306,98
706,454,9,306,98
707,423,3,306,98
708,429,6,306,98
709,431,3,306,98
710,435,2,306,98
711,434,2,306,98
712,427,4,306,98
713,447,3,306,98
714,444,2,306,98
715,496,2,306,98
716,502,5,306,98
717,487,4,306,98
718,498,7,306,98
719,511,8,306,98
720,500,10,306,98
721,480,11,306,98
722,474,10,306,98
723,493,9,306,98
724,500,9,306,98
725,480,8,306,98
726,465,8,306,98
727,496,7,306,98
728,509,7,306,98
729,481,7,306,98
730,497,10,306,98
731,514,3,306,98
732,490,9,306,98
733,511,6,306,98
734,513,7,306,98
735,489,6,306,98
736,489,6,306,98
737,511,7,306,98
738,497,7,306,98
739,532,9,306,98
740,535,6,306,98
741,538,8,306,98
742,535,7,306,98
743,530,6,306,98
744,536,6,306,98
745,557,5,306,98
746,550,2,306,98
747,543,1,306,98
748,556,0,306,98
749,564,1,306,98
750,554,1,306,98
751,553,0,306,98
752,575,0,306,98
753,591,3,306,98
754,578,7,306,98
755,590,4,306,98
756,622,3,306,98
757,613,7,306,98
758,612,8,306,98
759,628,6,306,98
760,653,4,306,98
761,664,6,306,98
762,664,2,306,98
763,661,2,306,98
764,647,3,306,98
765,606,0,306,98
766,600,1,306,98
767,592,6,306,98
768,592,6,306,98
769,592,6,306,98
770,606,1,306,98
771,609,2,306,98
772,626,3,306,98
773,633,2,306,98
774,618,8,306,98
775,612,7,306,98
776,616,4,306,98
777,616,4,306,98
778,615,1,306,98
779,604,3,306,98
780,597,7,306,98
781,593,7,306,98
782,592,7,306,98
783,592,9,306,98
784,616,10,306,98
785,606,11,306,98
786,603,11,306,98
787,612,1,306,98
788,603,3,306,98
789,622,2,306,98
790,616,3,306,98
791,606,8,306,98
792,600,1,306,98
793,573,3,306,98
794,570,2,306,98
795,572,6,306,98
796,577,6,306,98
797,541,9,306,98
798,532,11,306,98
799,555,2,306,98
800,541,6,306,98
801,549,1,306,98
802,517,6,306,98
803,511,5,306,98
804,490,6,306,98
805,476,8,306,98
806,465,8,306,98
807,461,12,306,98
808,481,7,306,98
809,480,7,306,98
810,507,8,306,98
811,498,9,306,98
812,479,6,306,98
813,482,6,306,98
814,476,7,306,98
815,462,3,306,98
816,453,0,306,98
817,490,6,306,98
818,495,5,306,98
819,496,5,306,98
820,470,11,306,98
821,484,12,306,98
822,483,12,306,98
823,482,17,306,98
824,488,16,306,98
825,487,18,306,98
826,495,17,306,98
827,485,17,306,98
828,473,17,306,98
829,479,10,306,98
830,473,10,306,98
831,454,8,306,98
832,459,5,306,98
833,441,6,306,98
834,411,7,306,98
835,410,6,306,98
836,427,7,306,98
837,432,3,306,98
838,445,6,306,98
839,452,2,306,98
840,464,5,306,98
841,453,5,306,98
842,477,1,306,98
843,471,3,306,98
844,469,0,306,98
845,469,2,306,98
846,483,4,306,98
847,496,4,306,98
848,509,3,306,98
849,490,4,306,98
850,503,2,306,98
851,503,2,306,98
852,485,5,306,98
853,500,1,306,98
854,488,2,306,98
855,480,2,306,98
856,491,2,306,98
857,481,0,306,98
858,476,3,306,98
859,503,6,306,98
860,486,7,306,98
861,494,8,306,98
862,501,3,306,98
863,500,7,306,98
864,500,8,306,98
865,470,12,306,98
866,449,14,306,98
867,471,9,306,98
868,459,11,306,98
869,425,10,306,98
870,439,9,306,98
871,431,8,306,98
872,441,4,306,98
873,456,1,306,98
874,482,3,306,98
875,483,4,306,98
876,488,1,306,98
877,482,2,306,98
878,490,9,306,98
879,488,9,306,98
880,452,8,306,98
881,456,12,306,98
882,434,14,306,98
883,421,15,306,98
884,420,14,306,98
885,415,15,306,98
886,431,13,306,98
887,411,11,306,98
888,420,10,306,98
889,442,12,306,98
890,434,8,306,98
891,460,13,306,98
892,466,10,306,98
893,463,13,306,98
894,506,1,306,98
895,509,8,306,98
896,508,2,306,98
897,509,6,306,98
898,507,5,306,98
899,473,2,306,98
900,477,6,306,98
901,486,0,306,98
902,473,4,306,98
903,477,4,306,98
904,482,6,306,98
905,454,19,306,98
906,452,17,306,98
907,443,19,306,98
908,435,24,306,98
909,430,23,306,98
910,428,26,306,98
911,405,22,306,98
912,400,23,306,98
913,405,20,306,98
914,396,22,306,98
915,404,20,306,98
916,410,18,306,98
917,419,17,306,98
918,427,16,306,98
919,439,8,306,98
920,443,10,306,98
921,431,7,306,98
922,431,10,306,98
923,396,13,306,98
924,388,11,306,98
925,387,14,306,98
926,351,13,306,98
927,366,14,306,98
928,332,17,306,98
929,330,11,306,98
930,326,15,306,98
931,335,10,306,98
932,340,15,306,98
933,352,13,306,98
934,340,15,306,98
935,346,21,306,98
936,333,19,306,98
937,342,19,306,98
938,346,8,306,98
939,349,8,306,98
940,350,7,306,98
941,370,8,306,98
942,383,11,306,98
943,362,10,306,98
944,357,14,306,98
945,334,13,306,98
946,336,18,306,98
947,320,25,306,98
948,321,24,306,98
949,299,26,306,98
950,293,22,306,98
951,261,27,306,98
952,264,25,306,98
953,237,21,306,98
954,225,22,306,98
955,225,16,306,98
956,217,15,306,98
957,223,13,306,98
958,249,11,306,98
959,251,8,306,98
960,239,1,306,98
961,241,4,306,98
962,244,4,306,98
963,243,2,306,98
964,278,2,306,98
965,257,5,306,98
966,264,6,306,98
967,267,4,306,98
968,256,5,306,98
969,261,7,306,98
970,288,6,306,98
971,306,4,306,98
972,292,1,306,98
973,296,3,306,98
974,278,1,306,98
975,278,1,306,98
976,291,8,306,98
977,283,8,306,98
978,286,6,306,98
979,278,6,306,98
980,305,3,306,98
981,299,6,306,98
982,291,4,306,98
983,299,6,306,98
984,311,5,306,98
985,291,6,306,98
986,322,4,306,98
987,321,2,306,98
988,323,2,306,98
989,343,1,306,98
990,340,6,306,98
991,330,7,306,98
992,322,8,306,98
993,334,9,306,98
994,351,11,306,98
995,363,9,306,98
996,333,8,306,98
997,329,9,306,98
998,344,14,306,98
999,354,11,306,98
1000,372,14,306,98
1001,405,11,306,98
1002,416,11,306,98
1003,407,9,306,98
1004,422,9,306,98
1005,454,4,306,98
1006,460,5,306,98
1007,469,6,306,98
1008,458,5,306,98
1009,472,5,306,98
1010,474,5,306,98
1011,459,6,306,98
1012,459,6,306,98
1013,467,4,306,98
1014,458,8,306,98
1015,470,9,306,98
1016,494,11,306,98
1017,515,10,306,98
1018,508,9,306,98
1019,508,6,306,98
1020,515,3,306,98
1021,514,5,306,98
1022,515,7,306,98
1023,486,13,306,98
1024,481,14,306,98
1025,492,10,306,98
1026,492,10,306,98
1027,488,9,306,98
1028,528,10,306,98
1029,525,10,306,98
1030,515,4,306,98
1031,515,4,306,98
1032,523,2,306,98
1033,525,1,306,98
1034,518,0,306,98
1035,519,5,306,98
1036,518,5,306,98
1037,523,9,306,98
1038,521,9,306,98
1039,514,10,306,98
1040,519,10,306,98
1041,555,9,306,98
1042,551,10,306,98
1043,556,15,306,98
1044,550,7,306,98
1045,554,5,306,98
1046,560,2,306,98
1047,582,1,306,98
1048,589,3,306,98
1049,616,1,306,98
1050,618,0,306,98
1051,613,3,306,98
1052,582,11,306,98
1053,597,12,306,98
1054,590,14,306,98
1055,595,13,306,98
1056,609,13,306,98
1057,625,12,306,98
1058,587,17,306,98
1059,612,17,306,98
1060,609,17,306,98
1061,630,12,306,98
1062,637,10,306,98
1063,639,8,306,98
1064,618,16,306,98
1065,649,9,306,98
1066,652,10,306,98
1067,658,6,306,98
1068,648,3,306,98
1069,650,5,306,98
1070,653,1,306,98
1071,651,0,306,98
1072,677,0,306,98
1073,681,5,306,98
1074,671,6,306,98
1075,698,5,306,98
1076,684,5,306,98
1077,677,5,306,98
1078,677,4,306,98
1079,671,10,306,98
1080,667,9,306,98
1081,666,8,306,98
1082,633,5,306,98
1083,635,8,306,98
1084,612,8,306,98
1085,617,5,306,98
1086,624,7,306,98
1087,627,8,306,98
1088,627,8,306,98
1089,634,3,306,98
1090,628,3,306,98
1091,624,3,306,98
1092,606,9,306,98
1093,614,7,306,98
1094,607,10,306,98
1095,622,7,306,98
1096,629,5,306,98
1097,619,7,306,98
1098,626,1,306,98
1099,626,4,306,98
1100,588,2,306,98
1101,589,2,306,98
1102,594,2,306,98
1103,578,7,306,98
1104,575,11,306,98
1105,561,16,306,98
1106,529,23,306,98
1107,527,24,306,98
1108,519,30,306,98
1109,524,32,306,98
1110,532,33,306,98
1111,526,32,306,98
1112,511,30,306,98
1113,545,25,306,98
1114,531,26,306,98
1115,560,22,306,98
1116,575,19,306,98
1117,600,13,306,98
1118,605,13,306,98
1119,579,19,306,98
1120,585,17,306,98
1121,561,19,306,98
1122,576,14,306,98
1123,572,13,306,98
1124,570,12,306,98
1125,566,9,306,98
1126,568,8,306,98
1127,532,13,306,98
1128,538,8,306,98
1129,546,4,306,98
1130,543,4,306,98
1131,540,9,306,98
1132,550,5,306,98
1133,557,8,306,98
1134,564,8,306,98
1135,559,8,306,98
1136,546,8,306,98
1137,548,3,306,98
1138,534,3,306,98
1139,528,1,306,98
1140,429,7,306,98
1141,442,2,306,98
1142,441,8,306,98
1143,457,4,306,98
1144,458,7,306,98
1145,457,7,306,98
1146,451,10,306,98
1147,454,10,306,98
1148,409,13,306,98
1149,373,14,306,98
1150,359,11,306,98
1151,336,7,306,98
1152,303,11,306,98
1153,277,4,306,98
1154,270,9,306,98
1155,254,5,306,98
1156,237,12,306,98
1157,221,11,306,98
1158,228,13,306,98
1159,223,16,306,98
1160,221,14,306,98
1161,220,13,306,98
1162,238,9,306,98
1163,262,3,306,98
1164,262,3,306,98
1165,229,0,306,98
1166,207,6,306,98
1167,214,2,306,98
1168,200,7,306,98
1169,195,6,306,98
1170,160,7,306,98
1171,151,4,306,98
1172,175,0,306,98
1173,166,3,306,98
1174,189,0,306,98
1175,199,4,306,98
1176,199,4,306,98
1177,201,4,306,98
1178,197,6,306,98
1179,185,15,306,98
1180,186,13,306,98
1181,187,15,306,98
1182,206,15,306,98
1183,197,18,306,98
1184,208,13,306,98
1185,201,16,306,98
1186,198,11,306,98
1187,206,7,306,98
1188,207,1,306,98
1189,244,3,306,98
1190,251,1,306,98
1191,280,5,306,98
1192,287,7,306,98
1193,270,11,306,98
1194,289,14,306,98
1195,290,15,306,98
1196,276,20,306,98
1197,285,22,306,98
1198,280,19,306,98
1199,288,19,306,98
1200,283,21,306,98
1201,292,15,306,98
1202,302,13,306,98
1203,315,8,306,98
1204,320,0,306,98
1205,312,16,306,98
1206,310,7,306,98
1207,278,11,306,98
1208,286,8,306,98
1209,288,16,306,98
1210,290,13,306,98
1211,272,12,306,98
1212,275,16,306,98
1213,277,15,306,98
1214,257,14,306,98
1215,260,17,306,98
1216,255,29,306,98
1217,255,20,306,98
1218,237,23,306,98
1219,268,33,306,98
1220,254,19,306,98
1221,263,8,306,98
1222,275,29,306,98
1223,286,4,306,98
1224,277,4,306,98
1225,280,8,306,98
1226,283,11,306,98
1227,276,14,306,98
1228,277,24,306,98
1229,284,28,306,98
1230,273,19,306,98
1231,266,21,306,98
1232,284,11,306,98
1233,297,8,306,98
1234,288,0,306,98
1235,286,4,306,98
1236,269,4,306,98
1237,281,11,306,98
1238,286,11,306,98
1239,290,17,306,98
1240,283,14,306,98
1241,309,13,306,98
1242,302,13,306,98
1243,290,11,306,98
1244,286,14,306,98
1245,307,17,306,98
1246,324,15,306,98
1247,322,12,306,98
1248,327,12,306,98
1249,322,6,306,98
1250,350,17,306,98
1251,343,11,306,98
1252,367,12,306,98
1253,383,7,306,98
1254,383,8,306,98
1255,401,7,306,98
1256,425,0,306,98
1257,413,0,306,98
1258,381,5,306,98
1259,382,7,306,98
1260,383,5,306,98
1261,378,5,306,98
1262,364,7,306,98
1263,343,2,306,98
1264,357,1,306,98
1265,370,2,306,98
1266,389,2,306,98
1267,357,1,306,98
1268,350,4,306,98
1269,330,10,306,98
1270,341,17,306,98
1271,341,15,306,98
1272,326,14,306,98
1273,337,7,306,98
1274,351,8,306,98
1275,367,5,306,98
1276,376,4,306,98
1277,387,1,306,98
1278,411,4,306,98
1279,401,7,306,98
1280,389,6,306,98
1281,397,11,306,98
1282,418,11,306,98
1283,394,12,306,98
1284,405,6,306,98
1285,401,5,306,98
1286,425,3,306,98
1287,422,6,306,98
1288,419,8,306,98
1289,402,11,306,98
1290,405,12,306,98
1291,419,6,306,98
1292,425,10,306,98
1293,431,5,306,98
1294,461,5,306,98
1295,462,1,306,98
1296,440,6,306,98
1297,480,5,306,98
1298,469,2,306,98
1299,505,10,306,98
1300,528,1,306,98
1301,547,1,306,98
1302,519,4,306,98
1303,497,1,306,98
1304,488,2,306,98
1305,516,2,306,98
1306,506,2,306,98
1307,470,8,306,98
1308,491,1,306,98
1309,484,2,306,98
1310,505,0,306,98
1311,500,1,306,98
1312,487,4,306,98
1313,499,3,306,98
1314,512,1,306,98
1315,509,2,306,98
1316,506,7,306,98
1317,496,4,306,98
1318,495,3,306,98
1319,486,8,306,98
1320,479,6,306,98
1321,476,5,306,98
1322,474,2,306,98
1323,440,4,306,98
1324,451,7,306,98
1325,443,7,306,98
1326,444,7,306,98
1327,459,9,306,98
1328,438,9,306,98
1329,444,5,306,98
1330,441,5,306,98
1331,441,5,306,98
1332,448,2,306,98
1333,466,1,306,98
1334,464,2,306,98
1335,453,0,306,98
1336,440,3,306,98
1337,413,8,306,98
1338,396,4,306,98
1339,398,6,306,98
1340,381,15,306,98
1341,347,0,306,98
1342,348,12,306,98
1343,366,15,306,98
1344,381,8,306,98
1345,379,21,306,98
1346,351,13,306,98
1347,378,15,306,98
1348,370,15,306,98
1349,399,12,306,98
1350,383,27,306,98
1351,409,19,306,98
1352,425,22,306,98
1353,379,16,306,98
1354,379,21,306,98
1355,384,15,306,98
1356,392,17,306,98
1357,391,14,306,98
1358,382,19,306,98
1359,374,14,306,98
1360,379,18,306,98
1361,393,11,306,98
1362,393,13,306,98
1363,394,12,306,98
1364,356,13,306,98
1365,392,11,306,98
1366,371,9,306,98
1367,371,10,306,98
1368,384,5,306,98
1369,396,9,306,98
1370,356,15,306,98
1371,350,14,306,98
1372,376,17,306,98
1373,373,20,306,98
1374,372,15,306,98
1375,324,19,306,98
1376,290,16,306,98
1377,295,13,306,98
1378,329,5,306,98
1379,341,4,306,98
1380,342,1,306,98
1381,318,3,306,98
1382,305,0,306,98
1383,317,4,306,98
1384,300,3,306,98
1385,308,3,306,98
1386,334,6,306,98
1387,342,6,306,98
1388,357,10,306,98
1389,333,7,306,98
1390,354,8,306,98
1391,351,2,306,98
1392,361,6,306,98
1393,365,5,306,98
1394,418,1,306,98
1395,403,1,306,98
1396,422,1,306,98
1397,393,2,306,98
1398,382,10,306,98
1399,387,8,306,98
1400,401,13,306,98
1401,401,14,306,98
1402,384,16,306,98
1403,371,17,306,98
1404,380,18,306,98
1405,366,18,306,98
1406,363,16,306,98
1407,371,14,306,98
1408,358,10,306,98
1409,327,13,306,98
1410,342,16,306,98
1411,335,17,306,98
1412,371,20,306,98
1413,369,22,306,98
1414,396,22,306,98
1415,395,23,306,98
1416,405,22,306,98
1417,378,26,306,98
1418,375,24,306,98
1419,357,27,306,98
1420,378,26,306,98
1421,372,26,306,98
1422,368,30,306,98
1423,361,28,306,98
1424,331,30,306,98
1425,340,31,306,98
1426,342,29,306,98
1427,323,31,306,98
1428,327,32,306,98
1429,329,34,306,98
1430,318,37,306,98
1431,295,34,306,98
1432,289,39,306,98
1433,288,38,306,98
1434,294,33,306,98
1435,300,31,306,98
1436,306,28,306,98
1437,301,27,306,98
1438,283,22,306,98
1439,271,17,306,98
1440,260,22,306,98
1441,249,25,306,98
1442,247,29,306,98
1443,247,32,306,98
1444,251,30,306,98
1445,254,28,306,98
1446,264,24,306,98
1447,268,24,306,98
1448,252,25,306,98
1449,248,23,306,98
1450,245,28,306,98
1451,249,29,306,98
1452,237,28,306,98
1453,258,30,306,98
1454,295,30,306,98
1455,292,23,306,98
1456,294,27,306,98
1457,262,22,306,98
1458,258,21,306,98
1459,238,19,306,98
1460,233,16,306,98
1461,225,20,306,98
1462,226,19,306,98
1463,228,22,306,98
1464,221,21,306,98
1465,243,22,306,98
1466,249,21,306,98
1467,264,16,306,98
1468,263,18,306,98
1469,282,14,306,98
1470,274,12,306,98
1471,309,14,306,98
1472,309,14,306,98
1473,313,21,306,98
1474,314,21,306,98
1475,325,17,306,98
1476,321,17,306,98
1477,323,20,306,98
1478,334,14,306,98
1479,327,18,306,98
1480,338,19,306,98
1481,344,18,306,98
1482,336,22,306,98
1483,346,20,306,98
1484,341,19,306,98
1485,357,12,306,98
1486,368,20,306,98
1487,425,19,306,98
1488,419,22,306,98
1489,402,21,306,98
1490,386,22,306,98
1491,420,18,306,98
1492,410,16,306,98
1493,441,19,306,98
1494,458,19,306,98
1495,479,15,306,98
1496,495,18,306,98
1497,476,19,306,98
1498,494,21,306,98
1499,496,19,306,98
1500,513,17,306,98
1501,528,20,306,98
1502,507,24,306,98
1503,506,25,306,98
1504,493,28,306,98
1505,518,24,306,98
1506,500,25,306,98
1507,516,22,306,98
1508,530,9,306,98
1509,536,8,306,98
1510,513,7,306,98
1511,519,10,306,98
1512,498,10,306,98
1513,475,14,306,98
1514,466,13,306,98
1515,449,15,306,98
1516,464,14,306,98
1517,456,16,306,98
1518,477,15,306,98
1519,470,18,306,98
1520,511,16,306,98
1521,480,17,306,98
1522,489,16,306,98
1523,511,8,306,98
1524,507,5,306,98
1525,514,7,306,98
1526,499,5,306,98
1527,487,5,306,98
1528,493,0,306,98
1529,491,0,306,98
1530,472,2,306,98
1531,466,0,306,98
1532,469,0,306,98
1533,482,0,306,98
1534,469,5,306,98
1535,465,6,306,98
1536,490,3,306,98
1537,492,4,306,98
1538,501,2,306,98
1539,497,6,306,98
1540,481,3,306,98
1541,483,0,306,98
1542,450,7,306,98
1543,422,3,306,98
1544,417,2,306,98
1545,403,0,306,98
1546,393,3,306,98
1547,390,5,306,98
1548,397,15,306,98
1549,377,19,306,98
1550,410,13,306,98
1551,408,11,306,98
1552,412,12,306,98
1553,435,12,306,98
1554,436,16,306,98
1555,423,21,306,98
1556,445,19,306,98
1557,443,17,306,98
1558,447,18,306,98
1559,464,16,306,98
1560,462,16,306,98
1561,486,16,306,98
1562,466,18,306,98
1563,472,13,306,98
1564,472,13,306,98
1565,507,7,306,98
1566,519,6,306,98
1567,556,3,306,98
1568,554,4,306,98
1569,533,11,306,98
1570,536,12,306,98
1571,521,12,306,98
1572,569,3,306,98
1573,530,8,306,98
1574,529,10,306,98
1575,562,1,306,98
1576,551,1,306,98
1577,546,1,306,98
1578,544,1,306,98
1579,544,7,306,98
1580,547,8,306,98
1581,560,8,306,98
1582,571,5,306,98
1583,582,3,306,98
1584,594,5,306,98
1585,594,5,306,98
1586,607,9,306,98
1587,583,16,306,98
1588,593,12,306,98
1589,601,8,306,98
1590,545,12,306,98
1591,545,12,306,98
1592,529,13,306,98
1593,542,11,306,98
1594,550,8,306,98
1595,525,9,306,98
1596,524,11,306,98
1597,527,9,306,98
1598,515,8,306,98
1599,525,9,306,98
1600,509,7,306,98
1601,514,11,306,98
1602,475,14,306,98
1603,486,15,306,98
1604,479,14,306,98
1605,485,13,306,98
1606,490,18,306,98
1607,506,15,306,98
1608,484,18,306,98
1609,488,19,306,98
1610,476,10,306,98
1611,467,14,306,98
1612,481,14,306,98
1613,510,8,306,98
1614,530,8,306,98
1615,538,0,306,98
1616,534,3,306,98
1617,491,6,306,98
1618,473,4,306,98
1619,480,7,306,98
1620,462,2,306,98
1621,464,7,306,98
1622,470,9,306,98
1623,455,10,306,98
1624,474,13,306,98
1625,517,18,306,98
1626,501,18,306,98
1627,506,15,306,98
1628,519,9,306,98
1629,503,10,306,98
1630,481,5,306,98
1631,481,5,306,98
1632,469,3,306,98
1633,456,7,306,98
1634,460,4,306,98
1635,463,6,306,98
1636,465,3,306,98
1637,459,2,306,98
1638,427,1,306,98
1639,450,4,306,98
1640,437,9,306,98
1641,436,12,306,98
1642,433,19,306,98
1643,449,13,306,98
1644,455,16,306,98
1645,439,15,306,98
1646,419,19,306,98
1647,405,24,306,98
1648,434,19,306,98
1649,455,22,306,98
1650,473,21,306,98
1651,465,23,306,98
1652,481,19,306,98
1653,490,15,306,98
1654,478,14,306,98
1655,501,9,306,98
1656,501,9,306,98
1657,501,13,306,98
1658,501,11,306,98
1659,506,13,306,98
1660,534,5,306,98
1661,526,7,306,98
1662,512,10,306,98
1663,534,5,306,98
1664,528,10,306,98
1665,527,9,306,98
1666,526,8,306,98
1667,525,9,306,98
1668,532,3,306,98
1669,526,15,306,98
1670,532,6,306,98
1671,520,7,306,98
1672,516,7,306,98
1673,494,2,306,98
1674,475,7,306,98
1675,462,3,306,98
1676,473,0,306,98
1677,434,1,306,98
1678,438,0,306,98
1679,448,3,306,98
1680,446,2,306,98
1681,395,8,306,98
1682,403,12,306,98
1683,395,18,306,98
1684,409,16,306,98
1685,404,21,306,98
1686,407,16,306,98
1687,368,18,306,98
1688,427,16,306,98
1689,397,13,306,98
1690,399,11,306,98
1691,398,12,306,98
1692,416,12,306,98
1693,415,12,306,98
1694,401,11,306,98
1695,388,15,306,98
1696,375,14,306,98
1697,361,15,306,98
1698,371,10,306,98
1699,334,8,306,98
1700,330,8,306,98
1701,312,0,306,98
1702,314,1,306,98
1703,291,2,306,98
1704,281,2,306,98
1705,282,9,306,98
1706,282,9,306,98
1707,281,9,306,98
1708,299,9,306,98
1709,282,4,306,98
1710,264,5,306,98
1711,266,8,306,98
1712,270,9,306,98
1713,265,14,306,98
1714,261,14,306,98
1715,269,10,306,98
1716,279,10,306,98
1717,286,4,306,98
1718,290,3,306,98
1719,294,6,306,98
1720,263,2,306,98
1721,290,7,306,98
1722,294,4,306,98
1723,314,10,306,98
1724,310,11,306,98
1725,314,13,306,98
1726,305,13,306,98
1727,295,12,306,98
1728,297,13,306,98
1729,310,13,306,98
1730,316,12,306,98
1731,317,14,306,98
1732,323,10,306,98
1733,336,15,306,98
1734,319,15,306,98
1735,311,14,306,98
1736,324,15,306,98
1737,353,15,306,98
1738,368,21,306,98
1739,391,15,306,98
1740,376,13,306,98
1741,387,14,306,98
1742,377,12,306,98
1743,378,15,306,98
1744,384,8,306,98
1745,354,11,306,98
1746,359,11,306,98
1747,342,15,306,98
1748,371,15,306,98
1749,371,17,306,98
1750,368,17,306,98
1751,377,17,306,98
1752,356,21,306,98
1753,347,20,306,98
1754,342,22,306,98
1755,349,22,306,98
1756,343,23,306,98
1757,352,26,306,98
1758,342,21,306,98
1759,328,23,306,98
1760,326,21,306,98
1761,342,22,306,98
1762,358,21,306,98
1763,370,24,306,98
1764,382,20,306,98
1765,358,15,306,98
1766,351,11,306,98
1767,341,12,306,98
1768,316,8,306,98
1769,292,1,306,98
1770,281,7,306,98
1771,290,3,306,98
1772,289,9,306,98
1773,293,6,306,98
1774,275,3,306,98
1775,277,3,306,98
1776,291,0,306,98
1777,287,0,306,98
1778,306,4,306,98
1779,307,7,306,98
1780,328,2,306,98
1781,349,2,306,98
1782,358,8,306,98
1783,352,10,306,98
1784,364,7,306,98
1785,368,8,306,98
1786,345,11,306,98
1787,327,8,306,98
1788,326,7,306,98
1789,356,6,306,98
1790,344,7,306,98
1791,310,8,306,98
1792,303,10,306,98
1793,299,6,306,98
1794,316,9,306,98
1795,308,7,306,98
1796,305,7,306,98
1797,307,11,306,98
1798,311,7,306,98
1799,320,2,306,98
1800,323,6,306,98
1801,331,0,306,98
1802,341,5,306,98
1803,329,3,306,98
1804,343,0,306,98
1805,327,4,306,98
1806,334,0,306,98
1807,331,3,306,98
1808,328,3,306,98
1809,353,7,306,98
1810,357,11,306,98
1811,368,15,306,98
1812,355,19,306,98
1813,366,21,306,98
1814,372,17,306,98
1815,368,15,306,98
1816,407,14,306,98
1817,406,12,306,98
1818,386,17,306,98
1819,385,15,306,98
1820,378,14,306,98
1821,395,16,306,98
1822,398,15,306,98
1823,427,14,306,98
1824,462,11,306,98
1825,457,13,306,98
1826,443,13,306,98
1827,444,11,306,98
1828,443,14,306,98
1829,470,10,306,98
1830,463,12,306,98
1831,448,12,306,98
1832,466,8,306,98
1833,469,6,306,98
1834,484,3,306,98
1835,488,6,306,98
1836,496,2,306,98
1837,501,2,306,98
1838,518,0,306,98
1839,519,1,306,98
1840,508,0,306,98
1841,460,4,306,98
1842,478,5,306,98
1843,469,4,306,98
1844,470,5,306,98
1845,435,8,306,98
1846,465,6,306,98
1847,450,5,306,98
1848,449,5,306,98
1849,474,5,306,98
1850,479,4,306,98
1851,480,2,306,98
1852,462,4,306,98
1853,457,10,306,98
1854,468,8,306,98
1855,470,5,306,98
1856,456,6,306,98
1857,464,7,306,98
1858,465,8,306,98
1859,467,11,306,98
1860,452,10,306,98
1861,461,4,306,98
1862,483,5,306,98
1863,458,6,306,98
1864,459,6,306,98
1865,464,8,306,98
1866,463,9,306,98
1867,456,9,306,98
1868,472,8,306,98
1869,472,7,306,98
1870,468,3,306,98
1871,458,3,306,98
1872,462,3,306,98
1873,462,4,306,98
1874,468,2,306,98
1875,478,1,306,98
1876,458,2,306,98
1877,459,3,306,98
1878,452,5,306,98
1879,440,5,306,98
1880,450,4,306,98
1881,471,3,306,98
1882,488,1,306,98
1883,467,2,306,98
1884,469,2,306,98
1885,504,3,306,98
1886,493,5,306,98
1887,499,10,306,98
1888,493,11,306,98
1889,481,10,306,98
1890,490,10,306,98
1891,497,9,306,98
1892,476,7,306,98
1893,491,6,306,98
1894,489,3,306,98
1895,500,4,306,98
1896,508,3,306,98
1897,474,5,306,98
1898,483,5,306,98
1899,486,7,306,98
1900,498,4,306,98
1901,503,5,306,98
1902,491,3,306,98
1903,487,3,306,98
1904,493,4,306,98
1905,498,6,306,98
1906,505,8,306,98
1907,509,12,306,98
1908,522,11,306,98
1909,541,14,306,98
1910,547,13,306,98
1911,536,11,306,98
1912,544,11,306,98
1913,539,11,306,98
1914,582,6,306,98
1915,572,5,306,98
1916,536,12,306,98
1917,529,14,306,98
1918,563,15,306,98
1919,569,14,306,98
1920,541,14,306,98
1921,542,15,306,98
1922,528,15,306,98
1923,536,13,306,98
1924,573,3,306,98
1925,566,4,306,98
1926,530,10,306,98
1927,553,6,306,98
1928,544,7,306,98
1929,526,8,306,98
1930,514,9,306,98
1931,511,9,306,98
1932,530,10,306,98
1933,531,10,306,98
1934,525,9,306,98
1935,549,1,306,98
1936,521,4,306,98
1937,527,4,306,98
1938,517,2,306,98
1939,506,1,306,98
1940,488,1,306,98
1941,496,1,306,98
1942,493,0,306,98
1943,513,2,306,98
1944,519,3,306,98
1945,495,5,306,98
1946,500,5,306,98
1947,489,6,306,98
1948,499,2,306,98
1949,468,4,306,98
1950,433,5,306,98
1951,433,5,306,98
1952,415,4,306,98
1953,422,5,306,98
1954,440,1,306,98
1955,441,2,306,98
1956,420,5,306,98
1957,450,4,306,98
1958,428,5,306,98
1959,454,9,306,98
1960,467,8,306,98
1961,515,6,306,98
1962,530,4,306,98
1963,529,6,306,98
1964,525,7,306,98
1965,529,9,306,98
1966,515,7,306,98
1967,496,6,306,98
1968,507,5,306,98
1969,494,7,306,98
1970,489,7,306,98
1971,507,7,306,98
1972,528,6,306,98
1973,532,3,306,98
1974,554,1,306,98
1975,545,3,306,98
1976,533,6,306,98
1977,524,7,306,98
1978,506,10,306,98
1979,507,12,306,98
1980,477,15,306,98
1981,454,8,306,98
1982,455,6,306,98
1983,449,9,306,98
1984,449,11,306,98
1985,460,9,306,98
1986,459,10,306,98
1987,452,10,306,98
1988,465,14,306,98
1989,431,16,306,98
1990,426,16,306,98
1991,408,14,306,98
1992,425,13,306,98
1993,413,14,306,98
1994,408,13,306,98
1995,412,11,306,98
1996,411,7,306,98
1997,400,6,306,98
1998,402,5,306,98
1999,401,4,306,98
2000,398,4,306,98
2001,425,4,306,98
2002,428,4,306,98
2003,417,6,306,98
2004,422,7,306,98
2005,427,9,306,98
2006,441,13,306,98
2007,436,14,306,98
2008,417,12,306,98
2009,447,10,306,98
2010,423,9,306,98
2011,458,12,306,98
2012,467,10,306,98
2013,439,11,306,98
2014,437,11,306,98
2015,446,11,306,98
2016,449,10,306,98
2017,463,10,306,98
2018,470,11,306,98
2019,472,11,306,98
2020,463,13,306,98
2021,469,13,306,98
2022,479,13,306,98
2023,486,12,306,98
2024,470,10,306,98
2025,442,12,306,98
2026,453,9,306,98
2027,440,15,306,98
2028,422,12,306,98
2029,426,10,306,98
2030,412,13,306,98
2031,444,15,306,98
2032,457,15,306,98
2033,490,10,306,98
2034,473,11,306,98
2035,451,11,306,98
2036,473,12,306,98
2037,489,13,306,98
2038,484,14,306,98
2039,490,10,306,98
2040,490,12,306,98
2041,530,9,306,98
2042,533,6,306,98
2043,505,11,306,98
2044,502,12,306,98
2045,507,11,306,98
2046,500,10,306,98
2047,528,4,306,98
2048,532,5,306,98
2049,504,10,306,98
2050,502,12,306,98
2051,500,8,306,98
2052,507,11,306,98
2053,485,14,306,98
2054,510,14,306,98
2055,517,11,306,98
2056,495,11,306,98
2057,457,12,306,98
2058,456,13,306,98
2059,470,14,306,98
2060,460,15,306,98
2061,469,16,306,98
2062,477,16,306,98
2063,490,16,306,98
2064,514,11,306,98
2065,515,9,306,98
2066,550,6,306,98
2067,541,8,306,98
2068,543,6,306,98
2069,528,6,306,98
2070,520,9,306,98
2071,530,12,306,98
2072,528,12,306,98
2073,502,13,306,98
2074,497,10,306,98
2075,493,12,306,98
2076,478,18,306,98
2077,460,24,306,98
2078,453,26,306,98
2079,465,29,306,98
2080,498,30,306,98
2081,488,32,306,98
2082,532,29,306,98
2083,532,29,306,98
2084,527,21,306,98
2085,524,20,306,98
2086,554,8,306,98
2087,557,10,306,98
2088,572,7,306,98
2089,554,4,306,98
2090,569,4,306,98
2091,557,6,306,98
2092,567,2,306,98
2093,558,1,306,98
2094,553,3,306,98
2095,548,7,306,98
2096,551,9,306,98
2097,554,13,306,98
2098,553,16,306,98
2099,533,14,306,98
2100,518,20,306,98
2101,533,13,306,98
2102,527,15,306,98
2103,576,7,306,98
2104,567,8,306,98
2105,567,4,306,98
2106,570,6,306,98
2107,569,7,306,98
2108,553,13,306,98
2109,542,13,306,98
2110,544,11,306,98
2111,547,9,306,98
2112,538,11,306,98
2113,539,11,306,98
2114,535,11,306,98
2115,546,9,306,98
2116,546,7,306,98
2117,543,5,306,98
2118,529,4,306,98
2119,527,4,306,98
2120,523,7,306,98
2121,524,1,306,98
2122,517,3,306,98
2123,540,4,306,98
2124,523,8,306,98
2125,526,8,306,98
2126,524,6,306,98
2127,531,2,306,98
2128,516,6,306,98
2129,505,10,306,98
2130,520,6,306,98
2131,524,7,306,98
2132,526,8,306,98
2133,521,5,306,98
2134,555,0,306,98
2135,551,2,306,98
2136,555,3,306,98
2137,549,1,306,98
2138,543,5,306,98
2139,539,1,306,98
2140,538,3,306,98
2141,548,3,306,98
2142,530,10,306,98
2143,521,16,306,98
2144,512,16,306,98
2145,517,12,306,98
2146,500,12,306,98
2147,508,14,306,98
2148,508,14,306,98
2149,522,14,306,98
2150,537,12,306,98
2151,555,8,306,98
2152,565,4,306,98
2153,551,2,306,98
2154,473,7,306,98
2155,495,1,306,98
2156,485,6,306,98
2157,495,2,306,98
2158,493,0,306,98
2159,477,4,306,98
2160,479,5,306,98
2161,482,12,306,98
2162,494,11,306,98
2163,487,18,306,98
2164,524,18,306,98
2165,515,22,306,98
2166,538,21,306,98
2167,509,27,306,98
2168,506,26,306,98
2169,497,23,306,98
2170,504,23,306,98
2171,492,24,306,98
2172,497,19,306,98
2173,511,16,306,98
2174,524,12,306,98
2175,514,12,306,98
2176,521,12,306,98
2177,505,14,306,98
2178,520,12,306,98
2179,511,14,306,98
2180,514,7,306,98
2181,535,5,306,98
2182,533,6,306,98
2183,525,7,306,98
2184,543,6,306,98
2185,546,7,306,98
2186,533,16,306,98
2187,559,18,306,98
2188,565,22,306,98
2189,555,30,306,98
2190,566,29,306,98
2191,563,28,306,98
2192,566,31,306,98
2193,583,28,306,98
2194,587,17,306,98
2195,581,14,306,98
2196,580,15,306,98
2197,566,15,306,98
2198,556,15,306,98
2199,544,16,306,98
2200,550,15,306,98
2201,545,17,306,98
2202,542,19,306,98
2203,544,13,306,98
2204,560,10,306,98
2205,567,3,306,98
2206,573,1,306,98
2207,551,7,306,98
2208,537,6,306,98
2209,529,6,306,98
2210,551,8,306,98
2211,523,5,306,98
2212,524,5,306,98
2213,518,6,306,98
2214,500,7,306,98
2215,503,10,306,98
2216,469,12,306,98
2217,483,13,306,98
2218,498,11,306,98
2219,512,10,306,98
2220,511,8,306,98
2221,493,11,306,98
2222,502,10,306,98
2223,482,7,306,98
2224,485,10,306,98
2225,473,13,306,98
2226,510,11,306,98
2227,489,15,306,98
2228,456,16,306,98
2229,452,14,306,98
2230,463,13,306,98
2231,465,12,306,98
2232,467,11,306,98
2233,479,7,306,98
2234,494,3,306,98
2235,504,3,306,98
2236,511,0,306,98
2237,489,3,306,98
2238,488,4,306,98
2239,506,0,306,98
2240,480,7,306,98
2241,488,9,306,98
2242,445,11,306,98
2243,449,12,306,98
2244,490,10,306,98
2245,492,11,306,98
2246,501,5,306,98
2247,513,3,306,98
2248,482,5,306,98
2249,492,3,306,98
2250,491,0,306,98
2251,507,4,306,98
2252,507,0,306,98
2253,502,1,306,98
2254,466,6,306,98
2255,457,8,306,98
2256,452,9,306,98
2257,499,7,306,98
2258,506,0,306,98
2259,525,2,306,98
2260,547,2,306,98
2261,542,3,306,98
2262,550,5,306,98
2263,580,2,306,98
2264,569,7,306,98
2265,559,7,306,98
2266,561,10,306,98
2267,566,8,306,98
2268,568,4,306,98
2269,570,6,306,98
2270,565,12,306,98
2271,584,5,306,98
2272,593,10,306,98
2273,591,10,306,98
2274,608,11,306,98
2275,611,9,306,98
2276,633,4,306,98
2277,635,4,306,98
2278,615,9,306,98
2279,614,9,306,98
2280,610,3,306,98
2281,605,5,306,98
2282,619,7,306,98
2283,587,12,306,98
2284,602,6,306,98
2285,624,2,306,98
2286,607,2,306,98
2287,594,8,306,98
2288,619,5,306,98
2289,591,6,306,98
2290,585,10,306,98
2291,576,13,306,98
2292,581,17,306,98
2293,558,18,306,98
2294,569,18,306,98
2295,578,14,306,98
2296,568,10,306,98
2297,570,5,306,98
2298,596,3,306,98
2299,614,2,306,98
2300,592,3,306,98
2301,566,5,306,98
2302,543,5,306,98
2303,543,5,306,98
2304,579,3,306,98
2305,574,3,306,98
2306,604,2,306,98
2307,614,0,306,98
2308,586,2,306,98
2309,586,2,306,98
2310,557,6,306,98
2311,561,6,306,98
2312,566,2,306,98
2313,566,4,306,98
2314,585,2,306,98
2315,588,1,306,98
2316,547,3,306,98
2317,542,4,306,98
2318,557,0,306,98
2319,557,0,306,98
2320,525,1,306,98
2321,518,2,306,98
2322,488,7,306,98
2323,469,10,306,98
2324,509,10,306,98
2325,509,11,306,98
2326,526,5,306,98
2327,528,5,306,98
2328,504,7,306,98
2329,509,7,306,98
2330,473,11,306,98
2331,471,11,306,98
2332,451,15,306,98
2333,455,14,306,98
2334,428,11,306,98
2335,425,10,306,98
2336,415,12,306,98
2337,418,11,306,98
2338,413,6,306,98
2339,405,6,306,98
2340,442,6,306,98
2341,440,6,306,98
2342,453,8,306,98
2343,464,12,306,98
2344,499,11,306,98
2345,491,12,306,98
2346,527,10,306,98
2347,521,11,306,98
2348,488,13,306,98
2349,486,12,306,98
2350,482,9,306,98
2351,486,9,306,98
2352,486,8,306,98
2353,488,9,306,98
2354,455,11,306,98
2355,451,7,306,98
2356,442,8,306,98
2357,436,5,306,98
2358,432,5,306,98
2359,429,7,306,98
2360,451,5,306,98
2361,426,4,306,98
2362,417,2,306,98
2363,450,1,306,98
2364,448,0,306,98
2365,457,2,306,98
2366,458,3,306,98
2367,491,0,306,98
2368,486,0,306,98
2369,463,6,306,98
2370,433,4,306,98
2371,464,3,306,98
2372,461,3,306,98
2373,484,4,306,98
2374,489,5,306,98
2375,524,0,306,98
2376,528,0,306,98
2377,502,6,306,98
2378,523,7,306,98
2379,506,9,306,98
2380,502,9,306,98
2381,489,12,306,98
2382,494,12,306,98
2383,465,12,306,98
2384,429,12,306,98
2385,436,9,306,98
2386,474,6,306,98
2387,446,8,306,98
2388,462,7,306,98
2389,460,2,306,98
2390,465,1,306,98
2391,490,1,306,98
2392,492,2,306,98
2393,454,6,306,98
2394,461,5,306,98
2395,499,3,306,98
2396,508,1,306,98
2397,458,5,306,98
2398,457,5,306,98
2399,462,1,306,98
2400,454,0,306,98
2401,476,0,306,98
2402,439,0,306,98
2403,459,4,306,98
2404,461,3,306,98
2405,429,4,306,98
2406,434,5,306,98
2407,424,6,306,98
2408,424,6,306,98
2409,394,5,306,98
2410,383,5,306,98
2411,401,7,306,98
2412,401,5,306,98
2413,424,3,306,98
2414,424,3,306,98
2415,397,5,306,98
2416,411,9,306,98
2417,424,8,306,98
2418,417,7,306,98
2419,408,8,306,98
2420,412,7,306,98
2421,411,11,306,98
2422,436,11,306,98
2423,435,13,306,98
2424,459,11,306,98
2425,466,10,306,98
2426,497,7,306,98
2427,497,6,306,98
2428,488,6,306,98
2429,483,8,306,98
2430,476,8,306,98
2431,479,7,306,98
2432,478,6,306,98
2433,511,4,306,98
2434,506,5,306,98
2435,545,2,306,98
2436,541,2,306,98
2437,545,7,306,98
2438,549,6,306,98
2439,573,3,306,98
2440,574,3,306,98
2441,565,0,306,98
2442,570,3,306,98
2443,600,1,306,98
2444,607,0,306,98
2445,618,1,306,98
2446,610,3,306,98
2447,592,1,306,98
2448,592,0,306,98
2449,572,0,306,98
2450,560,4,306,98
2451,536,5,306,98
2452,541,4,306,98
2453,535,11,306,98
2454,541,10,306,98
2455,550,4,306,98
2456,538,5,306,98
2457,538,3,306,98
2458,529,4,306,98
2459,526,9,306,98
2460,504,6,306,98
2461,476,5,306,98
2462,508,4,306,98
2463,487,5,306,98
2464,515,4,306,98
2465,512,4,306,98
2466,513,8,306,98
2467,548,5,306,98
2468,568,6,306,98
2469,572,9,306,98
2470,553,11,306,98
2471,537,14,306,98
2472,527,9,306,98
2473,550,5,306,98
2474,549,6,306,98
2475,573,7,306,98
2476,572,8,306,98
2477,545,11,306,98
2478,550,12,306,98
2479,523,14,306,98
2480,516,14,306,98
2481,522,10,306,98
2482,526,12,306,98
2483,555,9,306,98
2484,548,10,306,98
2485,583,2,306,98
2486,590,1,306,98
2487,585,9,306,98
2488,613,9,306,98
2489,594,12,306,98
2490,608,7,306,98
2491,634,2,306,98
2492,616,8,306,98
2493,592,10,306,98
2494,595,5,306,98
2495,605,0,306,98
2496,597,3,306,98
2497,580,6,306,98
2498,565,5,306,98
2499,580,1,306,98
2500,589,2,306,98
2501,568,10,306,98
2502,584,9,306,98
2503,572,5,306,98
2504,551,2,306,98
2505,568,1,306,98
2506,578,5,306,98
2507,598,5,306,98
2508,561,9,306,98
2509,543,4,306,98
2510,522,2,306,98
2511,501,1,306,98
2512,480,4,306,98
2513,476,1,306,98
2514,496,3,306,98
2515,524,5,306,98
2516,533,2,306,98
2517,545,4,306,98
2518,541,8,306,98
2519,537,8,306,98
2520,559,3,306,98
2521,555,5,306,98
2522,530,11,306,98
2523,530,11,306,98
2524,563,8,306,98
2525,567,7,306,98
2526,582,2,306,98
2527,579,3,306,98
2528,608,2,306,98
2529,604,3,306,98
2530,573,8,306,98
2531,574,7,306,98
2532,622,0,306,98
2533,622,2,306,98
2534,607,8,306,98
2535,607,8,306,98
2536,630,3,306,98
2537,629,3,306,98
2538,605,5,306,98
2539,613,5,306,98
2540,596,5,306,98
2541,584,0,306,98
2542,605,3,306,98
2543,591,7,306,98
2544,606,0,306,98
2545,599,5,306,98
2546,640,1,306,98
2547,607,0,306,98
2548,581,7,306,98
2549,597,1,306,98
2550,614,3,306,98
2551,621,1,306,98
2552,594,2,306,98
2553,579,0,306,98
2554,567,6,306,98
2555,530,9,306,98
2556,554,8,306,98
2557,536,5,306,98
2558,505,8,306,98
2559,506,7,306,98
2560,484,11,306,98
2561,484,11,306,98
2562,504,6,306,98
2563,515,2,306,98
2564,517,2,306,98
2565,505,1,306,98
2566,480,2,306,98
2567,487,8,306,98
2568,459,8,306,98
2569,458,8,306,98
2570,426,6,306,98
2571,435,5,306,98
2572,446,2,306,98
2573,442,2,306,98
2574,413,2,306,98
2575,420,1,306,98
2576,426,5,306,98
