14-LongDuration 3
1,145,84,54,37
2,148,84,54,37
3,157,86,54,37
4,158,86,54,37
5,162,87,54,37
6,171,88,54,37
7,176,88,54,37
8,184,88,54,37
9,190,89,54,37
10,190,89,54,37
11,193,89,54,37
12,190,89,54,37
13,194,89,54,37
14,193,89,54,37
15,188,91,54,37
16,186,91,54,37
17,186,91,54,37
18,183,92,54,37
19,180,92,54,37
20,180,91,54,37
21,182,92,54,37
22,179,93,54,37
23,174,93,54,37
24,178,93,54,37
25,177,93,54,37
26,176,92,54,37
27,179,92,54,37
28,177,93,54,37
29,181,94,54,37
30,182,94,54,37
31,182,94,54,37
32,187,94,54,37
33,190,94,54,37
34,192,94,54,37
35,188,95,54,37
36,186,95,54,37
37,186,97,54,37
38,183,97,54,37
39,185,97,54,37
40,184,98,54,37
41,184,98,54,37
42,187,98,54,37
43,185,98,54,37
44,183,99,54,37
45,185,99,54,37
46,184,99,54,37
47,183,99,54,37
48,188,100,54,37
49,187,100,54,37
50,188,101,54,37
51,189,102,54,37
52,187,102,54,37
53,187,103,54,37
54,186,104,54,37
55,185,103,54,37
56,189,103,54,37
57,194,102,54,37
58,193,103,54,37
59,195,104,54,37
60,197,104,54,37
61,197,105,54,37
62,196,105,54,37
63,195,105,54,37
64,193,105,54,37
65,192,105,54,37
66,192,106,54,37
67,190,106,54,37
68,190,107,54,37
69,186,107,54,37
70,186,108,54,37
71,179,109,54,37
72,181,109,54,37
73,177,109,54,37
74,171,109,54,37
75,169,108,54,37
76,171,108,54,37
77,169,107,54,37
78,165,106,54,37
79,166,106,54,37
80,160,104,54,37
81,164,103,54,37
82,166,103,54,37
83,171,101,54,37
84,174,100,54,37
85,179,97,54,37
86,183,95,54,37
87,185,92,54,37
88,184,90,54,37
89,180,87,54,37
90,183,85,54,37
91,188,84,54,37
92,193,82,54,37
93,191,81,54,37
94,190,79,54,37
95,191,79,54,37
96,195,77,54,37
97,198,75,54,37
98,197,75,54,37
99,201,74,54,37
100,200,74,54,37
101,203,74,54,37
102,201,74,54,37
103,202,74,54,37
104,199,74,54,37
105,198,74,54,37
106,198,73,54,37
107,200,72,54,37
108,199,71,54,37
109,200,70,54,37
110,201,68,54,37
111,201,69,54,37
112,204,69,54,37
113,200,69,54,37
114,207,69,54,37
115,210,68,54,37
116,214,68,54,37
117,220,68,54,37
118,226,68,54,37
119,231,69,54,37
120,235,70,54,37
121,235,71,54,37
122,235,72,54,37
123,235,73,54,37
124,234,76,54,37
125,235,77,54,37
126,235,79,54,37
127,235,81,54,37
128,235,81,54,37
129,235,82,54,37
130,232,82,54,37
131,233,80,54,37
132,233,79,54,37
133,230,78,54,37
134,225,78,54,37
135,223,78,54,37
136,218,77,54,37
137,217,76,54,37
138,216,74,54,37
139,212,71,54,37
140,209,68,54,37
141,210,67,54,37
142,210,66,54,37
143,210,67,54,37
144,211,67,54,37
145,213,66,54,37
146,213,67,54,37
147,207,68,54,37
148,207,67,54,37
149,211,67,54,37
150,209,69,54,37
151,207,72,54,37
152,205,73,54,37
153,204,74,54,37
154,204,75,54,37
155,206,75,54,37
156,206,75,54,37
157,203,76,54,37
158,206,77,54,37
159,205,78,54,37
160,203,77,54,37
161,201,76,54,37
162,205,76,54,37
163,203,76,54,37
164,202,74,54,37
165,227,131,54,37
166,232,131,54,37
167,235,130,54,37
168,228,130,54,37
169,233,133,54,37
170,231,135,54,37
171,226,135,54,37
172,0,135,54,37
173,2,135,54,37
174,2,135,54,37
175,13,134,54,37
176,13,134,54,37
177,19,133,54,37
178,23,133,54,37
179,18,133,54,37
180,23,133,54,37
181,20,134,54,37
182,18,135,54,37
183,22,135,54,37
184,24,135,54,37
185,25,136,54,37
186,24,136,54,37
187,18,135,54,37
188,19,136,54,37
189,20,137,54,37
190,16,138,54,37
191,14,138,54,37
192,17,136,54,37
193,15,136,54,37
194,15,133,54,37
195,16,133,54,37
196,15,132,54,37
197,13,131,54,37
198,25,128,54,37
199,26,128,54,37
200,23,128,54,37
201,21,128,54,37
202,22,128,54,37
203,28,130,54,37
204,26,131,54,37
205,24,132,54,37
206,27,133,54,37
207,26,132,54,37
208,27,132,54,37
209,28,134,54,37
210,27,135,54,37
211,28,134,54,37
212,33,136,54,37
213,31,137,54,37
214,31,138,54,37
215,32,138,54,37
216,33,139,54,37
217,29,140,54,37
218,29,141,54,37
219,30,142,54,37
220,30,143,54,37
221,27,144,54,37
222,22,147,54,37
223,13,149,54,37
224,16,149,54,37
225,13,151,54,37
226,15,153,54,37
227,21,156,54,37
228,24,157,54,37
229,22,158,54,37
230,24,158,54,37
231,31,158,54,37
232,27,158,54,37
233,29,158,54,37
234,32,157,54,37
235,31,157,54,37
236,27,158,54,37
237,30,158,54,37
238,31,161,54,37
239,31,162,54,37
240,32,163,54,37
241,30,164,54,37
242,30,166,54,37
243,35,166,54,37
244,36,165,54,37
245,37,165,54,37
246,36,164,54,37
247,39,161,54,37
248,40,158,54,37
249,40,157,54,37
250,40,157,54,37
251,42,154,54,37
252,44,154,54,37
253,48,152,54,37
254,48,151,54,37
255,53,150,54,37
256,53,148,54,37
257,61,145,54,37
258,62,144,54,37
259,64,144,54,37
260,69,144,54,37
261,70,144,54,37
262,73,145,54,37
263,77,145,54,37
264,80,144,54,37
265,81,145,54,37
266,87,146,54,37
267,97,148,54,37
268,102,148,54,37
269,106,148,54,37
270,112,148,54,37
271,116,149,54,37
272,126,149,54,37
273,128,151,54,37
274,133,151,54,37
275,138,151,54,37
276,141,152,54,37
277,145,153,54,37
278,151,154,54,37
279,155,154,54,37
280,161,153,54,37
281,163,153,54,37
282,164,152,54,37
283,157,152,54,37
284,152,152,54,37
285,162,150,54,37
286,166,149,54,37
287,156,150,54,37
288,156,148,54,37
289,149,148,54,37
290,154,147,54,37
291,155,147,54,37
292,156,147,54,37
293,161,147,54,37
294,169,146,54,37
295,170,147,54,37
296,173,147,54,37
297,176,146,54,37
298,175,147,54,37
299,14,156,54,37
300,25,154,54,37
301,28,154,54,37
302,19,154,54,37
303,18,155,54,37
304,25,154,54,37
305,20,154,54,37
306,23,153,54,37
307,11,154,54,37
308,20,153,54,37
309,70,147,54,37
310,22,152,54,37
311,26,154,54,37
312,36,153,54,37
313,34,154,54,37
314,31,155,54,37
315,43,154,54,37
316,44,156,54,37
317,69,153,54,37
318,70,153,54,37
319,77,153,54,37
320,86,151,54,37
321,99,148,54,37
322,111,146,54,37
323,105,145,54,37
324,107,144,54,37
325,110,142,54,37
326,116,139,54,37
327,116,139,54,37
328,121,137,54,37
329,122,138,54,37
330,120,138,54,37
331,124,139,54,37
332,134,138,54,37
333,139,137,54,37
334,48,152,54,37
335,49,153,54,37
336,63,152,54,37
337,71,154,54,37
338,85,153,54,37
339,102,151,54,37
340,215,139,54,37
341,208,140,54,37
342,202,141,54,37
343,207,142,54,37
344,212,142,54,37
345,197,144,54,37
346,205,143,54,37
347,201,145,54,37
348,190,145,54,37
349,188,145,54,37
350,192,144,54,37
351,197,143,54,37
352,191,143,54,37
353,196,141,54,37
354,197,140,54,37
355,201,140,54,37
356,191,141,54,37
357,191,141,54,37
358,193,141,54,37
359,199,138,54,37
360,201,137,54,37
361,196,138,54,37
362,185,140,54,37
363,181,141,54,37
364,185,139,54,37
365,185,140,54,37
366,195,138,54,37
367,200,137,54,37
368,210,138,54,37
369,214,133,54,37
370,218,121,54,37
371,214,116,54,37
372,216,106,54,37
373,230,104,54,37
374,235,87,54,37
375,232,75,54,37
376,235,68,54,37
377,31,50,54,37
378,33,51,54,37
379,48,47,54,37
380,183,93,54,37
381,182,88,54,37
382,184,80,54,37
383,188,72,54,37
384,232,66,54,37
385,235,60,54,37
386,227,60,54,37
387,225,62,54,37
388,137,20,54,37
389,139,16,54,37
390,145,11,54,37
391,177,68,54,37
392,231,79,54,37
393,211,54,54,37
394,207,48,54,37
395,114,4,54,37
396,121,1,54,37
397,124,2,54,37
398,118,4,54,37
399,127,3,54,37
400,125,4,54,37
401,126,5,54,37
402,132,3,54,37
403,135,5,54,37
404,142,6,54,37
405,145,9,54,37
406,144,13,54,37
407,149,17,54,37
408,154,20,54,37
409,156,22,54,37
410,153,28,54,37
411,149,26,54,37
412,142,23,54,37
413,141,23,54,37
414,135,25,54,37
415,135,26,54,37
416,130,31,54,37
417,123,38,54,37
418,115,43,54,37
419,14,44,54,37
420,17,56,54,37
421,19,60,54,37
422,18,65,54,37
423,16,65,54,37
424,14,64,54,37
425,213,37,54,37
426,218,30,54,37
427,44,1,54,37
428,44,18,54,37
429,36,24,54,37
430,42,28,54,37
431,172,26,54,37
432,130,34,54,37
433,169,16,54,37
434,175,12,54,37
435,49,122,54,37
436,49,125,54,37
437,51,128,54,37
438,58,137,54,37
439,70,142,54,37
440,91,148,54,37
441,95,151,54,37
442,97,157,54,37
443,31,177,54,37
444,37,172,54,37
445,57,174,54,37
446,71,177,54,37
447,113,44,54,37
448,113,47,54,37
449,117,52,54,37
450,112,55,54,37
451,118,56,54,37
452,124,57,54,37
453,127,57,54,37
454,129,58,54,37
455,128,60,54,37
456,125,62,54,37
457,127,63,54,37
458,136,59,54,37
459,141,57,54,37
460,145,56,54,37
461,139,60,54,37
462,137,61,54,37
463,139,59,54,37
464,135,60,54,37
465,140,55,54,37
466,143,50,54,37
467,144,48,54,37
468,145,47,54,37
469,142,47,54,37
470,143,45,54,37
471,141,44,54,37
472,141,44,54,37
473,140,41,54,37
474,140,38,54,37
475,142,37,54,37
476,144,38,54,37
477,145,38,54,37
478,144,38,54,37
479,142,37,54,37
480,140,37,54,37
481,137,36,54,37
482,136,36,54,37
483,133,37,54,37
484,132,36,54,37
485,130,36,54,37
486,132,35,54,37
487,130,35,54,37
488,126,37,54,37
489,127,36,54,37
490,128,36,54,37
491,128,36,54,37
492,123,36,54,37
493,121,37,54,37
494,117,36,54,37
495,113,37,54,37
496,109,38,54,37
497,102,37,54,37
498,103,35,54,37
499,99,36,54,37
500,95,35,54,37
501,94,34,54,37
502,91,34,54,37
503,92,35,54,37
504,87,37,54,37
505,83,38,54,37
506,84,38,54,37
507,84,37,54,37
508,82,38,54,37
509,77,38,54,37
510,75,37,54,37
511,75,35,54,37
512,80,29,54,37
513,80,28,54,37
514,73,29,54,37
515,72,27,54,37
516,66,29,54,37
517,65,28,54,37
518,65,25,54,37
519,65,22,54,37
520,69,20,54,37
521,70,16,54,37
522,70,14,54,37
523,68,14,54,37
524,68,15,54,37
525,68,16,54,37
526,69,13,54,37
527,67,12,54,37
528,67,13,54,37
529,65,12,54,37
530,67,13,54,37
531,66,13,54,37
532,70,13,54,37
533,71,15,54,37
534,74,19,54,37
535,80,20,54,37
536,98,19,54,37
537,100,29,54,37
538,108,31,54,37
539,125,35,54,37
540,132,36,54,37
541,137,38,54,37
542,144,36,54,37
543,148,37,54,37
544,156,38,54,37
545,158,39,54,37
546,160,40,54,37
547,162,43,54,37
548,164,43,54,37
549,168,45,54,37
550,168,46,54,37
551,173,48,54,37
552,175,49,54,37
553,181,51,54,37
554,182,51,54,37
555,187,53,54,37
556,193,54,54,37
557,196,53,54,37
558,201,53,54,37
559,204,51,54,37
560,203,51,54,37
561,203,49,54,37
562,208,48,54,37
563,209,47,54,37
564,214,44,54,37
565,220,41,54,37
566,226,39,54,37
567,230,36,54,37
568,211,36,54,37
569,205,36,54,37
570,210,34,54,37
571,216,33,54,37
572,214,36,54,37
573,215,35,54,37
574,220,38,54,37
575,226,41,54,37
576,229,43,54,37
577,234,46,54,37
578,235,49,54,37
579,235,53,54,37
580,0,56,54,37
581,0,57,54,37
582,12,54,54,37
583,17,49,54,37
584,18,43,54,37
585,21,39,54,37
586,33,16,54,37
587,28,12,54,37
588,31,6,54,37
589,26,12,54,37
590,27,6,54,37
591,20,1,54,37
592,143,82,54,37
593,137,80,54,37
594,143,79,54,37
595,141,80,54,37
596,137,85,54,37
597,131,88,54,37
598,136,91,54,37
599,148,137,54,37
600,146,145,54,37
601,148,150,54,37
602,153,155,54,37
603,156,159,54,37
604,156,163,54,37
605,156,166,54,37
606,168,167,54,37
607,161,172,54,37
608,169,175,54,37
609,164,179,54,37
610,167,178,54,37
611,173,179,54,37
612,234,177,54,37
613,235,177,54,37
614,231,177,54,37
615,223,178,54,37
616,218,179,54,37
617,220,179,54,37
618,224,179,54,37
619,225,179,54,37
620,225,179,54,37
621,228,179,54,37
622,228,179,54,37
623,227,179,54,37
624,224,179,54,37
625,222,179,54,37
626,217,179,54,37
627,213,179,54,37
628,213,177,54,37
629,217,176,54,37
630,217,176,54,37
631,217,176,54,37
632,214,176,54,37
633,209,176,54,37
634,187,177,54,37
635,183,174,54,37
636,173,173,54,37
637,178,171,54,37
638,187,169,54,37
639,188,172,54,37
640,209,25,54,37
641,129,40,54,37
642,132,36,54,37
643,143,151,54,37
644,139,147,54,37
645,132,141,54,37
646,195,88,54,37
647,187,71,54,37
648,75,57,54,37
649,85,149,54,37
650,81,144,54,37
651,21,42,54,37
652,228,28,54,37
653,232,34,54,37
654,231,34,54,37
655,235,42,54,37
656,234,50,54,37
657,234,132,54,37
658,62,74,54,37
659,65,74,54,37
660,67,75,54,37
661,63,77,54,37
662,65,78,54,37
663,64,81,54,37
664,65,83,54,37
665,73,84,54,37
666,73,87,54,37
667,83,88,54,37
668,81,90,54,37
669,78,90,54,37
670,76,90,54,37
671,235,79,54,37
672,0,78,54,37
673,0,75,54,37
674,2,75,54,37
675,7,75,54,37
676,10,75,54,37
677,9,74,54,37
678,5,73,54,37
679,0,71,54,37
680,0,70,54,37
681,4,69,54,37
682,15,67,54,37
683,18,66,54,37
684,20,66,54,37
685,25,67,54,37
686,21,67,54,37
687,20,68,54,37
688,18,68,54,37
689,22,69,54,37
690,23,69,54,37
691,31,71,54,37
692,25,74,54,37
693,29,76,54,37
694,34,79,54,37
695,37,81,54,37
696,42,82,54,37
697,35,85,54,37
698,143,27,54,37
699,141,29,54,37
700,142,31,54,37
701,138,33,54,37
702,136,33,54,37
703,138,34,54,37
704,140,34,54,37
705,143,36,54,37
706,137,37,54,37
707,137,37,54,37
708,140,38,54,37
709,142,39,54,37
710,138,39,54,37
711,135,39,54,37
712,128,38,54,37
713,132,37,54,37
714,132,35,54,37
715,126,34,54,37
716,127,31,54,37
717,121,29,54,37
718,120,25,54,37
719,118,22,54,37
720,118,19,54,37
721,110,20,54,37
722,106,20,54,37
723,103,21,54,37
724,100,23,54,37
725,95,28,54,37
726,90,31,54,37
727,93,32,54,37
728,96,37,54,37
729,93,38,54,37
730,96,37,54,37
731,98,38,54,37
732,102,38,54,37
733,103,40,54,37
734,104,41,54,37
735,101,43,54,37
736,97,46,54,37
737,98,44,54,37
738,103,43,54,37
739,107,42,54,37
740,107,43,54,37
741,104,44,54,37
742,106,43,54,37
743,110,43,54,37
744,112,41,54,37
745,107,44,54,37
746,107,47,54,37
747,108,48,54,37
748,107,49,54,37
749,109,47,54,37
750,109,49,54,37
751,108,50,54,37
752,111,50,54,37
753,111,50,54,37
754,110,52,54,37
755,108,54,54,37
756,109,56,54,37
757,110,57,54,37
758,111,56,54,37
759,110,56,54,37
760,114,55,54,37
761,119,53,54,37
762,118,53,54,37
763,124,52,54,37
764,126,51,54,37
765,124,52,54,37
766,125,50,54,37
767,128,48,54,37
768,132,46,54,37
769,134,45,54,37
770,135,44,54,37
771,141,42,54,37
772,144,40,54,37
773,146,39,54,37
774,147,37,54,37
775,149,36,54,37
776,148,37,54,37
777,148,36,54,37
778,149,34,54,37
779,150,31,54,37
780,152,30,54,37
781,153,27,54,37
782,152,27,54,37
783,151,27,54,37
784,155,24,54,37
785,155,23,54,37
786,161,20,54,37
787,160,19,54,37
788,164,17,54,37
789,165,15,54,37
790,168,13,54,37
791,170,12,54,37
792,175,10,54,37
793,180,9,54,37
794,185,9,54,37
795,178,8,54,37
796,174,6,54,37
797,166,6,54,37
798,169,5,54,37
799,165,5,54,37
800,176,4,54,37
801,154,3,54,37
802,151,2,54,37
803,147,2,54,37
804,146,1,54,37
805,145,0,54,37
806,140,2,54,37
807,127,1,54,37
808,128,1,54,37
809,123,1,54,37
810,113,1,54,37
811,112,0,54,37
812,109,1,54,37
813,107,0,54,37
814,100,0,54,37
815,90,0,54,37
816,93,0,54,37
817,111,1,54,37
818,155,4,54,37
819,150,0,54,37
820,146,0,54,37
821,144,0,54,37
822,144,0,54,37
823,140,0,54,37
824,142,1,54,37
825,146,0,54,37
826,146,1,54,37
827,35,100,54,37
828,38,100,54,37
829,37,100,54,37
830,39,100,54,37
831,33,100,54,37
832,33,100,54,37
833,32,101,54,37
834,28,101,54,37
835,26,101,54,37
836,23,103,54,37
837,24,103,54,37
838,18,104,54,37
839,17,106,54,37
840,18,106,54,37
841,13,107,54,37
842,14,107,54,37
843,13,108,54,37
844,8,109,54,37
845,3,110,54,37
846,0,110,54,37
847,2,111,54,37
848,0,110,54,37
849,3,110,54,37
850,1,110,54,37
851,1,111,54,37
852,1,113,54,37
853,0,115,54,37
854,2,118,54,37
855,2,120,54,37
856,1,123,54,37
857,0,125,54,37
858,1,127,54,37
859,0,129,54,37
860,0,132,54,37
861,3,133,54,37
862,3,135,54,37
863,2,137,54,37
864,1,140,54,37
865,1,141,54,37
866,1,142,54,37
867,2,144,54,37
868,2,143,54,37
869,1,146,54,37
870,0,151,54,37
871,1,152,54,37
872,2,153,54,37
873,3,154,54,37
874,2,157,54,37
875,2,157,54,37
876,3,157,54,37
877,4,159,54,37
878,4,162,54,37
879,4,165,54,37
880,6,164,54,37
881,2,166,54,37
882,1,168,54,37
883,1,169,54,37
884,0,171,54,37
885,0,172,54,37
886,0,173,54,37
887,1,172,54,37
888,3,172,54,37
889,1,172,54,37
890,0,171,54,37
891,0,172,54,37
892,0,172,54,37
893,2,170,54,37
894,1,169,54,37
895,1,170,54,37
896,3,167,54,37
897,2,165,54,37
898,2,161,54,37
899,6,155,54,37
900,10,148,54,37
901,13,142,54,37
902,18,134,54,37
903,19,129,54,37
904,30,114,54,37
905,34,105,54,37
906,37,96,54,37
907,41,90,54,37
908,45,85,54,37
909,73,128,54,37
910,163,115,54,37
911,160,108,54,37
912,164,103,54,37
913,172,100,54,37
914,176,99,54,37
915,168,100,54,37
916,173,104,54,37
917,175,108,54,37
918,184,111,54,37
919,180,116,54,37
920,176,120,54,37
921,176,126,54,37
922,172,130,54,37
923,177,135,54,37
924,176,137,54,37
925,170,142,54,37
926,172,145,54,37
927,172,148,54,37
928,169,148,54,37
929,172,151,54,37
930,168,152,54,37
931,168,153,54,37
932,157,153,54,37
933,152,154,54,37
934,149,153,54,37
935,145,150,54,37
936,149,150,54,37
937,152,148,54,37
938,144,145,54,37
939,142,141,54,37
940,139,138,54,37
941,146,137,54,37
942,86,133,54,37
943,86,132,54,37
944,83,128,54,37
945,85,126,54,37
946,92,125,54,37
947,96,120,54,37
948,101,118,54,37
949,105,117,54,37
950,109,114,54,37
951,218,112,54,37
952,214,110,54,37
953,207,107,54,37
954,211,104,54,37
955,215,102,54,37
956,210,101,54,37
957,213,101,54,37
958,212,101,54,37
959,205,102,54,37
960,207,102,54,37
961,202,102,54,37
962,202,103,54,37
963,207,103,54,37
964,200,104,54,37
965,195,103,54,37
966,200,103,54,37
967,196,101,54,37
968,192,99,54,37
969,197,99,54,37
970,189,97,54,37
971,196,97,54,37
972,201,97,54,37
973,203,97,54,37
974,191,95,54,37
975,190,94,54,37
976,196,94,54,37
977,197,94,54,37
978,207,95,54,37
979,213,82,54,37
980,216,77,54,37
981,169,22,54,37
982,163,8,54,37
983,166,3,54,37
984,175,7,54,37
985,29,2,54,37
986,86,108,54,37
987,96,97,54,37
988,105,24,54,37
989,121,22,54,37
990,3,151,54,37
991,38,146,54,37
992,139,80,54,37
993,147,70,54,37
994,157,57,54,37
995,157,48,54,37
996,178,123,54,37
997,201,118,54,37
998,208,115,54,37
999,216,111,54,37
1000,217,109,54,37
1001,214,106,54,37
1002,216,106,54,37
1003,219,104,54,37
1004,225,104,54,37
1005,230,102,54,37
1006,235,101,54,37
1007,233,98,54,37
1008,233,95,54,37
1009,235,95,54,37
1010,193,95,54,37
1011,189,95,54,37
1012,187,96,54,37
1013,189,97,54,37
1014,191,98,54,37
1015,196,99,54,37
1016,204,100,54,37
1017,208,101,54,37
1018,210,101,54,37
1019,214,102,54,37
1020,213,102,54,37
1021,215,103,54,37
1022,214,103,54,37
1023,215,103,54,37
1024,220,103,54,37
1025,224,104,54,37
1026,229,105,54,37
1027,230,106,54,37
1028,233,106,54,37
1029,235,106,54,37
1030,234,106,54,37
1031,235,106,54,37
1032,233,106,54,37
1033,228,106,54,37
1034,225,106,54,37
1035,222,106,54,37
1036,226,106,54,37
1037,221,106,54,37
1038,227,105,54,37
1039,225,104,54,37
1040,227,104,54,37
1041,232,104,54,37
1042,228,101,54,37
1043,233,101,54,37
1044,235,101,54,37
1045,230,100,54,37
1046,235,99,54,37
1047,235,99,54,37
1048,235,98,54,37
1049,235,98,54,37
1050,235,97,54,37
1051,235,96,54,37
1052,233,95,54,37
1053,235,94,54,37
1054,232,91,54,37
1055,0,91,54,37
1056,3,91,54,37
1057,18,91,54,37
1058,32,90,54,37
1059,32,89,54,37
1060,32,89,54,37
1061,36,88,54,37
1062,64,88,54,37
1063,57,88,54,37
1064,62,89,54,37
1065,57,87,54,37
1066,60,87,54,37
1067,59,84,54,37
1068,63,83,54,37
1069,59,83,54,37
1070,54,81,54,37
1071,53,79,54,37
1072,66,78,54,37
1073,50,77,54,37
1074,54,76,54,37
1075,55,74,54,37
1076,57,73,54,37
1077,68,73,54,37
1078,52,71,54,37
1079,51,71,54,37
1080,51,70,54,37
1081,59,69,54,37
1082,58,69,54,37
1083,62,67,54,37
1084,66,66,54,37
1085,69,67,54,37
1086,64,66,54,37
1087,70,66,54,37
1088,71,64,54,37
1089,82,63,54,37
1090,93,63,54,37
1091,92,64,54,37
1092,94,64,54,37
1093,89,64,54,37
1094,93,64,54,37
1095,105,64,54,37
1096,107,64,54,37
1097,106,64,54,37
1098,104,64,54,37
1099,110,64,54,37
1100,115,64,54,37
1101,109,63,54,37
1102,114,63,54,37
1103,121,63,54,37
1104,119,63,54,37
1105,124,61,54,37
1106,122,61,54,37
1107,118,61,54,37
1108,115,61,54,37
1109,111,62,54,37
1110,109,62,54,37
1111,110,61,54,37
1112,107,63,54,37
1113,106,63,54,37
1114,109,64,54,37
1115,107,66,54,37
1116,108,67,54,37
1117,107,68,54,37
1118,112,69,54,37
1119,105,70,54,37
1120,105,71,54,37
1121,107,72,54,37
1122,107,72,54,37
1123,107,73,54,37
1124,108,74,54,37
1125,102,75,54,37
1126,102,75,54,37
1127,102,75,54,37
1128,105,75,54,37
1129,103,74,54,37
1130,105,73,54,37
1131,104,72,54,37
1132,105,70,54,37
1133,108,68,54,37
1134,109,66,54,37
1135,109,64,54,37
1136,110,62,54,37
1137,113,61,54,37
1138,110,59,54,37
1139,113,59,54,37
1140,112,57,54,37
1141,112,55,54,37
1142,108,55,54,37
1143,102,54,54,37
1144,102,51,54,37
1145,107,51,54,37
1146,103,51,54,37
1147,106,50,54,37
1148,110,50,54,37
1149,113,49,54,37
1150,108,48,54,37
1151,111,47,54,37
1152,112,45,54,37
1153,115,44,54,37
1154,117,44,54,37
1155,117,43,54,37
1156,118,43,54,37
1157,118,42,54,37
1158,123,41,54,37
1159,127,40,54,37
1160,130,40,54,37
1161,129,40,54,37
1162,131,42,54,37
1163,131,43,54,37
1164,135,44,54,37
1165,137,46,54,37
1166,137,48,54,37
1167,142,49,54,37
1168,142,50,54,37
1169,142,51,54,37
1170,141,51,54,37
1171,143,52,54,37
1172,147,52,54,37
1173,146,52,54,37
1174,148,53,54,37
1175,151,54,54,37
1176,153,53,54,37
1177,156,53,54,37
1178,159,53,54,37
1179,159,53,54,37
1180,161,52,54,37
1181,159,53,54,37
1182,161,53,54,37
1183,163,52,54,37
1184,165,52,54,37
1185,168,52,54,37
1186,168,52,54,37
1187,169,51,54,37
1188,169,51,54,37
1189,167,51,54,37
1190,169,52,54,37
1191,170,53,54,37
1192,170,53,54,37
1193,173,53,54,37
1194,173,53,54,37
1195,173,52,54,37
1196,177,52,54,37
1197,177,52,54,37
1198,179,52,54,37
1199,180,52,54,37
1200,179,51,54,37
1201,183,50,54,37
1202,181,50,54,37
1203,181,51,54,37
1204,181,52,54,37
1205,179,53,54,37
1206,178,53,54,37
1207,177,56,54,37
1208,176,60,54,37
1209,173,61,54,37
1210,171,64,54,37
1211,171,67,54,37
1212,169,67,54,37
1213,168,70,54,37
1214,169,71,54,37
1215,167,72,54,37
1216,166,71,54,37
1217,165,73,54,37
1218,165,75,54,37
1219,165,75,54,37
1220,161,77,54,37
1221,160,79,54,37
1222,156,80,54,37
1223,154,81,54,37
1224,150,82,54,37
1225,148,82,54,37
1226,146,81,54,37
1227,143,80,54,37
1228,143,81,54,37
1229,141,80,54,37
1230,139,77,54,37
1231,138,78,54,37
1232,135,78,54,37
1233,134,76,54,37
1234,135,76,54,37
1235,135,76,54,37
1236,135,75,54,37
1237,133,73,54,37
1238,130,73,54,37
1239,129,72,54,37
1240,129,72,54,37
1241,127,73,54,37
1242,125,72,54,37
1243,123,70,54,37
1244,122,70,54,37
1245,123,70,54,37
1246,123,70,54,37
1247,123,70,54,37
1248,120,71,54,37
1249,118,72,54,37
1250,116,72,54,37
1251,111,70,54,37
1252,110,70,54,37
1253,109,68,54,37
1254,105,68,54,37
1255,108,66,54,37
1256,105,66,54,37
1257,105,64,54,37
1258,109,64,54,37
1259,112,64,54,37
1260,115,63,54,37
1261,119,62,54,37
1262,117,63,54,37
1263,115,63,54,37
1264,114,61,54,37
1265,116,61,54,37
1266,114,62,54,37
1267,118,62,54,37
1268,124,62,54,37
1269,119,65,54,37
1270,128,66,54,37
1271,131,67,54,37
1272,137,67,54,37
1273,148,81,54,37
1274,210,52,54,37
1275,234,160,54,37
1276,234,158,54,37
1277,71,178,54,37
1278,97,179,54,37
1279,105,178,54,37
1280,116,178,54,37
1281,134,179,54,37
1282,131,178,54,37
1283,148,179,54,37
1284,153,178,54,37
1285,151,177,54,37
1286,151,176,54,37
1287,149,175,54,37
1288,154,174,54,37
1289,159,172,54,37
1290,159,171,54,37
1291,164,172,54,37
1292,182,171,54,37
1293,195,170,54,37
1294,194,171,54,37
1295,200,172,54,37
1296,170,172,54,37
1297,25,18,54,37
1298,5,19,54,37
1299,7,19,54,37
1300,16,18,54,37
1301,32,18,54,37
1302,29,19,54,37
1303,30,19,54,37
1304,67,19,54,37
1305,72,19,54,37
1306,73,19,54,37
1307,92,19,54,37
1308,108,20,54,37
1309,94,21,54,37
1310,114,19,54,37
1311,116,19,54,37
1312,122,19,54,37
1313,124,19,54,37
1314,120,20,54,37
1315,118,20,54,37
1316,121,20,54,37
1317,122,20,54,37
1318,117,20,54,37
1319,121,20,54,37
1320,115,20,54,37
1321,116,19,54,37
1322,110,19,54,37
1323,125,18,54,37
1324,135,16,54,37
1325,136,15,54,37
1326,137,13,54,37
1327,149,12,54,37
1328,151,12,54,37
1329,145,10,54,37
1330,149,9,54,37
1331,153,10,54,37
1332,157,10,54,37
1333,162,9,54,37
1334,167,9,54,37
1335,176,13,54,37
1336,181,14,54,37
1337,186,14,54,37
1338,190,13,54,37
1339,198,14,54,37
1340,201,17,54,37
1341,208,17,54,37
1342,213,19,54,37
1343,218,17,54,37
1344,224,26,54,37
1345,227,26,54,37
1346,231,26,54,37
1347,234,29,54,37
1348,195,56,54,37
1349,194,56,54,37
1350,194,55,54,37
1351,189,61,54,37
1352,191,61,54,37
1353,189,61,54,37
1354,194,61,54,37
1355,196,60,54,37
1356,193,60,54,37
1357,191,62,54,37
1358,187,66,54,37
1359,183,67,54,37
1360,183,66,54,37
1361,182,64,54,37
1362,178,65,54,37
1363,178,63,54,37
1364,179,63,54,37
1365,175,63,54,37
1366,171,66,54,37
1367,171,68,54,37
1368,169,69,54,37
1369,166,70,54,37
1370,167,71,54,37
1371,164,71,54,37
1372,162,73,54,37
1373,160,76,54,37
1374,161,76,54,37
1375,159,76,54,37
1376,156,76,54,37
1377,158,76,54,37
1378,162,76,54,37
1379,165,73,54,37
1380,162,76,54,37
1381,164,74,54,37
1382,163,76,54,37
1383,162,76,54,37
1384,166,70,54,37
1385,166,71,54,37
1386,166,72,54,37
1387,165,73,54,37
1388,164,74,54,37
1389,163,72,54,37
1390,161,74,54,37
1391,165,74,54,37
1392,168,74,54,37
1393,167,74,54,37
1394,167,73,54,37
1395,164,77,54,37
1396,165,77,54,37
1397,167,76,54,37
1398,168,75,54,37
1399,166,77,54,37
1400,165,79,54,37
1401,163,83,54,37
1402,161,88,54,37
1403,159,91,54,37
1404,161,92,54,37
1405,161,91,54,37
1406,162,91,54,37
1407,162,91,54,37
1408,163,91,54,37
1409,163,86,54,37
1410,164,84,54,37
1411,165,81,54,37
1412,164,78,54,37
1413,164,78,54,37
1414,162,75,54,37
1415,164,72,54,37
1416,164,69,54,37
1417,167,64,54,37
1418,167,58,54,37
1419,169,56,54,37
1420,172,55,54,37
1421,175,54,54,37
1422,179,56,54,37
1423,182,56,54,37
1424,188,56,54,37
1425,191,57,54,37
1426,194,57,54,37
1427,199,61,54,37
1428,202,60,54,37
1429,204,60,54,37
1430,208,57,54,37
1431,213,55,54,37
1432,215,54,54,37
1433,214,54,54,37
1434,216,55,54,37
1435,218,53,54,37
1436,223,53,54,37
1437,228,53,54,37
1438,228,54,54,37
1439,231,55,54,37
1440,235,58,54,37
1441,234,66,54,37
1442,235,69,54,37
1443,231,73,54,37
1444,235,75,54,37
1445,235,78,54,37
1446,235,81,54,37
1447,235,81,54,37
1448,235,82,54,37
1449,234,82,54,37
1450,235,81,54,37
1451,235,80,54,37
1452,234,80,54,37
1453,235,78,54,37
1454,235,73,54,37
1455,234,72,54,37
1456,231,70,54,37
1457,225,70,54,37
1458,225,70,54,37
1459,222,73,54,37
1460,220,73,54,37
1461,214,75,54,37
1462,213,74,54,37
1463,214,74,54,37
1464,208,74,54,37
1465,201,74,54,37
1466,203,74,54,37
1467,200,74,54,37
1468,197,76,54,37
1469,198,75,54,37
1470,194,78,54,37
1471,195,79,54,37
1472,192,80,54,37
1473,193,80,54,37
1474,190,80,54,37
1475,186,81,54,37
1476,184,81,54,37
1477,185,80,54,37
1478,184,81,54,37
1479,184,80,54,37
1480,184,76,54,37
1481,181,76,54,37
1482,178,76,54,37
1483,175,76,54,37
1484,170,74,54,37
1485,167,74,54,37
1486,166,71,54,37
1487,169,68,54,37
1488,169,66,54,37
1489,171,63,54,37
1490,171,64,54,37
1491,165,68,54,37
1492,160,67,54,37
1493,163,66,54,37
1494,164,65,54,37
1495,161,66,54,37
1496,159,66,54,37
1497,163,66,54,37
1498,158,66,54,37
1499,162,66,54,37
1500,165,66,54,37
1501,167,65,54,37
1502,165,64,54,37
1503,164,62,54,37
1504,161,61,54,37
1505,159,60,54,37
1506,160,60,54,37
1507,159,59,54,37
1508,161,59,54,37
1509,166,59,54,37
1510,174,60,54,37
1511,176,65,54,37
1512,174,65,54,37
1513,175,65,54,37
1514,178,69,54,37
1515,180,70,54,37
1516,176,71,54,37
1517,170,71,54,37
1518,169,72,54,37
1519,174,72,54,37
1520,177,73,54,37
1521,179,73,54,37
1522,183,74,54,37
1523,183,74,54,37
1524,185,74,54,37
1525,186,74,54,37
1526,191,74,54,37
1527,196,74,54,37
1528,200,74,54,37
1529,205,73,54,37
1530,203,72,54,37
1531,202,72,54,37
1532,200,72,54,37
1533,197,71,54,37
1534,200,70,54,37
1535,204,68,54,37
1536,204,68,54,37
1537,209,66,54,37
1538,214,64,54,37
1539,214,64,54,37
1540,213,63,54,37
1541,218,63,54,37
1542,223,63,54,37
1543,223,64,54,37
1544,224,65,54,37
1545,226,65,54,37
1546,231,65,54,37
1547,233,64,54,37
1548,235,64,54,37
1549,235,64,54,37
1550,235,64,54,37
1551,235,65,54,37
1552,235,65,54,37
1553,235,66,54,37
1554,235,67,54,37
1555,233,67,54,37
1556,235,68,54,37
1557,235,69,54,37
1558,235,70,54,37
1559,235,71,54,37
1560,231,74,54,37
1561,227,75,54,37
1562,229,76,54,37
1563,223,78,54,37
1564,217,80,54,37
1565,216,81,54,37
1566,217,81,54,37
1567,213,82,54,37
1568,211,82,54,37
1569,211,83,54,37
1570,214,84,54,37
1571,217,85,54,37
1572,215,86,54,37
1573,214,87,54,37
1574,216,87,54,37
1575,214,86,54,37
1576,214,86,54,37
1577,219,87,54,37
1578,224,88,54,37
1579,226,89,54,37
1580,223,90,54,37
1581,223,91,54,37
1582,226,91,54,37
1583,225,92,54,37
1584,220,93,54,37
1585,223,94,54,37
1586,228,94,54,37
1587,233,93,54,37
1588,234,93,54,37
1589,235,93,54,37
1590,235,92,54,37
1591,235,91,54,37
1592,235,89,54,37
1593,235,88,54,37
1594,235,88,54,37
1595,233,86,54,37
1596,235,84,54,37
1597,234,83,54,37
1598,232,80,54,37
1599,231,77,54,37
1600,230,77,54,37
1601,225,75,54,37
1602,221,73,54,37
1603,216,72,54,37
1604,215,72,54,37
1605,210,69,54,37
1606,208,68,54,37
1607,207,69,54,37
1608,205,68,54,37
1609,199,67,54,37
1610,202,67,54,37
1611,201,66,54,37
1612,202,65,54,37
1613,203,65,54,37
1614,207,65,54,37
1615,211,65,54,37
1616,206,64,54,37
1617,212,64,54,37
1618,217,64,54,37
1619,215,64,54,37
1620,219,63,54,37
1621,214,63,54,37
1622,217,63,54,37
1623,212,62,54,37
1624,217,62,54,37
1625,221,62,54,37
1626,212,61,54,37
1627,214,62,54,37
1628,219,62,54,37
1629,223,62,54,37
1630,234,58,54,37
1631,233,39,54,37
1632,12,17,54,37
1633,33,18,54,37
1634,211,161,54,37
1635,225,35,54,37
1636,225,27,54,37
1637,230,22,54,37
1638,235,27,54,37
1639,226,105,54,37
1640,229,97,54,37
1641,234,98,54,37
1642,216,99,54,37
1643,221,100,54,37
1644,226,100,54,37
1645,224,101,54,37
1646,223,101,54,37
1647,228,101,54,37
1648,228,101,54,37
1649,230,101,54,37
1650,226,101,54,37
1651,231,102,54,37
1652,229,102,54,37
1653,228,102,54,37
1654,225,102,54,37
1655,229,103,54,37
1656,234,104,54,37
1657,235,104,54,37
1658,51,138,54,37
1659,62,139,54,37
1660,75,141,54,37
1661,85,143,54,37
1662,97,142,54,37
1663,100,140,54,37
1664,217,150,54,37
1665,216,149,54,37
1666,85,107,54,37
1667,104,110,54,37
1668,109,110,54,37
1669,106,111,54,37
1670,106,111,54,37
1671,116,112,54,37
1672,117,112,54,37
1673,114,110,54,37
1674,118,110,54,37
1675,109,108,54,37
1676,115,108,54,37
1677,116,107,54,37
1678,120,107,54,37
1679,125,107,54,37
1680,121,106,54,37
1681,123,106,54,37
1682,122,106,54,37
1683,141,107,54,37
1684,140,107,54,37
1685,145,106,54,37
1686,145,105,54,37
1687,148,105,54,37
1688,147,106,54,37
1689,147,107,54,37
1690,126,106,54,37
1691,125,106,54,37
1692,129,106,54,37
1693,127,105,54,37
1694,125,105,54,37
1695,123,104,54,37
1696,128,104,54,37
1697,128,103,54,37
1698,133,104,54,37
1699,137,105,54,37
1700,139,105,54,37
1701,137,104,54,37
1702,135,104,54,37
1703,135,103,54,37
1704,136,103,54,37
1705,138,103,54,37
1706,140,103,54,37
1707,143,103,54,37
1708,141,103,54,37
1709,139,102,54,37
1710,137,102,54,37
1711,138,102,54,37
1712,136,102,54,37
1713,135,103,54,37
1714,137,104,54,37
1715,141,105,54,37
1716,138,105,54,37
1717,140,105,54,37
1718,140,106,54,37
1719,139,107,54,37
1720,143,108,54,37
1721,146,109,54,37
1722,145,110,54,37
1723,143,109,54,37
1724,144,109,54,37
1725,145,109,54,37
1726,142,109,54,37
1727,144,109,54,37
1728,140,108,54,37
1729,136,106,54,37
1730,138,107,54,37
1731,140,107,54,37
1732,141,107,54,37
1733,142,107,54,37
1734,143,108,54,37
1735,141,108,54,37
1736,140,109,54,37
1737,141,110,54,37
1738,142,109,54,37
1739,143,110,54,37
1740,138,110,54,37
1741,143,111,54,37
1742,142,111,54,37
1743,144,112,54,37
1744,142,112,54,37
1745,139,111,54,37
1746,137,112,54,37
1747,137,112,54,37
1748,141,113,54,37
1749,142,113,54,37
1750,140,113,54,37
1751,139,112,54,37
1752,143,111,54,37
1753,146,111,54,37
1754,150,112,54,37
1755,149,112,54,37
1756,153,113,54,37
1757,155,114,54,37
1758,148,114,54,37
1759,150,115,54,37
1760,148,115,54,37
1761,149,114,54,37
1762,151,113,54,37
1763,150,114,54,37
1764,146,113,54,37
1765,147,112,54,37
1766,148,113,54,37
1767,147,112,54,37
1768,149,110,54,37
1769,151,109,54,37
1770,155,108,54,37
1771,156,108,54,37
1772,155,107,54,37
1773,155,106,54,37
1774,156,107,54,37
1775,159,107,54,37
1776,157,107,54,37
1777,159,107,54,37
1778,156,106,54,37
1779,161,105,54,37
1780,163,106,54,37
1781,163,107,54,37
1782,165,106,54,37
1783,167,105,54,37
1784,166,105,54,37
1785,168,106,54,37
1786,173,105,54,37
1787,175,105,54,37
1788,175,106,54,37
1789,172,105,54,37
1790,174,105,54,37
1791,176,106,54,37
1792,173,105,54,37
1793,172,104,54,37
1794,169,103,54,37
1795,168,103,54,37
1796,169,103,54,37
1797,166,103,54,37
1798,164,102,54,37
1799,166,102,54,37
1800,166,103,54,37
1801,165,104,54,37
1802,158,103,54,37
1803,155,103,54,37
1804,150,103,54,37
1805,149,104,54,37
1806,145,104,54,37
1807,142,104,54,37
1808,138,104,54,37
1809,137,105,54,37
1810,134,104,54,37
1811,130,104,54,37
1812,128,103,54,37
1813,128,102,54,37
1814,126,102,54,37
1815,123,101,54,37
1816,119,102,54,37
1817,119,104,54,37
1818,118,104,54,37
1819,115,104,54,37
1820,111,104,54,37
1821,108,103,54,37
1822,105,103,54,37
1823,99,104,54,37
1824,96,103,54,37
1825,93,103,54,37
1826,93,104,54,37
1827,95,104,54,37
1828,91,102,54,37
1829,88,101,54,37
1830,87,101,54,37
1831,89,101,54,37
1832,91,101,54,37
1833,92,100,54,37
1834,89,100,54,37
1835,85,101,54,37
1836,81,101,54,37
1837,81,101,54,37
1838,77,102,54,37
1839,78,103,54,37
1840,77,105,54,37
1841,81,106,54,37
1842,78,104,54,37
1843,79,104,54,37
1844,81,105,54,37
1845,81,105,54,37
1846,78,106,54,37
1847,76,107,54,37
1848,76,107,54,37
1849,76,107,54,37
1850,72,107,54,37
1851,70,106,54,37
1852,67,106,54,37
1853,70,108,54,37
1854,72,108,54,37
1855,71,108,54,37
1856,75,108,54,37
1857,71,107,54,37
1858,73,107,54,37
1859,76,107,54,37
1860,73,107,54,37
1861,75,107,54,37
1862,74,108,54,37
1863,77,109,54,37
1864,80,109,54,37
1865,80,110,54,37
1866,83,111,54,37
1867,85,111,54,37
1868,91,112,54,37
1869,97,112,54,37
1870,94,112,54,37
1871,99,113,54,37
1872,103,113,54,37
1873,98,111,54,37
1874,100,112,54,37
1875,104,112,54,37
1876,109,113,54,37
1877,111,114,54,37
1878,112,115,54,37
1879,111,115,54,37
1880,117,116,54,37
1881,116,117,54,37
1882,122,117,54,37
1883,125,117,54,37
1884,127,117,54,37
1885,127,117,54,37
1886,128,117,54,37
1887,134,118,54,37
1888,134,116,54,37
1889,138,116,54,37
1890,139,115,54,37
1891,139,114,54,37
1892,143,115,54,37
1893,145,116,54,37
1894,145,116,54,37
1895,145,116,54,37
1896,148,117,54,37
1897,152,118,54,37
1898,155,119,54,37
1899,156,119,54,37
1900,165,121,54,37
1901,168,122,54,37
1902,168,122,54,37
1903,166,121,54,37
1904,170,123,54,37
1905,175,124,54,37
1906,177,125,54,37
1907,179,127,54,37
1908,184,128,54,37
1909,181,127,54,37
1910,192,131,54,37
1911,197,133,54,37
1912,196,133,54,37
1913,199,134,54,37
1914,204,136,54,37
1915,210,138,54,37
1916,214,140,54,37
1917,217,141,54,37
1918,222,143,54,37
1919,220,143,54,37
1920,225,145,54,37
1921,224,145,54,37
1922,229,147,54,37
1923,234,148,54,37
1924,235,149,54,37
1925,233,149,54,37
1926,0,151,54,37
1927,11,153,54,37
1928,20,157,54,37
1929,20,157,54,37
1930,19,157,54,37
1931,15,156,54,37
1932,16,156,54,37
1933,22,157,54,37
1934,17,156,54,37
1935,22,157,54,37
1936,34,159,54,37
1937,46,160,54,37
1938,32,156,54,37
1939,26,154,54,37
1940,115,174,54,37
1941,122,175,54,37
1942,127,176,54,37
1943,121,177,54,37
1944,127,178,54,37
1945,131,179,54,37
1946,126,177,54,37
1947,128,177,54,37
1948,133,178,54,37
1949,131,177,54,37
1950,125,175,54,37
1951,122,174,54,37
1952,118,173,54,37
1953,128,175,54,37
1954,128,174,54,37
1955,128,173,54,37
1956,139,175,54,37
1957,136,174,54,37
1958,145,176,54,37
1959,145,175,54,37
1960,144,172,54,37
1961,144,172,54,37
1962,140,171,54,37
1963,154,174,54,37
1964,153,172,54,37
1965,156,171,54,37
1966,153,170,54,37
1967,148,168,54,37
1968,148,168,54,37
1969,142,166,54,37
1970,136,164,54,37
1971,145,166,54,37
1972,147,167,54,37
1973,145,166,54,37
1974,143,165,54,37
1975,137,163,54,37
1976,126,160,54,37
1977,122,159,54,37
1978,121,157,54,37
1979,122,155,54,37
1980,127,155,54,37
1981,131,155,54,37
1982,133,156,54,37
1983,141,158,54,37
1984,147,159,54,37
1985,147,158,54,37
1986,147,158,54,37
1987,149,158,54,37
1988,214,174,54,37
1989,219,175,54,37
1990,216,173,54,37
1991,221,174,54,37
1992,219,178,54,37
1993,224,179,54,37
1994,226,179,54,37
1995,229,178,54,37
1996,89,36,54,37
1997,87,55,54,37
1998,83,59,54,37
1999,120,63,54,37
2000,230,131,54,37
2001,235,135,54,37
2002,233,137,54,37
2003,235,138,54,37
2004,235,138,54,37
2005,150,121,54,37
2006,151,125,54,37
2007,41,154,54,37
2008,41,157,54,37
2009,64,156,54,37
2010,54,145,54,37
2011,184,135,54,37
2012,188,144,54,37
2013,38,87,54,37
2014,53,92,54,37
2015,69,97,54,37
2016,71,98,54,37
2017,78,100,54,37
2018,75,99,54,37
2019,71,98,54,37
2020,73,98,54,37
2021,68,97,54,37
2022,70,97,54,37
2023,63,99,54,37
2024,60,97,54,37
2025,62,97,54,37
2026,58,95,54,37
2027,55,95,54,37
2028,52,94,54,37
2029,54,93,54,37
2030,59,93,54,37
2031,58,91,54,37
2032,57,88,54,37
2033,59,87,54,37
2034,59,87,54,37
2035,57,87,54,37
2036,49,80,54,37
2037,48,79,54,37
2038,47,79,54,37
2039,50,79,54,37
2040,50,78,54,37
2041,48,77,54,37
2042,51,75,54,37
2043,61,76,54,37
2044,64,75,54,37
2045,60,73,54,37
2046,62,68,54,37
2047,56,65,54,37
2048,57,65,54,37
2049,67,65,54,37
2050,72,63,54,37
2051,76,64,54,37
2052,72,61,54,37
2053,75,66,54,37
2054,73,65,54,37
2055,68,63,54,37
2056,65,60,54,37
2057,61,58,54,37
2058,56,57,54,37
2059,28,39,54,37
2060,25,38,54,37
2061,37,41,54,37
2062,38,45,54,37
2063,38,45,54,37
2064,29,43,54,37
2065,31,43,54,37
2066,33,45,54,37
2067,33,45,54,37
2068,31,44,54,37
2069,27,45,54,37
2070,35,47,54,37
2071,37,47,54,37
2072,33,47,54,37
2073,31,47,54,37
2074,33,47,54,37
2075,35,45,54,37
2076,34,45,54,37
2077,31,44,54,37
2078,31,44,54,37
2079,32,45,54,37
2080,31,45,54,37
2081,33,45,54,37
2082,34,46,54,37
2083,35,46,54,37
2084,38,46,54,37
2085,36,46,54,37
2086,39,47,54,37
2087,39,46,54,37
2088,42,47,54,37
2089,42,46,54,37
2090,44,46,54,37
2091,41,44,54,37
2092,44,45,54,37
2093,46,45,54,37
2094,45,44,54,37
2095,47,44,54,37
2096,53,45,54,37
2097,54,45,54,37
2098,60,46,54,37
2099,63,47,54,37
2100,65,47,54,37
2101,67,48,54,37
2102,74,49,54,37
2103,78,50,54,37
2104,81,48,54,37
2105,85,49,54,37
2106,87,50,54,37
2107,88,50,54,37
2108,87,49,54,37
2109,86,50,54,37
2110,87,50,54,37
2111,89,50,54,37
2112,87,50,54,37
2113,90,51,54,37
2114,100,54,54,37
2115,99,54,54,37
2116,96,55,54,37
2117,104,57,54,37
2118,100,56,54,37
2119,99,55,54,37
2120,99,56,54,37
2121,97,55,54,37
2122,100,56,54,37
2123,101,57,54,37
2124,101,58,54,37
2125,97,57,54,37
2126,101,59,54,37
2127,100,59,54,37
2128,104,62,54,37
2129,102,63,54,37
2130,105,64,54,37
2131,109,65,54,37
2132,111,66,54,37
2133,110,67,54,37
2134,115,69,54,37
2135,115,69,54,37
2136,120,71,54,37
2137,118,71,54,37
2138,114,69,54,37
2139,114,69,54,37
2140,110,69,54,37
2141,110,70,54,37
2142,111,70,54,37
2143,108,70,54,37
2144,110,71,54,37
2145,113,72,54,37
2146,116,73,54,37
2147,119,74,54,37
2148,123,75,54,37
2149,127,76,54,37
2150,124,74,54,37
2151,129,73,54,37
2152,132,72,54,37
2153,135,73,54,37
2154,138,74,54,37
2155,141,74,54,37
2156,143,75,54,37
2157,142,74,54,37
2158,145,73,54,37
2159,145,72,54,37
2160,144,71,54,37
2161,132,69,54,37
2162,137,69,54,37
2163,137,68,54,37
2164,142,68,54,37
2165,145,69,54,37
2166,147,70,54,37
2167,152,72,54,37
2168,154,72,54,37
2169,152,71,54,37
2170,151,70,54,37
2171,156,71,54,37
2172,155,71,54,37
2173,154,68,54,37
2174,151,67,54,37
2175,149,64,54,37
2176,152,63,54,37
2177,147,61,54,37
2178,148,60,54,37
2179,150,60,54,37
2180,148,57,54,37
2181,146,57,54,37
2182,151,58,54,37
2183,158,60,54,37
2184,158,60,54,37
2185,159,61,54,37
2186,164,62,54,37
2187,172,65,54,37
2188,174,66,54,37
2189,176,66,54,37
2190,175,66,54,37
2191,173,65,54,37
2192,175,65,54,37
2193,175,65,54,37
2194,174,65,54,37
2195,178,67,54,37
2196,174,68,54,37
2197,173,69,54,37
2198,176,71,54,37
2199,176,72,54,37
2200,175,71,54,37
2201,175,72,54,37
2202,172,70,54,37
2203,171,72,54,37
2204,177,73,54,37
2205,185,76,54,37
2206,187,76,54,37
2207,192,78,54,37
2208,197,80,54,37
2209,201,81,54,37
2210,202,81,54,37
2211,205,83,54,37
2212,209,84,54,37
2213,206,83,54,37
2214,207,84,54,37
2215,205,83,54,37
2216,204,84,54,37
2217,202,83,54,37
2218,199,82,54,37
2219,204,84,54,37
2220,201,83,54,37
2221,195,81,54,37
2222,191,80,54,37
2223,191,79,54,37
2224,192,78,54,37
2225,191,77,54,37
2226,189,75,54,37
2227,185,73,54,37
2228,185,74,54,37
2229,171,79,54,37
2230,174,81,54,37
2231,176,81,54,37
2232,173,83,54,37
2233,164,82,54,37
2234,165,83,54,37
2235,168,87,54,37
2236,169,88,54,37
2237,172,90,54,37
2238,169,90,54,37
2239,171,90,54,37
2240,166,89,54,37
2241,167,91,54,37
2242,170,91,54,37
2243,166,91,54,37
2244,166,90,54,37
2245,166,90,54,37
2246,163,90,54,37
2247,161,90,54,37
2248,159,90,54,37
2249,158,90,54,37
2250,157,90,54,37
2251,161,93,54,37
2252,165,96,54,37
2253,168,96,54,37
2254,170,98,54,37
2255,175,101,54,37
2256,180,102,54,37
2257,187,104,54,37
2258,195,106,54,37
2259,198,107,54,37
2260,204,111,54,37
2261,209,114,54,37
2262,211,116,54,37
2263,215,119,54,37
2264,220,121,54,37
2265,222,121,54,37
2266,223,123,54,37
2267,228,125,54,37
2268,232,125,54,37
2269,233,126,54,37
2270,0,130,54,37
2271,11,132,54,37
2272,30,136,54,37
2273,39,139,54,37
2274,47,144,54,37
2275,51,145,54,37
2276,171,74,54,37
2277,168,73,54,37
2278,169,72,54,37
2279,173,71,54,37
2280,171,70,54,37
2281,172,71,54,37
2282,173,70,54,37
2283,178,70,54,37
2284,181,70,54,37
2285,185,68,54,37
2286,182,67,54,37
2287,178,67,54,37
2288,183,66,54,37
2289,183,65,54,37
2290,187,66,54,37
2291,191,66,54,37
2292,192,66,54,37
2293,197,66,54,37
2294,203,67,54,37
2295,204,67,54,37
2296,207,67,54,37
2297,208,66,54,37
2298,213,66,54,37
2299,219,69,54,37
2300,220,70,54,37
2301,226,70,54,37
2302,229,72,54,37
2303,233,74,54,37
2304,235,75,54,37
2305,234,77,54,37
2306,235,77,54,37
2307,235,78,54,37
2308,0,80,54,37
2309,5,81,54,37
2310,14,79,54,37
2311,20,81,54,37
2312,40,85,54,37
2313,40,86,54,37
2314,54,92,54,37
2315,64,96,54,37
2316,68,97,54,37
2317,63,96,54,37
2318,82,103,54,37
2319,87,105,54,37
2320,92,108,54,37
2321,80,105,54,37
2322,79,105,54,37
2323,83,106,54,37
2324,83,107,54,37
2325,85,108,54,37
2326,83,107,54,37
2327,79,107,54,37
2328,76,107,54,37
2329,76,108,54,37
2330,80,111,54,37
2331,79,110,54,37
2332,85,113,54,37
2333,91,115,54,37
2334,89,115,54,37
2335,79,112,54,37
2336,72,112,54,37
2337,66,111,54,37
2338,68,112,54,37
2339,60,110,54,37
2340,67,114,54,37
2341,67,114,54,37
2342,65,114,54,37
2343,71,116,54,37
2344,83,121,54,37
2345,90,123,54,37
2346,85,122,54,37
2347,90,124,54,37
2348,85,122,54,37
2349,88,123,54,37
2350,94,125,54,37
2351,93,125,54,37
2352,97,128,54,37
2353,102,131,54,37
2354,99,130,54,37
2355,104,133,54,37
2356,118,138,54,37
2357,122,141,54,37
2358,121,140,54,37
2359,127,142,54,37
2360,131,144,54,37
2361,130,145,54,37
2362,128,146,54,37
2363,129,144,54,37
2364,140,145,54,37
2365,139,144,54,37
2366,138,144,54,37
2367,136,143,54,37
2368,142,143,54,37
2369,150,145,54,37
2370,163,149,54,37
2371,161,147,54,37
2372,171,150,54,37
2373,168,149,54,37
2374,163,148,54,37
2375,168,149,54,37
2376,168,149,54,37
2377,163,148,54,37
2378,161,147,54,37
2379,164,146,54,37
2380,166,146,54,37
2381,173,149,54,37
2382,173,149,54,37
2383,181,151,54,37
2384,186,154,54,37
2385,184,154,54,37
2386,190,155,54,37
2387,198,158,54,37
2388,194,158,54,37
2389,202,161,54,37
2390,200,161,54,37
2391,205,163,54,37
2392,209,165,54,37
2393,214,167,54,37
2394,219,169,54,37
2395,212,168,54,37
2396,215,168,54,37
2397,213,168,54,37
2398,204,165,54,37
2399,209,168,54,37
2400,205,167,54,37
2401,201,166,54,37
2402,204,168,54,37
2403,209,171,54,37
2404,212,172,54,37
2405,210,171,54,37
2406,216,174,54,37
2407,212,173,54,37
2408,213,174,54,37
2409,211,174,54,37
2410,208,173,54,37
2411,209,174,54,37
2412,214,176,54,37
2413,219,178,54,37
2414,214,176,54,37
2415,219,179,54,37
2416,215,177,54,37
2417,220,179,54,37
2418,216,178,54,37
2419,208,177,54,37
2420,212,179,54,37
2421,195,176,54,37
2422,202,178,54,37
2423,204,179,54,37
2424,80,141,54,37
2425,75,140,54,37
2426,71,138,54,37
2427,63,137,54,37
2428,59,136,54,37
2429,58,135,54,37
2430,55,134,54,37
2431,64,136,54,37
2432,69,138,54,37
2433,64,136,54,37
2434,63,136,54,37
2435,13,120,54,37
2436,10,119,54,37
2437,13,119,54,37
2438,11,117,54,37
2439,10,117,54,37
2440,8,115,54,37
2441,15,117,54,37
2442,15,117,54,37
2443,12,116,54,37
2444,5,113,54,37
2445,17,116,54,37
2446,19,115,54,37
2447,18,113,54,37
2448,112,140,54,37
2449,113,137,54,37
2450,116,136,54,37
2451,118,134,54,37
2452,118,129,54,37
2453,122,129,54,37
2454,130,129,54,37
2455,128,125,54,37
2456,129,124,54,37
2457,124,121,54,37
2458,122,120,54,37
2459,122,115,54,37
2460,127,116,54,37
2461,121,112,54,37
2462,131,114,54,37
2463,130,112,54,37
2464,124,108,54,37
2465,115,105,54,37
2466,115,104,54,37
2467,119,105,54,37
2468,118,102,54,37
2469,121,102,54,37
2470,123,102,54,37
2471,121,100,54,37
2472,123,99,54,37
2473,123,99,54,37
2474,127,98,54,37
2475,112,92,54,37
2476,117,93,54,37
2477,117,92,54,37
2478,130,94,54,37
2479,124,91,54,37
2480,131,93,54,37
2481,129,90,54,37
2482,128,90,54,37
2483,130,90,54,37
2484,132,90,54,37
2485,137,91,54,37
2486,133,90,54,37
2487,131,89,54,37
2488,123,87,54,37
2489,125,86,54,37
2490,126,85,54,37
2491,137,88,54,37
2492,135,86,54,37
2493,132,85,54,37
2494,130,84,54,37
2495,143,87,54,37
2496,137,84,54,37
2497,135,83,54,37
2498,138,84,54,37
2499,135,82,54,37
2500,137,82,54,37
2501,135,83,54,37
2502,134,84,54,37
2503,128,82,54,37
2504,135,84,54,37
2505,133,83,54,37
2506,128,82,54,37
2507,130,83,54,37
2508,128,83,54,37
2509,131,85,54,37
2510,133,86,54,37
2511,131,86,54,37
2512,134,88,54,37
2513,134,87,54,37
2514,132,86,54,37
2515,133,88,54,37
2516,132,87,54,37
2517,131,89,54,37
2518,128,89,54,37
2519,123,87,54,37
2520,125,87,54,37
2521,128,88,54,37
2522,124,85,54,37
2523,125,85,54,37
2524,119,83,54,37
2525,121,83,54,37
2526,120,82,54,37
2527,119,82,54,37
2528,122,82,54,37
2529,122,81,54,37
2530,126,82,54,37
2531,130,83,54,37
2532,128,82,54,37
2533,127,81,54,37
2534,124,80,54,37
2535,126,79,54,37
2536,121,77,54,37
2537,121,77,54,37
2538,116,75,54,37
2539,115,74,54,37
2540,117,73,54,37
2541,111,70,54,37
2542,110,69,54,37
2543,112,67,54,37
2544,96,63,54,37
2545,95,61,54,37
2546,95,61,54,37
2547,92,58,54,37
2548,86,54,54,37
2549,90,55,54,37
2550,87,54,54,37
2551,94,56,54,37
2552,99,57,54,37
2553,111,60,54,37
2554,113,60,54,37
2555,107,58,54,37
2556,101,57,54,37
2557,100,57,54,37
2558,100,57,54,37
2559,104,59,54,37
2560,103,58,54,37
2561,100,57,54,37
2562,102,57,54,37
2563,93,54,54,37
2564,95,55,54,37
2565,105,58,54,37
2566,103,57,54,37
2567,109,59,54,37
2568,108,59,54,37
2569,112,60,54,37
2570,111,59,54,37
2571,115,58,54,37
2572,117,58,54,37
2573,123,59,54,37
2574,126,60,54,37
2575,137,63,54,37
2576,132,61,54,37
2577,135,61,54,37
2578,141,62,54,37
2579,135,60,54,37
2580,134,58,54,37
2581,136,57,54,37
2582,138,57,54,37
2583,137,56,54,37
2584,135,54,54,37
2585,139,53,54,37
2586,137,54,54,37
2587,139,54,54,37
2588,145,56,54,37
2589,143,55,54,37
2590,150,58,54,37
2591,155,59,54,37
2592,158,60,54,37
2593,142,54,54,37
2594,142,54,54,37
2595,136,52,54,37
2596,135,52,54,37
2597,129,51,54,37
2598,132,52,54,37
2599,131,53,54,37
2600,133,56,54,37
2601,135,57,54,37
2602,137,60,54,37
2603,126,61,54,37
2604,126,61,54,37
2605,119,62,54,37
2606,127,66,54,37
2607,127,67,54,37
2608,123,68,54,37
2609,114,65,54,37
2610,110,63,54,37
2611,115,64,54,37
2612,121,67,54,37
2613,115,65,54,37
2614,118,67,54,37
2615,117,66,54,37
2616,120,67,54,37
2617,112,65,54,37
2618,121,69,54,37
2619,122,70,54,37
2620,127,73,54,37
2621,129,74,54,37
2622,130,75,54,37
2623,132,76,54,37
2624,129,75,54,37
2625,125,76,54,37
2626,123,76,54,37
2627,123,78,54,37
2628,127,79,54,37
2629,125,78,54,37
2630,127,79,54,37
2631,132,80,54,37
2632,134,81,54,37
2633,136,82,54,37
2634,136,80,54,37
2635,134,80,54,37
2636,141,82,54,37
2637,139,82,54,37
2638,143,85,54,37
2639,144,85,54,37
2640,151,87,54,37
2641,147,86,54,37
2642,151,87,54,37
2643,155,88,54,37
2644,153,87,54,37
2645,151,86,54,37
2646,157,87,54,37
2647,155,88,54,37
2648,151,87,54,37
2649,149,87,54,37
2650,146,86,54,37
2651,149,87,54,37
2652,151,88,54,37
2653,149,88,54,37
2654,144,87,54,37
2655,149,90,54,37
2656,146,90,54,37
2657,151,92,54,37
2658,154,94,54,37
2659,148,92,54,37
2660,147,92,54,37
2661,149,93,54,37
2662,149,94,54,37
2663,153,96,54,37
2664,153,96,54,37
2665,154,97,54,37
2666,156,99,54,37
2667,159,100,54,37
2668,152,98,54,37
2669,158,100,54,37
2670,160,101,54,37
2671,162,103,54,37
2672,163,104,54,37
2673,168,106,54,37
2674,166,109,54,37
2675,171,111,54,37
2676,173,112,54,37
2677,167,111,54,37
2678,168,111,54,37
2679,171,112,54,37
2680,174,113,54,37
2681,173,114,54,37
2682,176,115,54,37
2683,175,115,54,37
2684,176,115,54,37
2685,170,113,54,37
2686,171,113,54,37
2687,158,109,54,37
2688,159,110,54,37
2689,156,109,54,37
2690,157,109,54,37
2691,154,108,54,37
2692,153,107,54,37
2693,159,109,54,37
2694,164,111,54,37
2695,163,111,54,37
2696,172,113,54,37
2697,174,114,54,37
2698,166,112,54,37
2699,151,108,54,37
2700,143,106,54,37
2701,142,106,54,37
2702,137,105,54,37
2703,140,105,54,37
2704,139,104,54,37
2705,134,102,54,37
2706,139,103,54,37
2707,143,104,54,37
2708,145,105,54,37
2709,147,106,54,37
2710,145,107,54,37
2711,148,108,54,37
2712,154,110,54,37
2713,150,111,54,37
2714,152,112,54,37
2715,152,111,54,37
2716,152,111,54,37
2717,145,109,54,37
2718,154,111,54,37
2719,162,113,54,37
2720,163,114,54,37
2721,162,114,54,37
2722,160,114,54,37
2723,161,113,54,37
2724,160,113,54,37
2725,163,114,54,37
2726,160,113,54,37
2727,143,108,54,37
2728,147,109,54,37
2729,145,109,54,37
2730,151,111,54,37
2731,145,110,54,37
2732,142,109,54,37
2733,140,109,54,37
2734,146,109,54,37
2735,145,107,54,37
2736,148,108,54,37
2737,146,108,54,37
2738,146,108,54,37
2739,150,109,54,37
2740,144,108,54,37
2741,148,110,54,37
2742,151,111,54,37
2743,154,112,54,37
2744,155,113,54,37
2745,151,112,54,37
2746,145,110,54,37
2747,150,112,54,37
2748,148,112,54,37
2749,146,112,54,37
2750,142,111,54,37
2751,141,111,54,37
2752,136,110,54,37
2753,135,110,54,37
2754,130,109,54,37
2755,133,110,54,37
2756,131,110,54,37
2757,144,114,54,37
2758,145,115,54,37
2759,142,114,54,37
2760,143,115,54,37
2761,149,117,54,37
2762,154,119,54,37
2763,155,120,54,37
2764,151,119,54,37
2765,146,118,54,37
2766,143,116,54,37
2767,141,117,54,37
2768,145,120,54,37
2769,136,117,54,37
2770,132,117,54,37
2771,142,120,54,37
2772,139,119,54,37
2773,129,115,54,37
2774,130,115,54,37
2775,123,113,54,37
2776,130,115,54,37
2777,118,111,54,37
2778,128,113,54,37
2779,121,111,54,37
2780,115,108,54,37
2781,117,108,54,37
2782,124,109,54,37
2783,128,111,54,37
2784,133,112,54,37
2785,145,114,54,37
2786,150,115,54,37
2787,153,113,54,37
2788,159,113,54,37
2789,198,123,54,37
2790,193,122,54,37
2791,191,120,54,37
2792,188,118,54,37
2793,192,118,54,37
2794,203,119,54,37
2795,208,120,54,37
2796,208,118,54,37
2797,209,118,54,37
2798,202,116,54,37
2799,207,117,54,37
2800,197,114,54,37
2801,202,113,54,37
2802,204,114,54,37
2803,207,116,54,37
2804,205,115,54,37
2805,206,115,54,37
2806,202,114,54,37
2807,201,115,54,37
2808,197,113,54,37
2809,199,112,54,37
2810,199,112,54,37
2811,198,111,54,37
2812,197,111,54,37
2813,199,110,54,37
2814,203,111,54,37
2815,197,109,54,37
2816,192,108,54,37
