14-LongDuration 1
1,293,36,17,16
2,311,253,17,16
3,308,243,17,16
4,296,212,17,16
5,297,192,17,16
6,304,192,17,16
7,303,193,17,16
8,300,181,17,16
9,300,180,17,16
10,299,175,17,16
11,15,177,17,16
12,13,175,17,16
13,65,153,17,16
14,102,147,17,16
15,103,147,17,16
16,100,152,17,16
17,97,151,17,16
18,96,159,17,16
19,433,215,17,16
20,430,212,17,16
21,415,215,17,16
22,417,214,17,16
23,407,213,17,16
24,432,192,17,16
25,413,293,17,16
26,73,85,17,16
27,67,93,17,16
28,66,92,17,16
29,58,103,17,16
30,303,40,17,16
31,68,286,17,16
32,121,276,17,16
33,136,256,17,16
34,134,289,17,16
35,267,116,17,16
36,270,116,17,16
37,272,115,17,16
38,272,115,17,16
39,273,115,17,16
40,136,199,17,16
41,137,207,17,16
42,135,198,17,16
43,129,207,17,16
44,131,212,17,16
45,150,181,17,16
46,148,182,17,16
47,171,173,17,16
48,177,179,17,16
49,168,187,17,16
50,172,187,17,16
51,171,190,17,16
52,109,118,17,16
53,122,122,17,16
54,124,124,17,16
55,126,146,17,16
56,130,146,17,16
57,117,161,17,16
58,110,161,17,16
59,315,99,17,16
60,313,99,17,16
61,389,142,17,16
62,62,116,17,16
63,387,105,17,16
64,387,105,17,16
65,387,87,17,16
66,356,93,17,16
67,355,92,17,16
68,323,87,17,16
69,330,94,17,16
70,332,94,17,16
71,110,49,17,16
72,110,50,17,16
73,132,46,17,16
74,202,58,17,16
75,201,58,17,16
76,34,11,17,16
77,48,11,17,16
78,51,11,17,16
79,52,11,17,16
80,53,11,17,16
81,95,34,17,16
82,95,34,17,16
83,95,34,17,16
84,90,53,17,16
85,106,53,17,16
86,84,68,17,16
87,85,68,17,16
88,118,67,17,16
89,98,63,17,16
90,139,59,17,16
91,136,64,17,16
92,368,93,17,16
93,367,94,17,16
94,368,91,17,16
95,369,88,17,16
96,356,107,17,16
97,1,27,17,16
98,2,26,17,16
99,0,26,17,16
100,1,26,17,16
101,0,26,17,16
102,1,26,17,16
103,2,26,17,16
104,4,26,17,16
105,45,24,17,16
106,243,106,17,16
107,376,95,17,16
108,378,95,17,16
109,380,95,17,16
110,374,93,17,16
111,375,96,17,16
112,374,85,17,16
113,378,83,17,16
114,379,79,17,16
115,378,82,17,16
116,381,84,17,16
117,383,87,17,16
118,378,93,17,16
119,357,104,17,16
120,360,88,17,16
121,362,95,17,16
122,227,128,17,16
123,230,132,17,16
124,228,131,17,16
125,226,143,17,16
126,224,144,17,16
127,225,144,17,16
128,217,143,17,16
129,213,135,17,16
130,213,135,17,16
131,208,140,17,16
132,242,287,17,16
133,242,288,17,16
134,239,286,17,16
135,236,283,17,16
136,231,281,17,16
137,231,266,17,16
138,234,255,17,16
139,234,257,17,16
140,224,260,17,16
141,253,260,17,16
142,253,259,17,16
143,250,255,17,16
144,222,242,17,16
145,220,238,17,16
146,221,238,17,16
147,225,241,17,16
148,223,242,17,16
149,220,239,17,16
150,232,241,17,16
151,233,243,17,16
152,234,225,17,16
153,253,231,17,16
154,258,224,17,16
155,256,222,17,16
156,261,208,17,16
157,261,208,17,16
158,261,210,17,16
159,261,211,17,16
160,264,205,17,16
161,265,212,17,16
162,264,220,17,16
163,262,204,17,16
164,262,202,17,16
165,263,202,17,16
166,241,210,17,16
167,439,16,17,16
168,440,16,17,16
169,439,15,17,16
170,439,15,17,16
171,439,14,17,16
172,437,13,17,16
173,429,10,17,16
174,429,7,17,16
175,283,173,17,16
176,284,177,17,16
177,284,178,17,16
178,284,179,17,16
179,281,173,17,16
180,283,172,17,16
181,275,148,17,16
182,285,149,17,16
183,288,139,17,16
184,294,132,17,16
185,296,132,17,16
186,295,130,17,16
187,295,128,17,16
188,299,128,17,16
189,300,125,17,16
190,305,137,17,16
191,303,159,17,16
192,303,139,17,16
193,317,140,17,16
194,335,153,17,16
195,354,154,17,16
196,307,153,17,16
197,447,120,17,16
198,402,249,17,16
199,394,249,17,16
200,374,159,17,16
201,424,284,17,16
202,46,18,17,16
203,51,32,17,16
204,60,32,17,16
205,59,32,17,16
206,241,56,17,16
207,384,28,17,16
208,382,25,17,16
209,381,35,17,16
210,83,19,17,16
211,407,288,17,16
212,416,7,17,16
213,417,7,17,16
214,422,9,17,16
215,423,8,17,16
216,415,7,17,16
217,165,73,17,16
218,165,73,17,16
219,167,70,17,16
220,167,84,17,16
221,167,98,17,16
222,116,23,17,16
223,119,24,17,16
224,120,22,17,16
225,150,23,17,16
226,153,21,17,16
227,145,18,17,16
228,145,29,17,16
229,169,27,17,16
230,182,23,17,16
231,204,27,17,16
232,443,70,17,16
233,303,267,17,16
234,307,266,17,16
235,307,267,17,16
236,74,267,17,16
237,431,76,17,16
238,429,95,17,16
239,428,94,17,16
240,349,247,17,16
241,347,246,17,16
242,352,239,17,16
243,349,241,17,16
244,379,162,17,16
245,376,159,17,16
246,354,158,17,16
247,356,158,17,16
248,356,158,17,16
249,356,159,17,16
250,357,179,17,16
251,359,189,17,16
252,334,60,17,16
253,333,64,17,16
254,327,62,17,16
255,154,185,17,16
256,147,188,17,16
257,317,220,17,16
258,234,283,17,16
259,236,284,17,16
260,314,152,17,16
261,323,165,17,16
262,321,135,17,16
263,317,136,17,16
264,64,75,17,16
265,64,76,17,16
266,87,198,17,16
267,98,178,17,16
268,122,177,17,16
269,125,173,17,16
270,124,182,17,16
271,119,178,17,16
272,20,202,17,16
273,23,208,17,16
274,19,207,17,16
275,286,185,17,16
276,275,187,17,16
277,272,185,17,16
278,272,181,17,16
279,273,180,17,16
280,255,165,17,16
281,246,167,17,16
282,294,129,17,16
283,296,145,17,16
284,297,151,17,16
285,300,152,17,16
286,301,150,17,16
287,305,153,17,16
288,310,153,17,16
289,320,163,17,16
290,324,163,17,16
291,326,161,17,16
292,327,159,17,16
293,328,164,17,16
294,333,161,17,16
295,339,144,17,16
296,319,120,17,16
297,257,183,17,16
298,264,183,17,16
299,255,183,17,16
300,261,197,17,16
301,262,197,17,16
302,362,276,17,16
303,363,277,17,16
304,361,278,17,16
305,366,274,17,16
306,346,264,17,16
307,276,292,17,16
308,276,293,17,16
309,267,292,17,16
310,267,290,17,16
311,154,292,17,16
312,154,292,17,16
313,171,290,17,16
314,325,277,17,16
315,326,269,17,16
316,329,271,17,16
317,330,272,17,16
318,332,272,17,16
319,307,245,17,16
320,373,169,17,16
321,379,166,17,16
322,381,163,17,16
323,379,162,17,16
324,413,230,17,16
325,384,227,17,16
326,386,228,17,16
327,387,229,17,16
328,387,205,17,16
329,374,205,17,16
330,377,197,17,16
331,339,196,17,16
332,343,200,17,16
333,49,197,17,16
334,68,199,17,16
335,74,202,17,16
336,75,200,17,16
337,227,267,17,16
338,226,269,17,16
339,232,247,17,16
340,234,245,17,16
341,379,286,17,16
342,390,278,17,16
343,399,272,17,16
344,401,277,17,16
345,379,277,17,16
346,390,279,17,16
347,403,275,17,16
348,406,275,17,16
349,405,276,17,16
350,397,276,17,16
351,398,260,17,16
352,404,261,17,16
353,403,252,17,16
354,400,248,17,16
355,384,245,17,16
356,400,252,17,16
357,388,253,17,16
358,404,109,17,16
359,397,105,17,16
360,395,105,17,16
361,393,103,17,16
362,79,75,17,16
363,78,71,17,16
364,87,85,17,16
365,83,82,17,16
366,372,204,17,16
367,369,204,17,16
368,86,70,17,16
369,238,164,17,16
370,236,163,17,16
371,233,158,17,16
372,229,158,17,16
373,226,156,17,16
374,220,155,17,16
375,218,154,17,16
376,217,160,17,16
377,199,161,17,16
378,202,156,17,16
379,133,146,17,16
380,193,7,17,16
381,336,293,17,16
382,337,291,17,16
383,335,289,17,16
384,450,100,17,16
385,407,188,17,16
386,381,46,17,16
387,388,47,17,16
388,391,47,17,16
389,390,45,17,16
390,395,42,17,16
391,375,48,17,16
392,360,50,17,16
393,362,50,17,16
394,354,47,17,16
395,360,54,17,16
396,327,57,17,16
397,307,70,17,16
398,308,70,17,16
399,440,40,17,16
400,441,46,17,16
401,441,42,17,16
402,429,40,17,16
403,431,34,17,16
404,430,30,17,16
405,434,27,17,16
406,432,25,17,16
407,432,35,17,16
408,427,44,17,16
409,429,41,17,16
410,430,41,17,16
411,415,43,17,16
412,430,40,17,16
413,428,45,17,16
414,428,46,17,16
415,428,40,17,16
416,429,45,17,16
417,416,45,17,16
418,428,42,17,16
419,408,52,17,16
420,409,51,17,16
421,403,59,17,16
422,379,63,17,16
423,7,97,17,16
424,376,61,17,16
425,377,56,17,16
426,355,55,17,16
427,357,59,17,16
428,358,56,17,16
429,225,75,17,16
430,221,72,17,16
431,214,261,17,16
432,322,9,17,16
433,324,6,17,16
434,223,42,17,16
435,279,54,17,16
436,276,82,17,16
437,306,88,17,16
438,312,91,17,16
439,317,89,17,16
440,335,90,17,16
441,5,216,17,16
442,431,156,17,16
443,414,146,17,16
444,394,149,17,16
445,391,143,17,16
446,390,139,17,16
447,390,134,17,16
448,368,128,17,16
449,369,124,17,16
450,371,128,17,16
451,45,264,17,16
452,45,268,17,16
453,66,261,17,16
454,55,263,17,16
455,124,280,17,16
456,131,277,17,16
457,450,285,17,16
458,193,177,17,16
459,390,18,17,16
460,428,65,17,16
461,406,94,17,16
462,407,105,17,16
463,409,106,17,16
464,389,131,17,16
465,352,121,17,16
466,302,121,17,16
467,287,193,17,16
468,277,192,17,16
469,274,192,17,16
470,371,68,17,16
471,161,145,17,16
472,36,200,17,16
473,37,199,17,16
474,37,194,17,16
475,41,182,17,16
476,40,187,17,16
477,61,190,17,16
478,59,195,17,16
479,88,195,17,16
480,428,274,17,16
481,428,52,17,16
482,426,73,17,16
483,430,90,17,16
484,432,92,17,16
485,430,98,17,16
486,431,99,17,16
487,431,91,17,16
488,431,103,17,16
489,400,29,17,16
490,152,245,17,16
491,252,249,17,16
492,331,202,17,16
493,330,201,17,16
494,329,204,17,16
495,451,6,17,16
496,452,4,17,16
497,190,148,17,16
498,186,144,17,16
499,57,250,17,16
500,57,249,17,16
501,57,247,17,16
502,58,249,17,16
503,233,215,17,16
504,231,219,17,16
505,232,219,17,16
506,231,210,17,16
507,232,211,17,16
508,180,98,17,16
509,178,94,17,16
510,172,104,17,16
511,156,97,17,16
512,154,91,17,16
513,154,97,17,16
514,158,115,17,16
515,161,111,17,16
516,312,243,17,16
517,310,244,17,16
518,308,243,17,16
519,308,243,17,16
520,308,240,17,16
521,86,10,17,16
522,84,8,17,16
523,409,60,17,16
524,413,68,17,16
525,417,81,17,16
526,421,89,17,16
527,410,86,17,16
528,409,78,17,16
529,412,81,17,16
530,419,82,17,16
531,417,87,17,16
532,416,88,17,16
533,406,96,17,16
534,404,110,17,16
535,405,98,17,16
536,306,61,17,16
537,309,66,17,16
538,319,65,17,16
539,326,60,17,16
540,332,58,17,16
541,131,188,17,16
542,163,164,17,16
543,410,13,17,16
544,381,12,17,16
545,382,12,17,16
546,373,26,17,16
547,341,34,17,16
548,248,41,17,16
549,374,3,17,16
550,375,3,17,16
551,374,5,17,16
552,412,97,17,16
553,384,107,17,16
554,381,117,17,16
555,443,30,17,16
556,282,151,17,16
557,279,158,17,16
558,3,36,17,16
559,3,37,17,16
560,285,13,17,16
561,286,19,17,16
562,402,222,17,16
563,388,59,17,16
564,390,60,17,16
565,393,20,17,16
566,386,18,17,16
567,386,23,17,16
568,390,26,17,16
569,388,25,17,16
570,69,72,17,16
571,76,72,17,16
572,80,85,17,16
573,78,90,17,16
574,120,85,17,16
575,39,221,17,16
576,42,227,17,16
577,375,80,17,16
578,348,88,17,16
579,185,149,17,16
580,183,148,17,16
581,172,143,17,16
582,160,138,17,16
583,210,148,17,16
584,214,137,17,16
585,233,137,17,16
586,234,137,17,16
587,235,147,17,16
588,236,135,17,16
589,233,130,17,16
590,227,125,17,16
591,226,127,17,16
592,397,84,17,16
593,387,109,17,16
594,360,113,17,16
595,355,131,17,16
596,355,132,17,16
597,353,134,17,16
598,354,122,17,16
599,346,142,17,16
600,347,142,17,16
601,347,142,17,16
602,351,145,17,16
603,353,154,17,16
604,351,143,17,16
605,349,134,17,16
606,348,135,17,16
607,344,156,17,16
608,333,140,17,16
609,338,141,17,16
610,333,139,17,16
611,318,140,17,16
612,322,138,17,16
613,322,153,17,16
614,318,171,17,16
615,443,219,17,16
616,400,219,17,16
617,402,204,17,16
618,405,203,17,16
619,408,195,17,16
620,410,194,17,16
621,193,10,17,16
622,195,29,17,16
623,201,43,17,16
624,199,40,17,16
625,193,38,17,16
626,185,38,17,16
627,201,39,17,16
628,201,37,17,16
629,102,25,17,16
630,205,226,17,16
631,211,227,17,16
632,216,101,17,16
633,266,74,17,16
634,258,73,17,16
635,254,76,17,16
636,253,74,17,16
637,253,68,17,16
638,252,67,17,16
639,254,74,17,16
640,253,98,17,16
641,245,82,17,16
642,240,88,17,16
643,237,99,17,16
644,237,123,17,16
645,238,124,17,16
646,249,171,17,16
647,254,165,17,16
648,256,160,17,16
649,257,160,17,16
650,258,158,17,16
651,246,149,17,16
652,248,147,17,16
653,251,138,17,16
654,257,136,17,16
655,261,136,17,16
656,261,137,17,16
657,262,138,17,16
658,266,129,17,16
659,266,130,17,16
660,262,137,17,16
661,263,125,17,16
662,264,139,17,16
663,251,136,17,16
664,247,132,17,16
665,245,133,17,16
666,243,134,17,16
667,239,131,17,16
668,227,125,17,16
669,227,136,17,16
670,227,123,17,16
671,221,126,17,16
672,220,121,17,16
673,215,127,17,16
674,212,131,17,16
675,206,130,17,16
676,203,135,17,16
677,262,187,17,16
678,265,191,17,16
679,366,61,17,16
680,354,66,17,16
681,359,67,17,16
682,312,67,17,16
683,305,76,17,16
684,284,89,17,16
685,282,108,17,16
686,278,102,17,16
687,274,97,17,16
688,269,103,17,16
689,266,106,17,16
690,261,101,17,16
691,58,139,17,16
692,77,127,17,16
693,89,129,17,16
694,88,127,17,16
695,48,171,17,16
696,83,166,17,16
697,83,168,17,16
698,105,189,17,16
699,98,189,17,16
700,90,187,17,16
701,102,163,17,16
702,101,160,17,16
703,75,58,17,16
704,10,30,17,16
705,30,28,17,16
706,299,29,17,16
707,293,26,17,16
708,291,34,17,16
709,350,48,17,16
710,352,73,17,16
711,365,78,17,16
712,365,71,17,16
713,365,68,17,16
714,348,80,17,16
715,349,78,17,16
716,333,83,17,16
717,326,77,17,16
718,329,76,17,16
719,386,9,17,16
720,107,11,17,16
721,108,11,17,16
722,109,11,17,16
723,109,12,17,16
724,109,12,17,16
725,107,12,17,16
726,108,12,17,16
727,108,12,17,16
728,108,13,17,16
729,108,13,17,16
730,109,13,17,16
731,105,12,17,16
732,106,12,17,16
733,220,162,17,16
734,217,162,17,16
735,30,119,17,16
736,31,118,17,16
737,29,124,17,16
738,25,120,17,16
739,24,121,17,16
740,224,260,17,16
741,225,260,17,16
742,221,262,17,16
743,228,240,17,16
744,228,235,17,16
745,233,230,17,16
746,233,238,17,16
747,225,243,17,16
748,213,244,17,16
749,214,237,17,16
750,322,156,17,16
751,313,157,17,16
752,317,162,17,16
753,318,162,17,16
754,339,156,17,16
755,23,126,17,16
756,409,286,17,16
757,59,277,17,16
758,58,276,17,16
759,135,50,17,16
760,129,50,17,16
761,130,51,17,16
762,121,50,17,16
763,123,56,17,16
764,127,69,17,16
765,127,86,17,16
766,126,93,17,16
767,120,97,17,16
768,321,1,17,16
769,130,266,17,16
770,123,257,17,16
771,389,29,17,16
772,391,63,17,16
773,392,27,17,16
774,406,31,17,16
775,405,29,17,16
776,372,53,17,16
777,376,53,17,16
778,361,73,17,16
779,375,117,17,16
780,285,166,17,16
781,259,161,17,16
782,261,166,17,16
783,262,166,17,16
784,73,86,17,16
785,103,85,17,16
786,289,106,17,16
787,297,103,17,16
788,283,96,17,16
789,21,168,17,16
790,255,85,17,16
791,255,85,17,16
792,40,53,17,16
793,34,53,17,16
794,46,56,17,16
795,46,76,17,16
796,53,74,17,16
797,351,156,17,16
798,153,212,17,16
799,149,213,17,16
800,148,205,17,16
801,149,206,17,16
802,344,236,17,16
803,409,99,17,16
804,410,99,17,16
805,409,93,17,16
806,416,95,17,16
807,418,97,17,16
808,416,87,17,16
809,417,86,17,16
810,418,102,17,16
811,411,103,17,16
812,221,211,17,16
813,202,212,17,16
814,207,219,17,16
815,215,198,17,16
816,214,200,17,16
817,214,200,17,16
818,215,199,17,16
819,225,33,17,16
820,237,31,17,16
821,309,187,17,16
822,310,186,17,16
823,309,185,17,16
824,306,184,17,16
825,308,180,17,16
826,305,177,17,16
827,309,180,17,16
828,303,171,17,16
829,154,101,17,16
830,155,106,17,16
831,8,137,17,16
832,8,128,17,16
833,8,128,17,16
834,9,127,17,16
835,10,125,17,16
836,12,121,17,16
837,13,129,17,16
838,9,130,17,16
839,19,126,17,16
840,24,130,17,16
841,22,123,17,16
842,38,115,17,16
843,42,115,17,16
844,39,113,17,16
845,35,109,17,16
846,55,115,17,16
847,52,109,17,16
848,57,115,17,16
849,56,129,17,16
850,55,133,17,16
851,47,148,17,16
852,47,165,17,16
853,46,169,17,16
854,49,168,17,16
855,117,80,17,16
856,118,81,17,16
857,127,80,17,16
858,130,67,17,16
859,137,66,17,16
860,154,66,17,16
861,152,56,17,16
862,168,56,17,16
863,378,27,17,16
864,376,28,17,16
865,383,25,17,16
866,385,22,17,16
867,387,27,17,16
868,392,24,17,16
869,391,23,17,16
870,394,21,17,16
871,393,22,17,16
872,366,34,17,16
873,371,34,17,16
874,378,31,17,16
875,372,37,17,16
876,380,290,17,16
877,186,49,17,16
878,177,40,17,16
879,175,35,17,16
880,197,37,17,16
881,222,45,17,16
882,219,46,17,16
883,222,41,17,16
884,250,48,17,16
885,274,46,17,16
886,273,50,17,16
887,263,257,17,16
888,245,256,17,16
889,235,256,17,16
890,226,243,17,16
891,438,230,17,16
892,231,247,17,16
893,408,13,17,16
894,407,34,17,16
895,392,34,17,16
896,371,36,17,16
897,357,44,17,16
898,366,44,17,16
899,366,54,17,16
900,361,50,17,16
901,369,43,17,16
902,174,53,17,16
903,176,54,17,16
904,178,55,17,16
905,152,8,17,16
906,153,5,17,16
907,147,7,17,16
908,145,8,17,16
909,155,43,17,16
910,173,44,17,16
911,303,245,17,16
912,114,170,17,16
913,114,172,17,16
914,112,176,17,16
915,349,110,17,16
916,351,265,17,16
917,339,70,17,16
918,339,71,17,16
919,335,74,17,16
920,343,87,17,16
921,337,88,17,16
922,346,91,17,16
923,348,92,17,16
924,343,90,17,16
925,345,95,17,16
926,403,55,17,16
927,385,49,17,16
928,353,47,17,16
929,356,53,17,16
930,357,55,17,16
931,352,55,17,16
932,187,10,17,16
933,214,19,17,16
934,209,23,17,16
935,218,25,17,16
936,218,36,17,16
937,217,48,17,16
938,202,60,17,16
939,208,56,17,16
940,210,55,17,16
941,210,55,17,16
942,192,51,17,16
943,319,167,17,16
944,125,2,17,16
945,122,13,17,16
946,123,14,17,16
947,123,14,17,16
