01-Light 4
1,546,130,76,92
2,549,130,76,92
3,552,127,76,92
4,555,121,76,92
5,558,114,76,92
6,561,106,76,92
7,565,97,76,92
8,570,88,76,92
9,575,79,76,92
10,581,70,76,92
11,588,63,76,92
12,595,59,76,92
13,601,56,76,92
14,607,54,76,92
15,613,53,76,92
16,618,53,76,92
17,622,53,76,92
18,625,52,76,92
19,627,51,76,92
20,629,49,76,92
21,630,47,76,92
22,631,45,76,92
23,631,43,76,92
24,631,42,76,92
25,631,42,76,92
26,631,45,76,92
27,631,50,76,92
28,631,54,76,92
29,630,59,76,92
30,629,64,76,92
31,628,69,76,92
32,627,73,76,92
33,625,77,76,92
34,622,80,76,92
35,620,84,76,92
36,619,87,76,92
37,617,90,76,92
38,615,93,76,92
39,614,96,76,92
40,612,100,76,92
41,610,105,76,92
42,608,109,76,92
43,606,113,76,92
44,605,116,76,92
45,603,119,76,92
46,602,122,76,92
47,600,125,76,92
48,598,127,76,92
49,596,128,76,92
50,595,128,76,92
51,594,128,76,92
52,594,129,76,92
53,593,129,76,92
54,593,129,76,92
55,593,131,76,92
56,593,132,76,92
57,593,132,76,92
58,593,132,76,92
59,593,132,76,92
60,593,132,76,92
61,594,131,76,92
62,595,130,76,92
63,596,127,76,92
64,597,123,76,92
65,599,118,76,92
66,601,115,76,92
67,603,112,76,92
68,606,110,76,92
69,609,108,76,92
70,612,106,76,92
71,614,103,76,92
72,617,101,76,92
73,621,98,76,92
74,625,96,76,92
75,630,94,76,92
76,636,91,76,92
77,642,90,76,92
78,647,87,76,92
79,653,85,76,92
80,659,86,76,92
81,665,91,76,92
82,671,98,76,92
83,678,106,76,92
84,683,116,76,92
85,688,124,76,92
86,697,121,76,92
87,706,119,76,92
88,714,117,76,92
89,723,114,76,92
90,732,111,76,92
91,740,108,76,92
92,747,105,76,92
93,754,102,76,92
94,760,100,76,92
95,766,98,76,92
96,772,96,76,92
97,778,94,76,92
98,783,92,76,92
99,788,90,76,92
100,793,89,76,92
101,797,87,76,92
102,801,87,76,92
103,805,87,76,92
104,809,86,76,92
105,813,86,76,92
106,817,86,76,92
107,821,86,76,92
108,825,85,76,92
109,828,85,76,92
110,830,86,76,92
111,832,88,76,92
112,833,89,76,92
113,834,90,76,92
114,835,91,76,92
115,835,94,76,92
116,834,97,76,92
117,833,100,76,92
118,832,102,76,92
119,831,105,76,92
120,829,108,76,92
