01-Light 12
1,531,72,62,40
2,527,74,62,40
3,523,76,62,40
4,519,78,62,40
5,515,80,62,40
6,510,82,62,40
7,506,84,62,40
8,502,86,62,40
9,497,88,62,40
10,493,89,62,40
11,489,90,62,40
12,485,92,62,40
13,481,94,62,40
14,477,95,62,40
15,473,97,62,40
16,469,98,62,40
17,465,100,62,40
18,461,102,62,40
19,457,104,62,40
20,454,106,62,40
21,451,109,62,40
22,447,112,62,40
23,443,115,62,40
24,440,118,62,40
25,438,121,62,40
26,436,124,62,40
27,434,127,62,40
28,432,130,62,40
29,431,133,62,40
30,431,136,62,40
31,431,139,62,40
32,431,142,62,40
33,431,145,62,40
34,431,148,62,40
35,431,151,62,40
36,432,154,62,40
37,432,157,62,40
38,433,161,62,40
39,434,165,62,40
40,435,169,62,40
41,435,173,62,40
42,437,177,62,40
43,437,181,62,40
44,437,185,62,40
45,438,190,62,40
46,439,194,62,40
47,439,198,62,40
48,439,202,62,40
49,438,206,62,40
50,437,210,62,40
51,435,214,62,40
52,433,218,62,40
53,430,222,62,40
54,427,226,62,40
55,425,230,62,40
56,422,234,62,40
57,418,238,62,40
58,414,242,62,40
59,411,246,62,40
60,408,250,62,40
61,405,254,62,40
62,402,257,62,40
63,398,261,62,40
64,395,264,62,40
65,391,267,62,40
66,387,270,62,40
67,384,273,62,40
68,381,275,62,40
69,378,277,62,40
70,374,278,62,40
71,370,279,62,40
72,366,279,62,40
73,362,279,62,40
74,358,279,62,40
75,354,279,62,40
76,349,279,62,40
77,343,278,62,40
78,337,277,62,40
79,332,276,62,40
80,328,275,62,40
81,323,274,62,40
82,318,273,62,40
83,313,272,62,40
84,308,270,62,40
85,303,268,62,40
86,298,266,62,40
87,293,265,62,40
88,288,264,62,40
89,284,262,62,40
90,280,260,62,40
91,276,259,62,40
92,272,257,62,40
93,269,255,62,40
94,266,253,62,40
95,263,251,62,40
96,261,249,62,40
97,259,247,62,40
98,257,244,62,40
99,256,241,62,40
100,255,239,62,40
101,255,237,62,40
102,256,235,62,40
103,257,233,62,40
104,258,231,62,40
105,259,228,62,40
106,261,225,62,40
107,263,223,62,40
108,265,221,62,40
109,268,219,62,40
110,271,217,62,40
111,274,215,62,40
112,277,213,62,40
113,280,211,62,40
114,283,209,62,40
115,286,207,62,40
116,289,205,62,40
117,291,203,62,40
118,293,201,62,40
119,296,200,62,40
120,299,199,62,40
121,302,198,62,40
122,305,197,62,40
123,308,196,62,40
124,311,195,62,40
125,314,193,62,40
126,317,191,62,40
127,320,190,62,40
128,322,189,62,40
129,324,188,62,40
130,326,187,62,40
131,328,186,62,40
132,330,185,62,40
133,332,184,62,40
134,334,183,62,40
135,336,182,62,40
136,338,181,62,40
137,340,180,62,40
138,342,180,62,40
139,344,180,62,40
140,346,180,62,40
141,348,180,62,40
142,350,180,62,40
143,351,180,62,40
144,352,180,62,40
145,354,180,62,40
146,355,180,62,40
147,355,179,62,40
148,355,178,62,40
149,355,177,62,40
150,356,176,62,40
151,356,175,62,40
152,356,174,62,40
153,355,173,62,40
154,354,171,62,40
155,353,169,62,40
156,351,167,62,40
