01-Light 29
4,303,217,27,57
5,303,217,27,57
6,303,217,27,57
7,302,217,27,57
8,300,218,27,57
9,297,219,27,57
10,295,222,27,57
11,294,223,27,57
12,293,224,27,57
13,293,224,27,57
14,294,222,27,57
15,296,220,27,57
16,297,220,27,57
17,297,220,27,57
18,297,220,27,57
19,297,220,27,57
20,297,220,27,57
21,298,220,27,57
22,298,220,27,57
23,298,220,27,57
24,298,220,27,57
25,299,220,27,57
26,300,220,27,57
27,301,220,27,57
28,301,220,27,57
29,301,220,27,57
30,301,220,27,57
31,301,220,27,57
32,301,220,27,57
33,301,220,27,57
34,301,220,27,57
35,301,220,27,57
36,301,220,27,57
37,301,220,27,57
38,301,220,27,57
39,301,220,27,57
40,301,220,27,57
41,301,219,27,57
42,301,218,27,57
43,301,218,27,57
44,301,218,27,57
45,300,217,27,57
46,300,216,27,57
47,300,216,27,57
48,300,216,27,57
49,300,216,27,57
50,300,216,27,57
51,302,216,27,57
52,303,216,27,57
53,304,216,27,57
54,305,215,27,57
55,306,214,27,57
56,306,213,27,57
57,306,212,27,57
58,306,211,27,57
59,306,210,27,57
60,305,209,27,57
61,304,208,27,57
62,304,207,27,57
63,304,205,27,57
64,304,202,27,57
65,305,201,27,57
66,305,200,27,57
67,305,199,27,57
68,305,199,27,57
69,305,199,27,57
70,305,199,27,57
71,305,199,27,57
72,305,199,27,57
73,305,199,27,57
74,305,199,27,57
75,305,199,27,57
76,305,199,27,57
77,304,199,27,57
78,303,200,27,57
79,303,200,27,57
80,303,200,27,57
81,303,200,27,57
82,303,200,27,57
83,303,201,27,57
84,303,202,27,57
85,303,203,27,57
86,303,204,27,57
87,303,205,27,57
88,303,205,27,57
89,303,205,27,57
90,303,205,27,57
91,303,205,27,57
92,303,205,27,57
93,303,205,27,57
94,303,205,27,57
95,303,205,27,57
96,303,205,27,57
97,303,205,27,57
98,303,205,27,57
99,303,205,27,57
100,303,205,27,57
101,303,205,27,57
102,303,205,27,57
103,303,206,27,57
104,301,206,27,57
105,300,206,27,57
106,300,206,27,57
107,300,206,27,57
108,300,204,27,57
109,300,202,27,57
110,300,200,27,57
111,301,198,27,57
112,303,195,27,57
113,306,193,27,57
114,307,191,27,57
115,307,190,27,57
116,307,189,27,57
117,307,188,27,57
118,310,187,27,57
119,314,186,27,57
120,316,185,27,57
121,317,185,27,57
122,318,185,27,57
123,319,185,27,57
124,320,185,27,57
125,321,186,27,57
126,322,187,27,57
127,323,188,27,57
128,324,189,27,57
129,323,190,27,57
130,320,191,27,57
131,318,192,27,57
132,316,193,27,57
133,314,194,27,57
134,314,195,27,57
135,314,196,27,57
136,314,197,27,57
137,314,197,27,57
138,315,197,27,57
139,316,197,27,57
140,317,197,27,57
141,318,196,27,57
142,319,195,27,57
143,320,193,27,57
144,321,191,27,57
145,324,189,27,57
146,326,187,27,57
147,327,185,27,57
148,325,183,27,57
149,322,182,27,57
150,320,181,27,57
151,318,180,27,57
152,316,180,27,57
153,313,180,27,57
154,311,180,27,57
155,310,180,27,57
156,309,181,27,57
157,307,184,27,57
158,305,186,27,57
159,303,187,27,57
160,301,189,27,57
161,300,191,27,57
162,300,191,27,57
163,300,192,27,57
164,300,193,27,57
165,300,194,27,57
166,300,194,27,57
167,300,194,27,57
168,301,194,27,57
169,302,194,27,57
170,303,194,27,57
171,303,194,27,57
172,303,194,27,57
173,302,194,27,57
174,301,193,27,57
175,300,192,27,57
176,299,190,27,57
177,298,188,27,57
178,298,186,27,57
179,298,185,27,57
180,298,183,27,57
181,300,181,27,57
182,300,179,27,57
183,296,177,27,57
184,286,175,27,57
185,277,173,27,57
186,271,171,27,57
187,266,170,27,57
188,264,169,27,57
189,262,168,27,57
190,261,167,27,57
191,260,166,27,57
192,257,165,27,57
193,253,164,27,57
194,250,164,27,57
195,248,163,27,57
196,247,162,27,57
197,246,161,27,57
198,247,160,27,57
199,247,160,27,57
