01-Light 19
15,202,77,67,89
16,205,78,67,89
17,207,79,67,89
18,208,81,67,89
19,211,82,67,89
20,214,83,67,89
21,217,84,67,89
22,220,86,67,89
23,225,89,67,89
24,231,90,67,89
25,570,365,67,89
26,569,366,67,89
27,569,366,67,89
28,568,367,67,89
29,567,369,67,89
30,570,371,67,89
31,571,375,67,89
32,570,376,67,89
33,569,376,67,89
34,568,377,67,89
35,0,378,67,89
36,1,378,67,89
37,3,384,67,89
38,5,387,67,89
39,7,389,67,89
40,14,390,67,89
41,96,389,67,89
42,99,389,67,89
43,502,266,67,89
44,510,264,67,89
45,510,260,67,89
46,494,251,67,89
47,479,228,67,89
48,472,210,67,89
49,280,367,67,89
50,291,368,67,89
51,296,368,67,89
52,307,343,67,89
53,312,325,67,89
54,312,320,67,89
55,309,318,67,89
56,303,317,67,89
57,292,317,67,89
58,281,316,67,89
59,273,312,67,89
60,264,310,67,89
61,251,310,67,89
62,237,314,67,89
63,227,322,67,89
64,220,330,67,89
65,214,333,67,89
66,210,330,67,89
67,210,328,67,89
68,213,326,67,89
69,62,242,67,89
70,59,183,67,89
71,59,130,67,89
72,17,116,67,89
73,22,80,67,89
74,2,55,67,89
75,498,274,67,89
76,496,267,67,89
77,494,269,67,89
78,490,284,67,89
79,494,312,67,89
80,503,350,67,89
81,52,276,67,89
82,60,283,67,89
83,57,298,67,89
84,79,287,67,89
85,70,297,67,89
86,77,295,67,89
87,81,295,67,89
88,85,293,67,89
89,93,289,67,89
90,95,291,67,89
91,96,290,67,89
92,97,291,67,89
93,94,298,67,89
94,93,298,67,89
95,94,291,67,89
96,96,287,67,89
97,99,273,67,89
98,104,261,67,89
99,110,254,67,89
100,114,249,67,89
101,116,243,67,89
102,120,240,67,89
103,128,240,67,89
104,133,244,67,89
105,137,248,67,89
106,140,252,67,89
107,140,260,67,89
108,140,269,67,89
109,143,275,67,89
110,143,278,67,89
111,145,281,67,89
112,147,284,67,89
113,150,287,67,89
114,152,291,67,89
115,154,293,67,89
116,158,293,67,89
117,165,298,67,89
118,169,311,67,89
119,172,330,67,89
120,173,335,67,89
