01-Light 2
1,690,80,198,247
2,683,78,198,247
3,674,75,198,247
4,666,72,198,247
5,657,69,198,247
6,649,67,198,247
7,641,66,198,247
8,632,67,198,247
9,622,73,198,247
10,611,84,198,247
11,598,92,198,247
12,586,97,198,247
13,577,102,198,247
14,569,104,198,247
15,562,105,198,247
16,555,106,198,247
17,547,107,198,247
18,537,107,198,247
19,526,106,198,247
20,514,103,198,247
21,503,97,198,247
22,494,90,198,247
23,486,85,198,247
24,481,83,198,247
25,476,86,198,247
26,473,92,198,247
27,471,96,198,247
28,470,99,198,247
29,472,101,198,247
30,476,102,198,247
31,481,102,198,247
32,487,102,198,247
33,493,101,198,247
34,499,100,198,247
35,505,99,198,247
36,510,99,198,247
37,515,100,198,247
38,519,102,198,247
39,524,106,198,247
40,528,107,198,247
41,531,108,198,247
42,533,112,198,247
43,534,114,198,247
44,534,117,198,247
45,534,121,198,247
46,532,122,198,247
47,529,122,198,247
48,527,124,198,247
49,528,130,198,247
50,531,141,198,247
51,534,155,198,247
52,537,172,198,247
53,540,191,198,247
54,543,209,198,247
55,545,227,198,247
56,546,244,198,247
57,549,258,198,247
58,551,267,198,247
59,553,271,198,247
60,556,269,198,247
61,559,264,198,247
62,561,256,198,247
63,561,247,198,247
64,559,239,198,247
65,558,234,198,247
66,557,230,198,247
67,554,226,198,247
68,548,220,198,247
69,539,212,198,247
70,532,202,198,247
71,529,190,198,247
72,528,177,198,247
73,530,161,198,247
74,537,141,198,247
75,548,120,198,247
76,563,102,198,247
77,581,88,198,247
78,601,78,198,247
79,623,72,198,247
80,646,70,198,247
81,669,74,198,247
82,689,82,198,247
83,705,94,198,247
84,715,109,198,247
85,724,126,198,247
86,732,140,198,247
87,738,151,198,247
88,741,156,198,247
89,746,157,198,247
90,751,153,198,247
91,756,145,198,247
92,760,136,198,247
93,761,129,198,247
94,760,126,198,247
95,758,128,198,247
96,756,136,198,247
97,752,150,198,247
98,747,169,198,247
99,740,190,198,247
100,732,210,198,247
101,724,225,198,247
102,715,231,198,247
103,703,225,198,247
104,688,211,198,247
105,670,198,198,247
106,651,186,198,247
107,632,175,198,247
108,615,164,198,247
109,598,152,198,247
110,582,141,198,247
111,566,130,198,247
