01-Light 26
1,325,302,28,38
2,325,302,28,38
3,325,299,28,38
4,325,300,28,38
5,323,304,28,38
6,321,305,28,38
7,321,301,28,38
8,321,299,28,38
9,321,299,28,38
10,318,300,28,38
11,316,301,28,38
12,318,298,28,38
13,320,295,28,38
14,322,299,28,38
15,324,305,28,38
16,323,303,28,38
17,323,304,28,38
18,326,302,28,38
19,328,301,28,38
20,329,304,28,38
21,330,309,28,38
22,330,310,28,38
23,333,309,28,38
24,332,309,28,38
25,330,306,28,38
26,328,307,28,38
27,326,306,28,38
28,325,305,28,38
29,325,307,28,38
30,324,305,28,38
31,322,307,28,38
32,323,305,28,38
33,322,304,28,38
34,323,306,28,38
35,325,305,28,38
36,327,306,28,38
37,328,309,28,38
38,328,313,28,38
39,330,308,28,38
40,330,307,28,38
41,331,307,28,38
42,332,306,28,38
43,330,306,28,38
44,325,307,28,38
45,324,312,28,38
46,324,312,28,38
47,324,312,28,38
48,323,310,28,38
49,322,311,28,38
50,322,309,28,38
51,324,305,28,38
52,326,301,28,38
53,326,301,28,38
54,326,301,28,38
55,329,304,28,38
56,331,302,28,38
57,333,303,28,38
58,335,305,28,38
59,337,307,28,38
60,339,305,28,38
61,341,300,28,38
62,341,297,28,38
63,342,300,28,38
64,341,292,28,38
65,339,289,28,38
66,339,288,28,38
67,341,284,28,38
68,342,286,28,38
69,215,204,28,38
70,206,193,28,38
71,187,173,28,38
72,167,156,28,38
73,143,140,28,38
74,197,203,28,38
75,88,118,28,38
76,78,107,28,38
77,123,125,28,38
78,81,110,28,38
79,21,56,28,38
80,31,111,28,38
81,11,44,28,38
82,92,128,28,38
83,30,116,28,38
84,86,109,28,38
85,123,134,28,38
86,34,114,28,38
87,31,115,28,38
88,36,115,28,38
89,26,111,28,38
90,26,113,28,38
91,20,113,28,38
92,84,133,28,38
93,117,137,28,38
94,83,128,28,38
95,112,136,28,38
96,77,122,28,38
97,122,146,28,38
98,87,126,28,38
99,177,204,28,38
100,183,204,28,38
101,167,193,28,38
102,6,57,28,38
103,72,109,28,38
104,100,122,28,38
105,313,111,28,38
106,16,55,28,38
107,81,128,28,38
108,25,62,28,38
109,52,84,28,38
110,141,290,28,38
111,136,293,28,38
112,102,294,28,38
113,100,294,28,38
114,62,286,28,38
115,33,288,28,38
116,81,294,28,38
117,86,291,28,38
118,38,302,28,38
119,22,304,28,38
120,22,57,28,38
121,71,99,28,38
122,22,61,28,38
123,65,83,28,38
124,34,86,28,38
125,67,78,28,38
126,22,55,28,38
127,91,122,28,38
128,36,66,28,38
129,76,96,28,38
130,111,123,28,38
131,87,105,28,38
132,109,125,28,38
133,85,103,28,38
134,38,65,28,38
135,84,98,28,38
136,38,105,28,38
137,46,104,28,38
138,48,103,28,38
139,55,100,28,38
140,50,103,28,38
141,46,105,28,38
142,112,121,28,38
143,76,119,28,38
144,8,51,28,38
145,324,109,28,38
146,100,128,28,38
147,78,102,28,38
148,103,107,28,38
149,60,78,28,38
150,105,122,28,38
151,83,100,28,38
152,19,46,28,38
153,72,69,28,38
154,20,33,28,38
155,72,81,28,38
156,104,136,28,38
157,61,66,28,38
158,109,124,28,38
159,35,113,28,38
160,34,110,28,38
161,321,85,28,38
162,85,113,28,38
163,43,110,28,38
164,93,109,28,38
165,131,154,28,38
166,83,130,28,38
167,41,112,28,38
168,83,106,28,38
169,120,158,28,38
170,60,134,28,38
171,66,138,28,38
172,67,140,28,38
173,120,149,28,38
174,84,136,28,38
175,44,114,28,38
176,54,116,28,38
177,31,102,28,38
178,98,129,28,38
179,44,110,28,38
180,52,114,28,38
181,12,75,28,38
182,86,130,28,38
183,45,110,28,38
184,93,121,28,38
185,133,159,28,38
186,92,135,28,38
187,61,136,28,38
188,45,115,28,38
189,45,81,28,38
190,109,133,28,38
191,62,119,28,38
192,48,117,28,38
193,54,115,28,38
194,13,65,28,38
195,93,132,28,38
196,80,137,28,38
197,97,132,28,38
198,56,124,28,38
199,98,127,28,38
200,61,132,28,38
201,63,132,28,38
202,65,132,28,38
203,108,146,28,38
204,66,121,28,38
205,48,120,28,38
206,64,120,28,38
207,32,92,28,38
208,84,133,28,38
209,47,124,28,38
210,82,140,28,38
211,65,145,28,38
212,92,143,28,38
213,48,127,28,38
214,98,127,28,38
215,135,175,28,38
216,99,153,28,38
217,52,143,28,38
218,104,144,28,38
219,42,129,28,38
220,109,154,28,38
221,83,132,28,38
222,38,129,28,38
223,86,125,28,38
224,34,88,28,38
225,95,149,28,38
226,88,150,28,38
227,95,140,28,38
228,87,126,28,38
229,109,140,28,38
230,87,122,28,38
231,10,66,28,38
232,88,117,28,38
233,118,146,28,38
234,90,130,28,38
235,68,154,28,38
236,88,144,28,38
237,128,177,28,38
238,127,180,28,38
239,133,178,28,38
240,30,91,28,38
241,80,108,28,38
242,14,60,28,38
243,88,124,28,38
244,26,127,28,38
245,36,130,28,38
246,29,132,28,38
247,32,130,28,38
248,42,129,28,38
249,44,127,28,38
250,43,126,28,38
251,18,67,28,38
252,68,125,28,38
253,80,125,28,38
254,31,319,28,38
255,133,158,28,38
256,107,143,28,38
257,55,121,28,38
258,30,124,28,38
259,44,125,28,38
260,43,125,28,38
261,94,131,28,38
262,57,101,28,38
263,9,65,28,38
264,75,103,28,38
265,114,144,28,38
266,86,126,28,38
267,42,90,28,38
268,23,68,28,38
269,51,120,28,38
270,52,121,28,38
271,84,120,28,38
272,75,139,28,38
273,25,76,28,38
274,64,89,28,38
275,114,147,28,38
276,73,152,28,38
277,73,150,28,38
278,37,128,28,38
279,7,93,28,38
280,5,90,28,38
281,67,124,28,38
282,29,93,28,38
283,8,92,28,38
284,57,91,28,38
285,22,75,28,38
286,72,123,28,38
287,60,144,28,38
288,94,147,28,38
289,74,127,28,38
290,115,157,28,38
291,92,136,28,38
292,73,124,28,38
293,25,62,28,38
294,76,90,28,38
295,336,62,28,38
296,335,48,28,38
297,69,93,28,38
298,37,83,28,38
299,87,107,28,38
300,133,166,28,38
301,123,169,28,38
302,76,102,28,38
303,23,61,28,38
304,28,120,28,38
305,25,127,28,38
306,96,120,28,38
307,86,118,28,38
308,40,70,28,38
309,29,123,28,38
310,131,174,28,38
311,97,135,28,38
312,78,121,28,38
