01-Light 30
1,570,539,71,69
2,570,539,71,69
3,570,540,71,69
4,570,540,71,69
5,570,539,71,69
6,570,539,71,69
7,570,538,71,69
8,571,536,71,69
9,572,538,71,69
10,573,539,71,69
11,574,541,71,69
12,575,542,71,69
13,575,543,71,69
14,575,543,71,69
15,575,544,71,69
16,575,543,71,69
17,575,541,71,69
18,575,539,71,69
19,575,538,71,69
20,576,537,71,69
21,577,537,71,69
22,578,538,71,69
23,579,539,71,69
24,580,540,71,69
25,581,540,71,69
26,582,540,71,69
27,583,540,71,69
28,583,539,71,69
29,583,541,71,69
30,583,542,71,69
31,582,542,71,69
32,583,544,71,69
33,582,543,71,69
34,582,541,71,69
35,581,540,71,69
36,581,538,71,69
37,580,537,71,69
38,579,537,71,69
39,578,536,71,69
40,578,536,71,69
41,577,536,71,69
42,577,535,71,69
43,577,535,71,69
44,576,534,71,69
45,577,534,71,69
46,575,535,71,69
47,575,539,71,69
48,575,541,71,69
49,573,539,71,69
50,573,539,71,69
51,572,538,71,69
52,571,538,71,69
53,572,537,71,69
54,570,535,71,69
55,570,535,71,69
56,569,535,71,69
57,567,533,71,69
58,566,533,71,69
59,566,534,71,69
60,564,535,71,69
61,564,535,71,69
62,563,536,71,69
63,562,537,71,69
64,562,537,71,69
65,562,537,71,69
66,562,535,71,69
67,562,535,71,69
68,561,534,71,69
69,562,533,71,69
70,562,535,71,69
71,562,534,71,69
72,564,535,71,69
73,564,534,71,69
74,563,534,71,69
75,563,534,71,69
76,563,533,71,69
77,564,536,71,69
78,563,534,71,69
79,564,533,71,69
80,564,532,71,69
81,565,530,71,69
82,566,529,71,69
83,567,528,71,69
84,569,528,71,69
85,570,528,71,69
86,572,530,71,69
87,573,532,71,69
88,574,535,71,69
89,575,536,71,69
90,576,536,71,69
91,578,537,71,69
92,578,535,71,69
93,582,536,71,69
94,580,534,71,69
95,580,533,71,69
96,582,535,71,69
97,580,534,71,69
98,582,535,71,69
99,581,533,71,69
100,579,534,71,69
101,580,534,71,69
102,579,534,71,69
103,578,534,71,69
104,578,536,71,69
105,574,536,71,69
106,578,539,71,69
107,574,535,71,69
108,573,535,71,69
109,573,531,71,69
110,573,531,71,69
111,572,530,71,69
112,570,527,71,69
113,570,530,71,69
114,569,530,71,69
115,566,531,71,69
116,566,531,71,69
117,565,531,71,69
118,563,531,71,69
119,562,529,71,69
120,561,529,71,69
121,561,527,71,69
122,558,525,71,69
123,557,527,71,69
124,555,526,71,69
125,553,528,71,69
126,552,529,71,69
127,550,530,71,69
128,549,531,71,69
129,546,531,71,69
130,546,531,71,69
131,544,530,71,69
132,543,529,71,69
133,542,528,71,69
134,541,527,71,69
135,540,526,71,69
136,538,526,71,69
137,537,527,71,69
138,536,527,71,69
139,537,527,71,69
140,535,527,71,69
141,537,527,71,69
142,536,527,71,69
143,537,527,71,69
144,536,528,71,69
145,538,528,71,69
146,537,528,71,69
147,540,529,71,69
148,537,528,71,69
149,539,530,71,69
150,538,528,71,69
151,539,528,71,69
152,539,526,71,69
153,539,528,71,69
154,537,530,71,69
155,541,535,71,69
156,539,533,71,69
157,539,535,71,69
158,542,533,71,69
159,537,532,71,69
160,540,531,71,69
161,543,525,71,69
162,538,528,71,69
163,544,524,71,69
164,540,530,71,69
165,538,533,71,69
166,544,535,71,69
167,534,539,71,69
168,545,537,71,69
169,536,540,71,69
170,543,539,71,69
171,543,537,71,69
172,539,537,71,69
173,543,533,71,69
174,539,536,71,69
175,541,535,71,69
176,541,535,71,69
177,539,535,71,69
178,542,534,71,69
179,540,536,71,69
180,543,533,71,69
181,543,534,71,69
182,544,534,71,69
183,544,536,71,69
184,543,539,71,69
185,547,540,71,69
186,548,542,71,69
187,549,542,71,69
188,549,543,71,69
189,551,541,71,69
190,552,540,71,69
191,553,540,71,69
192,554,539,71,69
193,555,541,71,69
194,559,541,71,69
195,561,541,71,69
196,562,540,71,69
197,565,539,71,69
198,566,537,71,69
199,568,534,71,69
200,571,534,71,69
201,572,533,71,69
202,574,534,71,69
203,575,534,71,69
204,577,536,71,69
205,579,536,71,69
206,581,538,71,69
207,582,538,71,69
208,582,540,71,69
209,583,541,71,69
210,583,541,71,69
211,583,544,71,69
212,584,543,71,69
213,585,543,71,69
214,585,542,71,69
215,585,542,71,69
216,585,542,71,69
217,585,541,71,69
218,585,540,71,69
219,585,539,71,69
220,586,538,71,69
221,586,539,71,69
222,586,539,71,69
223,587,540,71,69
224,586,540,71,69
225,587,541,71,69
226,587,540,71,69
227,587,539,71,69
228,587,540,71,69
229,588,540,71,69
230,588,540,71,69
231,588,540,71,69
232,588,539,71,69
233,587,540,71,69
234,587,539,71,69
235,588,538,71,69
236,587,537,71,69
237,587,537,71,69
238,586,536,71,69
239,586,535,71,69
240,585,534,71,69
