01-Light 16
8,147,71,60,84
9,144,69,60,84
10,143,65,60,84
11,142,61,60,84
12,141,58,60,84
13,141,58,60,84
14,138,58,60,84
15,132,58,60,84
16,125,60,60,84
17,118,62,60,84
18,114,61,60,84
19,114,60,60,84
20,114,57,60,84
21,116,57,60,84
22,119,59,60,84
23,123,62,60,84
24,127,66,60,84
25,128,69,60,84
26,128,70,60,84
27,129,70,60,84
28,129,71,60,84
29,130,71,60,84
30,130,69,60,84
31,132,65,60,84
32,135,60,60,84
33,140,55,60,84
34,145,52,60,84
35,149,51,60,84
36,153,51,60,84
37,157,51,60,84
38,159,53,60,84
39,160,55,60,84
40,159,56,60,84
41,157,55,60,84
42,155,52,60,84
43,151,50,60,84
44,148,49,60,84
45,145,51,60,84
46,138,55,60,84
47,132,60,60,84
48,128,62,60,84
49,124,62,60,84
50,122,64,60,84
51,121,65,60,84
52,120,65,60,84
53,120,62,60,84
54,121,57,60,84
55,123,52,60,84
56,126,51,60,84
57,129,53,60,84
58,131,56,60,84
59,133,62,60,84
60,137,66,60,84
61,146,62,60,84
62,149,64,60,84
63,152,62,60,84
64,157,57,60,84
65,165,45,60,84
66,169,41,60,84
67,169,39,60,84
68,171,39,60,84
69,171,44,60,84
70,167,49,60,84
71,165,49,60,84
72,163,51,60,84
73,163,51,60,84
74,161,49,60,84
75,161,45,60,84
76,161,42,60,84
77,161,42,60,84
78,161,45,60,84
79,159,49,60,84
80,158,49,60,84
81,158,49,60,84
82,158,50,60,84
83,158,51,60,84
84,156,51,60,84
85,152,48,60,84
86,148,45,60,84
87,147,42,60,84
88,148,41,60,84
89,146,45,60,84
90,145,50,60,84
91,147,53,60,84
92,148,57,60,84
93,150,61,60,84
94,153,61,60,84
95,155,55,60,84
96,159,46,60,84
97,163,40,60,84
98,168,37,60,84
99,171,35,60,84
100,171,38,60,84
101,172,41,60,84
102,174,43,60,84
103,176,43,60,84
104,177,43,60,84
105,177,42,60,84
106,176,41,60,84
107,176,40,60,84
108,174,39,60,84
109,172,37,60,84
110,171,38,60,84
111,167,43,60,84
112,163,46,60,84
113,160,46,60,84
114,157,49,60,84
115,152,52,60,84
116,148,50,60,84
117,148,46,60,84
118,149,43,60,84
119,150,43,60,84
120,150,43,60,84
121,150,43,60,84
122,150,43,60,84
123,151,45,60,84
124,153,48,60,84
125,155,49,60,84
126,157,48,60,84
127,160,45,60,84
128,162,42,60,84
129,164,40,60,84
130,168,38,60,84
131,173,36,60,84
132,177,36,60,84
133,179,36,60,84
134,180,38,60,84
135,181,39,60,84
136,181,39,60,84
137,181,38,60,84
138,179,37,60,84
139,177,35,60,84
140,176,33,60,84
141,177,29,60,84
142,179,27,60,84
143,178,26,60,84
144,176,26,60,84
145,172,26,60,84
146,170,28,60,84
147,166,30,60,84
148,162,32,60,84
149,158,32,60,84
150,155,30,60,84
151,153,26,60,84
152,151,21,60,84
153,149,18,60,84
154,149,15,60,84
155,146,15,60,84
156,146,16,60,84
157,145,18,60,84
158,145,23,60,84
159,145,28,60,84
160,146,30,60,84
161,147,29,60,84
162,149,27,60,84
163,149,23,60,84
164,149,19,60,84
165,151,15,60,84
166,151,12,60,84
167,151,11,60,84
168,149,12,60,84
169,147,14,60,84
170,145,17,60,84
171,144,21,60,84
172,143,25,60,84
173,143,28,60,84
174,144,29,60,84
175,143,27,60,84
176,144,23,60,84
177,144,19,60,84
178,143,15,60,84
179,142,13,60,84
180,142,11,60,84
181,141,11,60,84
182,142,14,60,84
183,144,17,60,84
184,146,19,60,84
185,146,21,60,84
186,145,24,60,84
187,142,26,60,84
188,139,28,60,84
189,135,28,60,84
190,131,26,60,84
191,130,24,60,84
192,127,22,60,84
193,124,21,60,84
194,121,21,60,84
195,121,21,60,84
196,122,22,60,84
197,124,22,60,84
198,128,21,60,84
199,132,17,60,84
200,136,13,60,84
201,137,10,60,84
202,138,5,60,84
203,144,7,60,84
204,150,11,60,84
205,152,15,60,84
206,157,17,60,84
207,161,19,60,84
208,163,19,60,84
209,166,19,60,84
210,167,20,60,84
211,169,23,60,84
212,171,26,60,84
213,172,28,60,84
214,173,29,60,84
215,174,30,60,84
216,174,31,60,84
217,172,30,60,84
218,167,28,60,84
219,164,30,60,84
220,160,30,60,84
221,156,30,60,84
222,151,30,60,84
223,150,30,60,84
224,148,30,60,84
225,146,30,60,84
226,147,31,60,84
227,149,35,60,84
228,151,38,60,84
229,156,40,60,84
230,161,41,60,84
231,166,41,60,84
232,172,41,60,84
233,177,40,60,84
234,181,40,60,84
235,184,39,60,84
236,187,38,60,84
237,189,38,60,84
238,189,40,60,84
239,186,42,60,84
240,185,45,60,84
241,183,47,60,84
242,182,48,60,84
243,182,48,60,84
244,182,48,60,84
245,182,47,60,84
246,183,46,60,84
247,186,45,60,84
248,188,45,60,84
249,189,45,60,84
250,192,47,60,84
251,192,49,60,84
252,193,50,60,84
253,193,50,60,84
254,192,50,60,84
255,188,47,60,84
256,185,42,60,84
257,184,39,60,84
258,182,36,60,84
259,181,33,60,84
260,179,30,60,84
261,179,28,60,84
262,179,28,60,84
263,179,32,60,84
264,178,39,60,84
265,178,45,60,84
266,180,48,60,84
267,182,47,60,84
268,184,43,60,84
269,187,37,60,84
270,189,32,60,84
271,191,29,60,84
272,191,27,60,84
273,190,25,60,84
274,188,24,60,84
275,186,27,60,84
276,185,30,60,84
277,185,33,60,84
278,185,34,60,84
279,181,34,60,84
280,175,32,60,84
281,169,31,60,84
282,164,29,60,84
283,159,24,60,84
284,150,20,60,84
285,145,19,60,84
286,141,19,60,84
287,140,21,60,84
288,138,25,60,84
289,138,31,60,84
290,137,36,60,84
291,138,38,60,84
292,141,37,60,84
293,147,38,60,84
294,152,37,60,84
295,158,35,60,84
296,166,33,60,84
297,167,32,60,84
298,166,31,60,84
299,163,30,60,84
300,159,31,60,84
301,154,32,60,84
302,148,34,60,84
303,141,35,60,84
304,134,34,60,84
305,128,31,60,84
306,122,26,60,84
307,116,21,60,84
308,111,18,60,84
309,110,17,60,84
310,109,18,60,84
311,108,24,60,84
312,106,31,60,84
313,104,36,60,84
314,101,40,60,84
315,95,42,60,84
316,88,41,60,84
317,82,39,60,84
318,76,35,60,84
319,76,31,60,84
320,76,27,60,84
321,78,27,60,84
322,83,27,60,84
323,88,31,60,84
324,90,35,60,84
325,91,38,60,84
326,96,40,60,84
327,100,42,60,84
328,105,43,60,84
329,110,40,60,84
330,115,35,60,84
331,120,27,60,84
332,129,20,60,84
333,138,16,60,84
334,146,17,60,84
335,151,22,60,84
336,152,25,60,84
337,154,27,60,84
338,156,28,60,84
339,158,30,60,84
340,158,30,60,84
341,157,28,60,84
342,159,26,60,84
343,159,24,60,84
344,158,21,60,84
345,159,21,60,84
346,157,23,60,84
347,157,24,60,84
348,157,26,60,84
349,157,27,60,84
350,158,28,60,84
351,158,28,60,84
352,160,27,60,84
353,162,23,60,84
354,165,18,60,84
355,170,15,60,84
356,173,15,60,84
357,175,21,60,84
358,174,29,60,84
359,172,35,60,84
360,172,40,60,84
361,171,42,60,84
362,167,38,60,84
363,166,32,60,84
364,170,27,60,84
365,175,24,60,84
366,179,26,60,84
367,178,29,60,84
368,177,34,60,84
369,172,37,60,84
370,165,39,60,84
371,159,39,60,84
372,153,39,60,84
373,145,34,60,84
374,140,30,60,84
375,138,24,60,84
376,141,22,60,84
377,142,24,60,84
378,142,26,60,84
379,142,29,60,84
380,142,31,60,84
381,141,32,60,84
382,138,33,60,84
383,135,33,60,84
384,132,30,60,84
385,135,26,60,84
386,138,24,60,84
387,142,23,60,84
388,151,27,60,84
389,155,30,60,84
390,161,30,60,84
391,169,27,60,84
392,173,25,60,84
393,177,23,60,84
394,179,22,60,84
395,180,21,60,84
396,179,17,60,84
397,180,14,60,84
398,180,12,60,84
399,178,12,60,84
400,177,14,60,84
401,179,21,60,84
402,176,28,60,84
403,172,32,60,84
