03-Specularity 4
320,1636,753,198,157
321,1625,742,198,157
322,1613,739,198,157
323,1601,739,198,157
324,1588,742,198,157
325,1581,746,198,157
326,1578,750,198,157
327,1575,755,198,157
328,1577,761,198,157
329,1576,767,198,157
330,1578,771,198,157
331,1582,774,198,157
332,1581,777,198,157
333,1585,777,198,157
334,1588,783,198,157
335,1598,796,198,157
336,1605,810,198,157
337,1613,822,198,157
338,1628,839,198,157
339,1640,857,198,157
340,1649,865,198,157
341,1654,866,198,157
342,1656,865,198,157
343,1661,862,198,157
344,1669,860,198,157
345,1676,858,198,157
346,1686,861,198,157
347,1681,858,198,157
348,1676,852,198,157
349,1680,848,198,157
350,1683,842,198,157
351,1675,837,198,157
352,1671,838,198,157
353,1674,838,198,157
354,1677,835,198,157
355,1676,828,198,157
356,1672,818,198,157
357,1668,816,198,157
358,1661,804,198,157
359,1654,794,198,157
360,1648,791,198,157
361,1645,795,198,157
362,1641,797,198,157
363,1643,793,198,157
364,1636,785,198,157
365,1632,779,198,157
366,1628,779,198,157
367,1620,786,198,157
368,1619,788,198,157
369,1618,791,198,157
370,1621,799,198,157
371,1617,804,198,157
372,1612,803,198,157
373,1607,804,198,157
374,1603,803,198,157
375,1597,804,198,157
376,1595,804,198,157
377,1590,804,198,157
378,1594,803,198,157
379,1592,800,198,157
380,1597,794,198,157
381,1596,790,198,157
382,1599,786,198,157
383,1602,786,198,157
384,1601,790,198,157
385,1602,788,198,157
386,1602,788,198,157
387,1604,794,198,157
388,1608,802,198,157
389,1614,807,198,157
390,1618,814,198,157
391,1618,823,198,157
392,1625,828,198,157
393,1629,829,198,157
394,1631,830,198,157
395,1633,833,198,157
396,1639,836,198,157
397,1640,838,198,157
398,1642,840,198,157
399,1649,845,198,157
400,1656,852,198,157
401,1659,857,198,157
402,1668,863,198,157
403,1672,868,198,157
404,1675,874,198,157
405,1679,880,198,157
406,1686,884,198,157
407,1690,882,198,157
408,1693,878,198,157
409,1695,873,198,157
410,1697,861,198,157
411,1693,850,198,157
412,1693,840,198,157
413,1693,832,198,157
414,1690,821,198,157
415,1687,810,198,157
416,1678,797,198,157
417,1669,779,198,157
418,1660,762,198,157
419,1655,751,198,157
420,1654,747,198,157
421,1652,742,198,157
422,1646,739,198,157
423,1641,739,198,157
424,1639,739,198,157
425,1639,739,198,157
426,1637,740,198,157
427,1636,745,198,157
428,1638,749,198,157
429,1638,754,198,157
430,1640,760,198,157
431,1643,762,198,157
432,1643,761,198,157
433,1643,762,198,157
434,1645,764,198,157
435,1650,764,198,157
436,1658,763,198,157
437,1658,763,198,157
438,1663,766,198,157
439,1668,769,198,157
440,1667,768,198,157
441,1663,770,198,157
442,1659,768,198,157
443,1657,769,198,157
444,1659,776,198,157
445,1659,779,198,157
446,1657,779,198,157
447,1654,780,198,157
448,1653,781,198,157
449,1651,785,198,157
450,1646,788,198,157
451,1643,788,198,157
452,1640,786,198,157
453,1636,787,198,157
454,1634,790,198,157
455,1630,795,198,157
456,1627,799,198,157
457,1624,803,198,157
458,1623,805,198,157
459,1622,808,198,157
460,1621,808,198,157
461,1620,808,198,157
462,1622,806,198,157
463,1620,803,198,157
464,1615,798,198,157
465,1607,795,198,157
466,1605,789,198,157
467,1602,788,198,157
468,1600,787,198,157
469,1594,784,198,157
470,1590,782,198,157
471,1588,782,198,157
472,1587,779,198,157
473,1589,777,198,157
474,1589,779,198,157
475,1585,779,198,157
476,1583,775,198,157
477,1580,773,198,157
478,1581,771,198,157
479,1575,777,198,157
480,1577,777,198,157
481,1573,775,198,157
482,1573,780,198,157
483,1570,792,198,157
484,1568,796,198,157
485,1567,795,198,157
486,1567,793,198,157
487,1566,794,198,157
488,1563,796,198,157
489,1564,789,198,157
490,1562,782,198,157
491,1556,783,198,157
492,1552,786,198,157
493,1549,789,198,157
494,1549,793,198,157
495,1550,796,198,157
496,1558,793,198,157
497,1563,794,198,157
498,1565,794,198,157
499,1567,794,198,157
500,1570,790,198,157
501,1571,784,198,157
502,1570,779,198,157
503,1568,779,198,157
504,1568,784,198,157
505,1567,787,198,157
506,1567,794,198,157
507,1566,802,198,157
508,1564,806,198,157
509,1565,804,198,157
510,1564,805,198,157
511,1565,805,198,157
512,1565,804,198,157
513,1562,801,198,157
514,1560,797,198,157
515,1560,797,198,157
516,1558,803,198,157
517,1557,808,198,157
518,1557,810,198,157
519,1558,809,198,157
520,1555,811,198,157
521,1554,811,198,157
522,1552,813,198,157
523,1553,812,198,157
524,1552,806,198,157
525,1547,801,198,157
526,1547,798,198,157
527,1547,794,198,157
528,1545,791,198,157
529,1540,790,198,157
530,1540,788,198,157
531,1541,782,198,157
532,1536,780,198,157
533,1535,782,198,157
534,1532,782,198,157
535,1533,779,198,157
536,1535,777,198,157
537,1532,781,198,157
538,1532,780,198,157
539,1530,774,198,157
540,1526,770,198,157
541,1522,769,198,157
542,1518,770,198,157
543,1514,774,198,157
544,1512,774,198,157
545,1504,777,198,157
546,1505,777,198,157
547,1498,779,198,157
548,1498,778,198,157
549,1494,779,198,157
550,1499,777,198,157
551,1492,778,198,157
552,1492,777,198,157
553,1491,778,198,157
554,1495,780,198,157
555,1498,783,198,157
556,1497,789,198,157
557,1501,791,198,157
558,1496,790,198,157
559,1496,789,198,157
560,1495,791,198,157
561,1498,793,198,157
562,1500,794,198,157
563,1500,793,198,157
564,1505,789,198,157
565,1506,785,198,157
566,1508,783,198,157
567,1509,782,198,157
568,1510,779,198,157
569,1516,775,198,157
570,1513,775,198,157
571,1516,772,198,157
572,1517,766,198,157
573,1517,761,198,157
574,1520,757,198,157
575,1519,754,198,157
576,1518,751,198,157
577,1520,746,198,157
578,1516,747,198,157
579,1519,747,198,157
580,1517,747,198,157
581,1513,748,198,157
582,1515,750,198,157
583,1513,755,198,157
584,1511,757,198,157
585,1513,759,198,157
586,1510,763,198,157
587,1511,764,198,157
588,1511,762,198,157
589,1511,762,198,157
590,1511,756,198,157
591,1513,747,198,157
592,1510,743,198,157
593,1510,741,198,157
594,1511,735,198,157
595,1506,727,198,157
596,1505,722,198,157
597,1500,721,198,157
598,1495,724,198,157
599,1500,726,198,157
600,1501,725,198,157
601,1497,722,198,157
602,1497,720,198,157
603,1495,717,198,157
604,1494,716,198,157
605,1492,720,198,157
606,1493,724,198,157
607,1494,725,198,157
608,1492,723,198,157
609,1493,724,198,157
610,1490,722,198,157
611,1490,715,198,157
612,1481,707,198,157
613,1478,703,198,157
614,1474,699,198,157
615,1474,698,198,157
616,1477,699,198,157
617,1468,699,198,157
618,1467,695,198,157
619,1461,694,198,157
620,1455,695,198,157
621,1454,694,198,157
622,1458,700,198,157
623,1460,702,198,157
624,1460,705,198,157
625,1462,708,198,157
626,1457,713,198,157
627,1451,720,198,157
628,1457,728,198,157
629,1460,734,198,157
630,1457,737,198,157
631,1463,741,198,157
632,1462,743,198,157
633,1454,740,198,157
634,1455,734,198,157
635,1457,731,198,157
636,1452,730,198,157
637,1453,733,198,157
638,1457,732,198,157
639,1455,720,198,157
640,1454,716,198,157
641,1459,720,198,157
642,1452,724,198,157
643,1452,723,198,157
644,1451,723,198,157
645,1450,722,198,157
646,1454,730,198,157
647,1456,739,198,157
648,1457,733,198,157
649,1457,726,198,157
650,1456,717,198,157
651,1451,705,198,157
652,1457,701,198,157
653,1452,706,198,157
654,1448,701,198,157
655,1445,689,198,157
656,1444,677,198,157
657,1435,664,198,157
658,1437,662,198,157
659,1438,676,198,157
660,1439,676,198,157
661,1436,671,198,157
662,1443,664,198,157
663,1445,667,198,157
664,1451,682,198,157
665,1458,693,198,157
666,1460,700,198,157
667,1462,705,198,157
668,1459,703,198,157
669,1459,706,198,157
670,1463,709,198,157
671,1457,704,198,157
672,1458,697,198,157
673,1458,697,198,157
674,1455,694,198,157
675,1458,695,198,157
676,1457,697,198,157
677,1457,695,198,157
678,1460,695,198,157
679,1455,700,198,157
680,1457,702,198,157
681,1455,707,198,157
682,1453,713,198,157
683,1451,721,198,157
684,1452,730,198,157
685,1453,728,198,157
686,1453,724,198,157
687,1457,718,198,157
688,1457,711,198,157
689,1458,707,198,157
690,1461,713,198,157
691,1465,722,198,157
692,1467,729,198,157
693,1467,732,198,157
694,1470,742,198,157
695,1476,759,198,157
696,1475,761,198,157
697,1469,756,198,157
698,1461,754,198,157
699,1453,750,198,157
700,1453,751,198,157
701,1453,758,198,157
702,1452,765,198,157
703,1455,765,198,157
704,1455,765,198,157
705,1456,765,198,157
706,1464,765,198,157
707,1463,763,198,157
708,1464,752,198,157
709,1462,744,198,157
710,1461,739,198,157
711,1459,744,198,157
712,1461,747,198,157
713,1454,742,198,157
714,1447,741,198,157
715,1441,749,198,157
716,1441,748,198,157
717,1445,742,198,157
718,1443,737,198,157
719,1438,730,198,157
720,1436,736,198,157
