03-Specularity 11
118,448,427,103,84
119,448,410,103,84
120,450,392,103,84
121,453,376,103,84
122,457,363,103,84
123,461,353,103,84
124,466,345,103,84
125,471,342,103,84
126,476,343,103,84
127,479,346,103,84
128,481,350,103,84
129,482,354,103,84
130,482,357,103,84
131,482,358,103,84
132,482,358,103,84
133,483,357,103,84
134,484,356,103,84
135,485,355,103,84
136,486,354,103,84
137,487,353,103,84
138,487,352,103,84
139,487,351,103,84
140,487,350,103,84
141,488,349,103,84
142,489,348,103,84
143,490,347,103,84
144,491,345,103,84
145,492,344,103,84
146,492,343,103,84
147,492,344,103,84
148,492,346,103,84
149,492,349,103,84
150,492,353,103,84
151,491,358,103,84
152,490,363,103,84
153,489,369,103,84
154,488,375,103,84
155,488,380,103,84
156,488,384,103,84
157,488,385,103,84
158,488,385,103,84
159,488,384,103,84
160,489,383,103,84
161,489,382,103,84
162,489,381,103,84
163,489,380,103,84
164,489,380,103,84
165,489,380,103,84
166,489,380,103,84
167,489,380,103,84
168,489,379,103,84
169,490,378,103,84
170,490,378,103,84
171,490,378,103,84
172,490,378,103,84
173,490,378,103,84
174,489,378,103,84
175,488,379,103,84
176,487,380,103,84
177,486,381,103,84
178,485,382,103,84
179,485,383,103,84
180,485,383,103,84
181,485,383,103,84
182,485,383,103,84
183,486,383,103,84
184,487,382,103,84
185,488,381,103,84
186,488,380,103,84
187,488,379,103,84
188,488,379,103,84
189,489,378,103,84
190,492,376,103,84
191,497,374,103,84
192,504,373,103,84
