03-Specularity 1
20,800,166,209,81
21,794,168,209,81
22,787,171,209,81
23,782,174,209,81
24,776,177,209,81
25,769,181,209,81
26,764,185,209,81
27,759,189,209,81
28,755,193,209,81
29,750,197,209,81
30,745,202,209,81
31,740,207,209,81
32,734,212,209,81
33,730,218,209,81
34,726,223,209,81
35,722,229,209,81
36,719,235,209,81
37,714,242,209,81
38,710,249,209,81
39,706,255,209,81
40,702,262,209,81
41,699,269,209,81
42,696,277,209,81
43,694,284,209,81
44,692,291,209,81
45,690,298,209,81
46,688,306,209,81
47,685,314,209,81
48,683,322,209,81
49,682,330,209,81
50,681,338,209,81
51,681,347,209,81
52,679,355,209,81
53,679,362,209,81
54,678,370,209,81
55,676,377,209,81
56,676,386,209,81
57,675,395,209,81
58,678,402,209,81
59,679,411,209,81
60,681,419,209,81
61,685,427,209,81
62,689,435,209,81
63,698,441,209,81
64,707,449,209,81
65,715,456,209,81
66,726,464,209,81
67,735,471,209,81
68,749,477,209,81
69,762,481,209,81
70,774,486,209,81
71,791,490,209,81
72,803,493,209,81
73,821,495,209,81
74,835,497,209,81
75,849,498,209,81
76,864,500,209,81
77,877,502,209,81
78,893,503,209,81
79,910,506,209,81
80,926,508,209,81
81,944,509,209,81
82,963,512,209,81
83,984,513,209,81
84,1006,515,209,81
85,1028,517,209,81
