05-Shape 19
1,654,269,27,138
2,654,272,27,138
3,655,274,27,138
4,657,276,27,138
5,657,277,27,138
6,652,281,27,138
7,644,284,27,138
8,644,285,27,138
9,648,286,27,138
10,648,287,27,138
11,644,288,27,138
12,638,291,27,138
13,635,298,27,138
14,633,307,27,138
15,627,313,27,138
16,625,313,27,138
17,629,311,27,138
18,636,307,27,138
19,642,302,27,138
20,643,299,27,138
21,638,299,27,138
22,631,301,27,138
23,634,300,27,138
24,647,298,27,138
25,651,298,27,138
26,649,298,27,138
27,650,297,27,138
28,652,296,27,138
29,654,292,27,138
30,657,287,27,138
31,660,282,27,138
32,661,279,27,138
33,664,275,27,138
34,668,269,27,138
35,667,265,27,138
36,659,262,27,138
37,653,259,27,138
38,649,257,27,138
39,649,254,27,138
40,649,252,27,138
41,646,250,27,138
42,641,249,27,138
43,633,251,27,138
44,625,252,27,138
45,632,247,27,138
46,640,242,27,138
47,640,240,27,138
48,636,239,27,138
49,633,240,27,138
50,635,241,27,138
51,642,241,27,138
52,646,242,27,138
53,647,241,27,138
54,647,240,27,138
55,647,240,27,138
56,647,239,27,138
57,651,239,27,138
58,656,239,27,138
59,659,238,27,138
60,661,237,27,138
61,664,238,27,138
62,670,238,27,138
63,676,237,27,138
64,679,236,27,138
65,683,235,27,138
66,686,234,27,138
67,691,233,27,138
68,696,231,27,138
69,700,229,27,138
70,703,227,27,138
71,704,225,27,138
72,702,223,27,138
73,700,219,27,138
74,702,215,27,138
75,704,212,27,138
76,705,210,27,138
77,706,208,27,138
78,705,205,27,138
79,705,202,27,138
80,708,203,27,138
81,716,205,27,138
82,734,203,27,138
83,748,198,27,138
84,752,194,27,138
85,740,198,27,138
86,737,206,27,138
87,744,212,27,138
88,751,216,27,138
89,745,220,27,138
90,743,224,27,138
91,744,224,27,138
92,738,225,27,138
93,736,229,27,138
94,735,231,27,138
95,734,230,27,138
96,738,226,27,138
97,736,221,27,138
98,727,219,27,138
99,728,217,27,138
100,734,214,27,138
101,737,212,27,138
102,740,208,27,138
103,739,203,27,138
104,737,199,27,138
105,743,197,27,138
106,750,197,27,138
107,751,198,27,138
108,749,198,27,138
109,749,196,27,138
110,753,195,27,138
111,758,196,27,138
112,761,197,27,138
113,761,198,27,138
114,761,201,27,138
115,765,200,27,138
116,766,197,27,138
117,761,195,27,138
118,758,195,27,138
119,759,200,27,138
120,759,204,27,138
121,758,204,27,138
122,760,200,27,138
123,764,196,27,138
124,767,197,27,138
125,765,201,27,138
126,761,203,27,138
127,762,205,27,138
128,765,209,27,138
129,765,212,27,138
130,764,216,27,138
131,766,219,27,138
132,768,218,27,138
133,768,216,27,138
134,771,215,27,138
135,778,216,27,138
136,788,216,27,138
137,799,215,27,138
138,811,214,27,138
139,816,215,27,138
140,818,218,27,138
141,822,219,27,138
142,827,214,27,138
143,822,208,27,138
144,863,211,27,138
145,847,205,27,138
146,851,209,27,138
147,851,216,27,138
148,920,222,27,138
149,921,227,27,138
150,924,231,27,138
151,927,231,27,138
152,935,230,27,138
153,943,232,27,138
154,954,233,27,138
155,972,231,27,138
156,988,228,27,138
157,1002,228,27,138
158,1012,230,27,138
159,1022,232,27,138
160,1034,234,27,138
161,1049,233,27,138
162,1068,231,27,138
163,1091,229,27,138
164,1118,224,27,138
165,1137,219,27,138
166,1156,216,27,138
167,1186,215,27,138
168,1200,215,27,138
169,1217,213,27,138
170,1221,211,27,138
171,1226,210,27,138
172,1227,212,27,138
173,1232,214,27,138
174,1241,214,27,138
175,1250,216,27,138
176,0,220,27,138
177,13,226,27,138
178,39,232,27,138
179,70,238,27,138
180,102,242,27,138
181,134,243,27,138
182,164,244,27,138
183,191,243,27,138
184,216,241,27,138
185,245,240,27,138
186,275,240,27,138
187,305,242,27,138
188,332,249,27,138
189,346,260,27,138
190,348,276,27,138
191,349,292,27,138
192,354,305,27,138
193,363,314,27,138
194,374,323,27,138
195,383,333,27,138
196,389,341,27,138
197,391,347,27,138
198,392,353,27,138
199,396,359,27,138
200,404,367,27,138
201,414,374,27,138
202,422,381,27,138
203,429,389,27,138
204,434,397,27,138
205,437,403,27,138
206,438,410,27,138
207,440,418,27,138
208,446,427,27,138
209,468,434,27,138
210,490,440,27,138
211,509,447,27,138
212,526,450,27,138
213,544,451,27,138
214,561,454,27,138
215,581,451,27,138
216,603,440,27,138
217,623,427,27,138
218,416,410,27,138
219,446,383,27,138
220,471,363,27,138
221,493,345,27,138
222,514,331,27,138
223,528,318,27,138
224,541,304,27,138
225,552,293,27,138
226,560,290,27,138
227,565,295,27,138
228,570,303,27,138
229,576,307,27,138
230,585,309,27,138
231,584,313,27,138
232,580,320,27,138
233,582,326,27,138
234,659,327,27,138
235,661,332,27,138
236,666,334,27,138
237,670,336,27,138
238,667,342,27,138
239,667,345,27,138
240,673,344,27,138
