05-Shape 3
1,221,191,76,50
2,219,183,76,50
3,224,175,76,50
4,226,178,76,50
5,223,184,76,50
6,217,191,76,50
7,218,206,76,50
8,220,220,76,50
9,230,236,76,50
10,238,233,76,50
11,234,240,76,50
12,257,224,76,50
13,250,183,76,50
14,224,164,76,50
15,226,167,76,50
16,235,167,76,50
17,247,164,76,50
18,250,162,76,50
19,237,167,76,50
20,231,176,76,50
21,236,176,76,50
22,229,189,76,50
23,224,214,76,50
24,225,223,76,50
25,222,228,76,50
26,217,224,76,50
27,205,210,76,50
28,199,208,76,50
29,207,201,76,50
30,215,191,76,50
31,220,187,76,50
32,226,183,76,50
33,229,177,76,50
34,230,183,76,50
35,236,191,76,50
36,231,204,76,50
37,213,223,76,50
38,217,227,76,50
39,212,217,76,50
40,205,208,76,50
41,191,181,76,50
42,178,151,76,50
43,165,141,76,50
44,152,147,76,50
45,138,146,76,50
46,125,140,76,50
47,116,132,76,50
48,107,129,76,50
49,97,131,76,50
50,92,132,76,50
51,99,136,76,50
52,104,150,76,50
53,100,158,76,50
54,96,166,76,50
55,112,171,76,50
56,122,162,76,50
57,121,152,76,50
58,125,136,76,50
59,137,114,76,50
60,144,100,76,50
61,141,101,76,50
62,139,101,76,50
63,142,99,76,50
64,149,107,76,50
65,153,128,76,50
66,157,149,76,50
67,169,159,76,50
68,189,160,76,50
69,180,151,76,50
70,171,136,76,50
71,189,123,76,50
72,182,127,76,50
73,174,149,76,50
74,185,154,76,50
75,201,151,76,50
76,208,159,76,50
77,206,168,76,50
78,207,185,76,50
79,207,192,76,50
80,194,187,76,50
81,188,185,76,50
82,205,185,76,50
83,204,169,76,50
84,188,155,76,50
85,186,142,76,50
86,191,131,76,50
87,191,123,76,50
88,192,115,76,50
89,198,111,76,50
90,193,115,76,50
91,186,120,76,50
92,189,123,76,50
93,193,135,76,50
94,187,150,76,50
95,181,157,76,50
96,186,162,76,50
97,198,158,76,50
98,198,156,76,50
99,201,163,76,50
100,208,163,76,50
101,207,155,76,50
102,208,147,76,50
103,211,139,76,50
104,218,133,76,50
105,225,130,76,50
106,232,130,76,50
107,241,128,76,50
108,245,127,76,50
109,240,132,76,50
110,239,134,76,50
111,249,134,76,50
112,255,129,76,50
113,247,115,76,50
114,237,111,76,50
115,232,111,76,50
116,224,106,76,50
117,215,108,76,50
118,214,109,76,50
119,211,108,76,50
120,199,112,76,50
121,196,118,76,50
122,201,121,76,50
123,201,125,76,50
124,196,134,76,50
125,190,146,76,50
126,189,158,76,50
127,198,163,76,50
128,197,166,76,50
129,192,172,76,50
130,189,172,76,50
131,177,167,76,50
132,178,165,76,50
133,186,166,76,50
134,188,167,76,50
135,186,167,76,50
136,188,170,76,50
137,191,174,76,50
138,190,177,76,50
139,188,180,76,50
140,188,189,76,50
141,189,206,76,50
142,183,220,76,50
143,162,224,76,50
144,151,227,76,50
145,146,227,76,50
146,139,228,76,50
147,145,226,76,50
148,154,218,76,50
149,158,215,76,50
150,166,212,76,50
151,181,204,76,50
152,199,197,76,50
153,217,191,76,50
154,232,180,76,50
155,248,178,76,50
156,259,182,76,50
157,262,184,76,50
158,260,184,76,50
159,256,189,76,50
160,250,197,76,50
161,249,196,76,50
162,250,192,76,50
163,246,187,76,50
164,241,185,76,50
165,241,182,76,50
166,241,180,76,50
167,239,174,76,50
168,241,167,76,50
169,247,162,76,50
170,245,160,76,50
171,236,167,76,50
172,230,176,76,50
173,228,181,76,50
174,227,187,76,50
175,229,185,76,50
176,224,184,76,50
177,218,190,76,50
178,214,193,76,50
179,213,188,76,50
180,215,185,76,50
181,210,183,76,50
182,203,181,76,50
183,202,181,76,50
184,206,183,76,50
185,209,186,76,50
186,210,189,76,50
187,211,194,76,50
188,216,199,76,50
189,223,199,76,50
190,224,202,76,50
191,226,203,76,50
192,232,181,76,50
193,234,151,76,50
194,242,140,76,50
195,252,129,76,50
196,253,122,76,50
197,243,127,76,50
198,235,130,76,50
199,233,130,76,50
200,236,130,76,50
201,237,136,76,50
202,232,143,76,50
203,229,151,76,50
204,227,158,76,50
205,225,163,76,50
206,223,172,76,50
207,223,179,76,50
208,229,174,76,50
209,236,163,76,50
210,240,152,76,50
211,246,142,76,50
212,255,133,76,50
213,263,126,76,50
214,272,124,76,50
215,273,124,76,50
216,270,127,76,50
217,267,140,76,50
218,269,150,76,50
219,271,160,76,50
220,275,172,76,50
221,284,177,76,50
222,293,178,76,50
223,303,181,76,50
224,316,180,76,50
225,325,176,76,50
226,328,171,76,50
227,335,169,76,50
228,348,166,76,50
229,355,159,76,50
230,355,155,76,50
231,355,153,76,50
232,355,150,76,50
233,355,150,76,50
234,350,150,76,50
235,341,154,76,50
236,333,155,76,50
237,328,152,76,50
238,322,150,76,50
239,310,152,76,50
240,298,151,76,50
