05-Shape 21
74,783,259,85,178
75,785,252,85,178
76,785,250,85,178
77,785,249,85,178
78,785,248,85,178
79,784,241,85,178
80,783,233,85,178
81,783,231,85,178
82,783,230,85,178
83,783,229,85,178
84,782,221,85,178
85,780,213,85,178
86,780,212,85,178
87,780,211,85,178
88,780,210,85,178
89,778,203,85,178
90,786,196,85,178
91,786,194,85,178
92,786,193,85,178
93,786,192,85,178
94,788,192,85,178
95,787,190,85,178
96,787,189,85,178
97,787,188,85,178
98,787,187,85,178
99,785,184,85,178
100,784,180,85,178
101,783,173,85,178
102,783,172,85,178
103,783,171,85,178
104,772,173,85,178
105,774,159,85,178
106,775,152,85,178
107,775,151,85,178
108,775,150,85,178
109,768,145,85,178
110,765,133,85,178
111,766,132,85,178
112,766,132,85,178
113,766,132,85,178
114,767,138,85,178
115,754,140,85,178
116,754,151,85,178
117,754,151,85,178
118,754,151,85,178
119,753,168,85,178
120,732,167,85,178
121,713,161,85,178
122,713,160,85,178
123,713,160,85,178
124,711,169,85,178
125,707,173,85,178
126,702,177,85,178
127,687,178,85,178
128,673,179,85,178
129,651,189,85,178
130,641,193,85,178
131,636,197,85,178
132,632,201,85,178
133,631,201,85,178
134,626,206,85,178
135,626,213,85,178
136,636,227,85,178
137,636,226,85,178
138,636,225,85,178
139,413,174,85,178
140,415,173,85,178
141,417,172,85,178
142,417,171,85,178
143,417,171,85,178
144,420,169,85,178
145,423,166,85,178
146,426,164,85,178
147,426,164,85,178
148,426,163,85,178
149,429,162,85,178
