06-MotionSmoothness 3
2,1,204,1155,582
3,0,206,1155,582
4,0,206,1155,582
5,0,206,1155,582
6,0,207,1155,582
7,0,207,1155,582
8,1,207,1155,582
9,3,207,1155,582
10,7,205,1155,582
11,12,204,1155,582
12,20,202,1155,582
13,33,200,1155,582
14,45,198,1155,582
15,55,196,1155,582
16,63,194,1155,582
17,69,192,1155,582
18,75,190,1155,582
19,79,188,1155,582
20,82,187,1155,582
21,86,185,1155,582
22,89,183,1155,582
23,92,182,1155,582
24,95,180,1155,582
25,99,179,1155,582
26,101,179,1155,582
27,104,178,1155,582
28,108,178,1155,582
29,111,178,1155,582
30,114,178,1155,582
31,116,178,1155,582
32,118,179,1155,582
33,119,181,1155,582
34,118,182,1155,582
35,114,183,1155,582
36,109,185,1155,582
37,103,186,1155,582
38,96,187,1155,582
39,88,189,1155,582
40,81,191,1155,582
41,72,193,1155,582
42,63,195,1155,582
43,55,197,1155,582
44,50,199,1155,582
45,46,201,1155,582
46,44,203,1155,582
47,44,206,1155,582
48,45,208,1155,582
49,46,210,1155,582
50,47,212,1155,582
51,48,214,1155,582
52,49,215,1155,582
53,50,217,1155,582
54,50,218,1155,582
55,51,218,1155,582
56,51,218,1155,582
57,51,217,1155,582
58,52,216,1155,582
59,53,214,1155,582
60,54,213,1155,582
61,54,211,1155,582
62,55,208,1155,582
63,57,204,1155,582
64,57,201,1155,582
65,57,197,1155,582
66,59,194,1155,582
67,60,192,1155,582
68,61,188,1155,582
69,63,184,1155,582
70,64,181,1155,582
71,65,177,1155,582
72,67,173,1155,582
73,68,169,1155,582
74,69,165,1155,582
75,70,162,1155,582
76,70,158,1155,582
77,70,154,1155,582
78,69,150,1155,582
79,68,146,1155,582
80,68,142,1155,582
81,67,138,1155,582
82,66,134,1155,582
83,65,130,1155,582
84,67,126,1155,582
85,67,124,1155,582
86,68,120,1155,582
87,71,116,1155,582
88,75,114,1155,582
89,79,110,1155,582
90,86,108,1155,582
91,93,106,1155,582
92,100,102,1155,582
93,107,100,1155,582
94,112,98,1155,582
95,117,96,1155,582
96,121,94,1155,582
97,124,92,1155,582
98,127,90,1155,582
99,130,90,1155,582
100,133,88,1155,582
101,136,87,1155,582
102,138,87,1155,582
103,140,87,1155,582
104,141,86,1155,582
105,142,87,1155,582
106,144,87,1155,582
107,147,87,1155,582
108,151,87,1155,582
109,155,87,1155,582
110,159,87,1155,582
111,163,87,1155,582
112,165,88,1155,582
113,168,90,1155,582
114,169,90,1155,582
115,170,92,1155,582
116,172,94,1155,582
117,173,96,1155,582
118,173,99,1155,582
119,173,100,1155,582
120,171,102,1155,582
121,171,105,1155,582
122,172,107,1155,582
123,172,109,1155,582
124,171,111,1155,582
125,171,113,1155,582
126,171,115,1155,582
127,172,117,1155,582
128,174,119,1155,582
129,175,121,1155,582
130,176,123,1155,582
131,178,124,1155,582
132,179,125,1155,582
133,180,127,1155,582
134,181,129,1155,582
135,183,131,1155,582
136,184,133,1155,582
137,184,135,1155,582
138,185,136,1155,582
139,188,137,1155,582
140,189,137,1155,582
141,188,136,1155,582
142,188,135,1155,582
143,188,134,1155,582
144,186,133,1155,582
145,184,132,1155,582
146,182,131,1155,582
147,180,129,1155,582
148,178,128,1155,582
149,178,127,1155,582
150,178,127,1155,582
151,178,127,1155,582
152,179,127,1155,582
153,182,127,1155,582
154,183,128,1155,582
155,183,129,1155,582
156,184,130,1155,582
157,187,132,1155,582
158,189,133,1155,582
159,190,134,1155,582
160,193,135,1155,582
161,195,136,1155,582
162,196,137,1155,582
163,197,138,1155,582
164,199,140,1155,582
165,200,141,1155,582
166,200,142,1155,582
167,201,144,1155,582
168,202,146,1155,582
169,202,149,1155,582
170,201,151,1155,582
171,200,154,1155,582
172,200,157,1155,582
173,201,159,1155,582
174,203,163,1155,582
175,204,167,1155,582
176,203,169,1155,582
177,203,173,1155,582
178,202,175,1155,582
179,199,177,1155,582
180,197,179,1155,582
181,194,181,1155,582
182,192,183,1155,582
183,189,185,1155,582
184,185,187,1155,582
185,181,189,1155,582
186,179,189,1155,582
187,177,189,1155,582
188,176,190,1155,582
189,175,190,1155,582
190,175,190,1155,582
191,176,190,1155,582
192,178,189,1155,582
193,180,189,1155,582
194,183,187,1155,582
195,188,187,1155,582
196,194,185,1155,582
197,201,183,1155,582
198,207,183,1155,582
199,213,181,1155,582
200,217,179,1155,582
201,221,179,1155,582
202,225,179,1155,582
