06-MotionSmoothness 13
2,1056,317,182,301
3,1056,317,182,301
4,1056,317,182,301
5,1056,317,182,301
6,1056,317,182,301
7,1056,317,182,301
8,1056,316,182,301
9,1056,316,182,301
10,1056,316,182,301
11,1056,316,182,301
12,1056,316,182,301
13,1056,316,182,301
14,1056,316,182,301
15,1056,316,182,301
16,1056,316,182,301
17,1056,316,182,301
18,1056,316,182,301
19,1056,315,182,301
20,1056,315,182,301
21,1056,314,182,301
22,1056,314,182,301
23,1056,313,182,301
24,1056,313,182,301
25,1056,312,182,301
26,1056,312,182,301
27,1057,311,182,301
28,1057,311,182,301
29,1057,310,182,301
30,1057,308,182,301
31,1057,307,182,301
32,1057,307,182,301
33,1057,306,182,301
34,1057,304,182,301
35,1056,302,182,301
36,1056,302,182,301
37,1056,303,182,301
38,1056,302,182,301
39,1056,302,182,301
40,1055,301,182,301
41,1052,299,182,301
42,1050,298,182,301
43,1048,297,182,301
44,1047,296,182,301
45,1045,296,182,301
46,1044,295,182,301
47,1043,295,182,301
48,1042,294,182,301
49,1042,294,182,301
50,1042,293,182,301
51,1042,293,182,301
52,1042,292,182,301
53,1043,293,182,301
54,1043,293,182,301
55,1043,292,182,301
56,1044,292,182,301
57,1043,292,182,301
58,1043,292,182,301
59,1042,293,182,301
60,1041,294,182,301
61,1040,295,182,301
62,1039,295,182,301
63,1038,295,182,301
64,1037,294,182,301
65,1032,293,182,301
66,1031,293,182,301
67,1031,293,182,301
68,1030,294,182,301
69,1029,294,182,301
70,1028,295,182,301
71,1026,296,182,301
72,1025,296,182,301
73,1024,296,182,301
74,1019,295,182,301
75,1017,293,182,301
76,1009,293,182,301
77,998,292,182,301
78,997,292,182,301
79,996,292,182,301
80,996,292,182,301
81,996,292,182,301
82,995,292,182,301
83,994,292,182,301
84,993,293,182,301
85,993,293,182,301
86,993,293,182,301
87,993,293,182,301
88,993,293,182,301
89,993,293,182,301
90,993,293,182,301
91,993,293,182,301
92,993,293,182,301
93,993,293,182,301
94,993,292,182,301
95,993,292,182,301
96,993,292,182,301
97,993,292,182,301
98,993,292,182,301
99,993,292,182,301
100,993,292,182,301
101,993,292,182,301
102,993,292,182,301
103,993,292,182,301
104,993,292,182,301
105,993,292,182,301
106,993,293,182,301
107,993,293,182,301
108,993,294,182,301
109,993,294,182,301
110,993,294,182,301
111,993,294,182,301
112,993,294,182,301
113,994,294,182,301
114,994,294,182,301
115,994,295,182,301
116,994,294,182,301
117,994,294,182,301
118,994,294,182,301
119,995,294,182,301
120,995,294,182,301
121,995,293,182,301
122,995,293,182,301
123,995,293,182,301
124,995,292,182,301
125,996,292,182,301
126,997,292,182,301
127,998,292,182,301
128,999,292,182,301
129,1000,292,182,301
130,1001,292,182,301
131,1003,292,182,301
132,1004,292,182,301
133,1006,293,182,301
134,1007,293,182,301
135,1008,293,182,301
136,1008,293,182,301
137,1008,293,182,301
138,1009,293,182,301
139,1009,293,182,301
140,1010,293,182,301
141,1010,293,182,301
142,1010,293,182,301
143,1011,293,182,301
144,1012,292,182,301
145,1012,292,182,301
146,1013,292,182,301
147,1014,292,182,301
148,1015,292,182,301
149,1015,293,182,301
150,1016,293,182,301
151,1016,294,182,301
152,1016,295,182,301
153,1015,295,182,301
154,1019,295,182,301
155,1144,21,182,301
156,1179,22,182,301
157,1214,23,182,301
158,1248,23,182,301
159,1283,23,182,301
160,1317,23,182,301
161,1351,23,182,301
162,1384,23,182,301
163,1416,22,182,301
164,1448,21,182,301
165,1479,21,182,301
166,1508,19,182,301
167,1537,18,182,301
168,1556,7,182,301
169,1586,7,182,301
170,1615,6,182,301
171,1643,6,182,301
172,1671,6,182,301
173,1698,5,182,301
174,1725,6,182,301
175,1705,6,182,301
176,1730,6,182,301
177,684,699,182,301
178,684,699,182,301
179,685,700,182,301
180,686,703,182,301
181,690,708,182,301
182,691,713,182,301
183,691,715,182,301
184,690,715,182,301
185,690,713,182,301
186,690,711,182,301
187,690,710,182,301
188,689,709,182,301
189,687,706,182,301
190,684,703,182,301
191,684,695,182,301
192,683,686,182,301
193,677,677,182,301
194,669,670,182,301
195,662,663,182,301
196,659,658,182,301
197,658,657,182,301
198,664,664,182,301
199,673,676,182,301
200,680,685,182,301
201,684,689,182,301
202,687,691,182,301
203,691,694,182,301
204,696,694,182,301
205,697,693,182,301
206,697,691,182,301
207,693,689,182,301
208,691,689,182,301
209,691,689,182,301
210,691,692,182,301
211,694,696,182,301
212,700,700,182,301
213,700,700,182,301
214,700,702,182,301
215,699,705,182,301
216,698,708,182,301
217,696,711,182,301
218,695,712,182,301
219,694,712,182,301
220,693,712,182,301
221,692,711,182,301
222,692,711,182,301
223,692,711,182,301
224,692,711,182,301
225,691,711,182,301
226,691,710,182,301
227,691,711,182,301
228,691,711,182,301
229,691,711,182,301
230,691,710,182,301
231,691,709,182,301
232,692,709,182,301
233,692,709,182,301
234,692,710,182,301
235,692,710,182,301
236,692,711,182,301
237,692,711,182,301
238,692,712,182,301
239,692,712,182,301
240,692,712,182,301
241,692,712,182,301
242,692,712,182,301
243,692,712,182,301
