06-MotionSmoothness 14
50,529,302,29,29
51,531,301,29,29
52,537,303,29,29
53,545,303,29,29
54,553,301,29,29
55,558,302,29,29
56,565,303,29,29
57,564,301,29,29
58,569,300,29,29
59,567,302,29,29
60,568,297,29,29
61,566,298,29,29
62,565,298,29,29
63,567,297,29,29
64,565,296,29,29
65,566,297,29,29
66,563,295,29,29
67,564,295,29,29
68,562,298,29,29
69,565,296,29,29
70,566,297,29,29
71,568,295,29,29
72,566,297,29,29
73,568,296,29,29
74,570,295,29,29
75,570,295,29,29
76,570,295,29,29
77,544,292,29,29
78,543,296,29,29
79,546,294,29,29
80,544,292,29,29
81,546,294,29,29
82,546,292,29,29
83,546,292,29,29
84,547,292,29,29
85,545,293,29,29
86,545,292,29,29
87,546,293,29,29
88,543,294,29,29
89,544,293,29,29
90,547,293,29,29
91,544,294,29,29
92,546,292,29,29
93,546,293,29,29
94,544,293,29,29
95,543,294,29,29
96,545,295,29,29
97,542,296,29,29
98,541,296,29,29
99,541,298,29,29
100,536,302,29,29
101,537,301,29,29
102,532,303,29,29
103,529,305,29,29
104,529,304,29,29
105,526,306,29,29
106,524,305,29,29
107,522,307,29,29
108,514,308,29,29
109,509,306,29,29
110,507,307,29,29
111,494,308,29,29
112,489,305,29,29
113,353,304,29,29
114,339,303,29,29
115,330,304,29,29
116,314,306,29,29
117,303,305,29,29
118,290,305,29,29
119,276,309,29,29
120,264,309,29,29
121,256,307,29,29
122,239,309,29,29
123,228,309,29,29
124,217,308,29,29
125,204,307,29,29
126,194,308,29,29
127,181,306,29,29
128,170,306,29,29
129,156,309,29,29
130,147,306,29,29
131,133,306,29,29
132,125,306,29,29
133,113,303,29,29
134,104,302,29,29
135,91,302,29,29
136,83,297,29,29
137,70,298,29,29
138,60,295,29,29
139,51,295,29,29
140,40,294,29,29
141,31,293,29,29
142,22,294,29,29
143,12,291,29,29
144,7,294,29,29
145,127,294,29,29
146,123,293,29,29
147,110,295,29,29
148,105,294,29,29
149,94,295,29,29
150,85,296,29,29
151,77,295,29,29
152,69,297,29,29
153,58,297,29,29
154,49,298,29,29
155,41,298,29,29
156,32,301,29,29
157,23,303,29,29
158,14,302,29,29
159,6,305,29,29
160,115,306,29,29
161,109,306,29,29
162,98,306,29,29
163,88,309,29,29
164,79,307,29,29
165,68,307,29,29
166,63,307,29,29
167,51,309,29,29
168,44,309,29,29
169,148,312,29,29
170,140,312,29,29
171,133,313,29,29
172,123,314,29,29
173,120,315,29,29
174,110,313,29,29
175,103,314,29,29
176,96,313,29,29
177,90,311,29,29
178,83,312,29,29
179,72,311,29,29
180,69,308,29,29
181,58,309,29,29
182,52,307,29,29
183,45,304,29,29
184,59,457,29,29
185,54,454,29,29
186,47,452,29,29
187,42,453,29,29
188,37,452,29,29
189,28,449,29,29
190,22,448,29,29
191,17,450,29,29
192,12,447,29,29
193,9,444,29,29
194,1,444,29,29
195,0,441,29,29
196,0,439,29,29
197,0,436,29,29
198,0,430,29,29
199,16,429,29,29
200,15,424,29,29
201,12,415,29,29
202,16,412,29,29
203,12,404,29,29
204,19,397,29,29
205,26,390,29,29
206,26,390,29,29
207,41,381,29,29
208,44,382,29,29
209,60,380,29,29
210,70,380,29,29
211,84,380,29,29
212,99,379,29,29
213,117,377,29,29
214,138,377,29,29
215,142,379,29,29
216,142,377,29,29
217,148,379,29,29
218,156,379,29,29
219,165,377,29,29
220,174,375,29,29
221,185,376,29,29
222,193,372,29,29
223,203,370,29,29
224,213,370,29,29
225,222,368,29,29
226,243,364,29,29
227,254,365,29,29
228,268,361,29,29
229,281,360,29,29
230,298,357,29,29
231,313,356,29,29
232,321,352,29,29
233,333,349,29,29
234,349,344,29,29
235,359,344,29,29
236,367,341,29,29
237,373,337,29,29
238,383,335,29,29
239,389,334,29,29
240,397,327,29,29
241,409,324,29,29
242,417,324,29,29
243,426,319,29,29
244,438,317,29,29
245,448,316,29,29
246,456,311,29,29
247,465,311,29,29
248,481,307,29,29
249,490,307,29,29
250,511,303,29,29
251,535,302,29,29
252,560,301,29,29
253,584,296,29,29
254,606,297,29,29
255,630,293,29,29
256,659,290,29,29
257,694,290,29,29
258,728,288,29,29
259,772,285,29,29
260,804,283,29,29
261,839,283,29,29
262,872,279,29,29
263,912,279,29,29
264,958,278,29,29
265,1008,278,29,29
266,1054,276,29,29
267,1104,279,29,29
268,1154,278,29,29
269,682,210,29,29
270,650,239,29,29
271,651,236,29,29
272,588,121,29,29
273,623,119,29,29
274,691,121,29,29
275,671,120,29,29
276,680,116,29,29
277,736,116,29,29
278,779,119,29,29
279,902,117,29,29
280,918,119,29,29
281,947,114,29,29
282,971,117,29,29
283,1051,118,29,29
284,1116,114,29,29
285,627,446,29,29
286,604,444,29,29
287,520,444,29,29
288,523,445,29,29
289,567,446,29,29
290,903,452,29,29
291,960,458,29,29
