06-MotionSmoothness 21
4,136,54,21,23
5,135,39,21,23
6,134,28,21,23
7,133,21,21,23
8,132,19,21,23
9,131,21,21,23
10,130,27,21,23
11,129,38,21,23
12,128,54,21,23
13,127,75,21,23
14,126,101,21,23
15,126,98,21,23
16,126,72,21,23
17,220,134,21,23
18,220,134,21,23
19,220,136,21,23
20,221,139,21,23
21,222,142,21,23
22,223,145,21,23
23,224,147,21,23
24,224,148,21,23
25,224,148,21,23
26,224,148,21,23
27,223,146,21,23
28,222,143,21,23
29,221,140,21,23
30,220,137,21,23
31,219,135,21,23
32,218,134,21,23
33,217,134,21,23
34,217,135,21,23
35,217,137,21,23
36,217,139,21,23
37,216,140,21,23
38,215,141,21,23
39,213,141,21,23
40,211,141,21,23
41,209,140,21,23
42,207,139,21,23
43,205,137,21,23
44,204,135,21,23
45,204,133,21,23
46,205,132,21,23
47,207,131,21,23
48,209,131,21,23
49,311,66,21,23
50,304,66,21,23
51,297,67,21,23
52,288,82,21,23
53,287,68,21,23
54,284,70,21,23
55,280,71,21,23
56,277,74,21,23
57,274,77,21,23
58,272,80,21,23
59,271,83,21,23
60,270,85,21,23
61,269,86,21,23
62,269,86,21,23
63,268,85,21,23
64,267,83,21,23
65,265,81,21,23
66,263,79,21,23
67,261,77,21,23
68,260,76,21,23
69,259,75,21,23
70,258,75,21,23
71,258,75,21,23
72,258,75,21,23
73,259,76,21,23
74,261,77,21,23
75,263,78,21,23
76,265,79,21,23
77,267,79,21,23
78,270,80,21,23
79,272,81,21,23
80,273,84,21,23
81,273,84,21,23
82,273,84,21,23
83,273,88,21,23
84,273,92,21,23
85,272,93,21,23
86,271,94,21,23
