07-MotionCoherence 2
1,254,190,23,23
2,254,190,23,23
3,254,190,23,23
4,254,190,23,23
5,254,190,23,23
6,254,190,23,23
7,256,189,23,23
8,256,189,23,23
9,256,189,23,23
10,256,189,23,23
11,256,189,23,23
12,256,189,23,23
13,256,189,23,23
14,256,189,23,23
15,256,189,23,23
16,256,189,23,23
17,256,189,23,23
18,256,189,23,23
19,256,189,23,23
20,256,189,23,23
21,256,189,23,23
22,256,189,23,23
23,256,189,23,23
24,256,189,23,23
25,238,200,23,23
26,238,200,23,23
27,238,200,23,23
28,238,200,23,23
29,238,200,23,23
30,238,200,23,23
31,238,200,23,23
32,238,200,23,23
33,236,200,23,23
34,236,200,23,23
35,236,200,23,23
36,236,200,23,23
37,236,200,23,23
38,236,200,23,23
39,236,200,23,23
40,236,200,23,23
41,233,201,23,23
42,233,201,23,23
43,233,201,23,23
44,233,201,23,23
45,233,202,23,23
46,233,202,23,23
47,233,202,23,23
48,233,202,23,23
49,283,195,23,23
50,283,195,23,23
51,283,195,23,23
52,283,195,23,23
53,283,195,23,23
54,283,195,23,23
55,283,195,23,23
56,283,195,23,23
57,283,195,23,23
58,240,204,23,23
59,228,189,23,23
60,228,189,23,23
61,228,189,23,23
62,230,185,23,23
63,230,185,23,23
64,230,185,23,23
65,230,185,23,23
66,230,185,23,23
67,234,183,23,23
68,234,183,23,23
69,234,183,23,23
70,234,183,23,23
71,234,183,23,23
72,234,183,23,23
73,234,183,23,23
74,234,183,23,23
75,235,182,23,23
76,235,182,23,23
77,235,182,23,23
78,235,182,23,23
79,235,182,23,23
80,235,182,23,23
81,235,182,23,23
82,235,182,23,23
83,235,182,23,23
84,235,182,23,23
85,236,183,23,23
86,236,183,23,23
87,236,183,23,23
88,236,183,23,23
89,236,183,23,23
90,236,183,23,23
91,236,183,23,23
92,236,183,23,23
93,234,181,23,23
94,234,181,23,23
95,234,181,23,23
96,234,181,23,23
97,234,181,23,23
98,234,181,23,23
99,234,181,23,23
100,234,181,23,23
101,234,184,23,23
102,234,184,23,23
103,234,184,23,23
104,234,184,23,23
105,234,184,23,23
106,234,184,23,23
107,234,184,23,23
108,234,184,23,23
109,233,188,23,23
110,233,188,23,23
111,233,188,23,23
112,233,188,23,23
113,233,188,23,23
114,233,188,23,23
115,233,188,23,23
116,233,188,23,23
117,233,188,23,23
118,233,188,23,23
119,234,188,23,23
120,234,188,23,23
121,234,188,23,23
122,234,188,23,23
123,234,188,23,23
124,234,188,23,23
125,234,188,23,23
126,234,188,23,23
127,234,188,23,23
128,234,188,23,23
129,234,188,23,23
130,234,188,23,23
131,234,188,23,23
132,234,188,23,23
133,234,188,23,23
134,234,188,23,23
135,231,190,23,23
136,231,190,23,23
137,231,190,23,23
138,231,190,23,23
139,231,190,23,23
140,231,190,23,23
141,231,190,23,23
142,231,190,23,23
143,232,193,23,23
144,232,193,23,23
145,232,192,23,23
146,232,192,23,23
147,232,192,23,23
148,232,192,23,23
149,232,192,23,23
150,232,192,23,23
151,232,192,23,23
152,232,192,23,23
153,231,193,23,23
154,231,193,23,23
155,231,193,23,23
156,231,193,23,23
157,231,193,23,23
158,0,0,23,23
159,0,0,23,23
160,0,0,23,23
161,0,0,23,23
162,0,0,23,23
163,0,0,23,23
164,0,0,23,23
165,0,0,23,23
166,0,0,23,23
167,0,0,23,23
168,0,0,23,23
169,0,0,23,23
170,0,0,23,23
171,0,0,23,23
172,0,0,23,23
173,0,0,23,23
174,0,0,23,23
175,0,0,23,23
176,0,0,23,23
177,0,0,23,23
178,0,0,23,23
179,0,0,23,23
180,0,0,23,23
181,0,0,23,23
182,0,0,23,23
183,0,0,23,23
184,0,0,23,23
185,0,0,23,23
186,0,0,23,23
187,0,0,23,23
188,0,0,23,23
189,0,0,23,23
190,0,0,23,23
191,0,0,23,23
192,0,0,23,23
193,0,0,23,23
194,0,0,23,23
195,0,0,23,23
196,0,0,23,23
197,0,0,23,23
198,0,0,23,23
199,0,0,23,23
200,0,0,23,23
201,0,0,23,23
202,0,0,23,23
203,0,0,23,23
