07-MotionCoherence 8
4,335,339,102,50
5,336,339,102,50
6,336,340,102,50
7,337,340,102,50
8,338,341,102,50
9,338,341,102,50
10,339,341,102,50
11,339,341,102,50
12,340,341,102,50
13,341,341,102,50
14,341,341,102,50
15,342,340,102,50
16,342,340,102,50
17,342,340,102,50
18,343,340,102,50
19,343,341,102,50
20,344,341,102,50
21,344,341,102,50
22,344,341,102,50
23,345,341,102,50
24,346,341,102,50
25,347,341,102,50
26,348,341,102,50
27,348,341,102,50
28,349,341,102,50
29,350,341,102,50
30,351,341,102,50
31,352,341,102,50
32,352,341,102,50
33,352,342,102,50
34,352,342,102,50
35,353,342,102,50
36,353,342,102,50
37,353,342,102,50
38,354,342,102,50
39,354,342,102,50
40,355,341,102,50
41,355,342,102,50
42,355,342,102,50
43,356,342,102,50
44,355,342,102,50
45,356,342,102,50
46,355,343,102,50
47,355,343,102,50
48,355,343,102,50
49,355,343,102,50
50,355,342,102,50
51,355,342,102,50
52,355,341,102,50
53,355,341,102,50
54,355,342,102,50
55,355,343,102,50
56,355,344,102,50
57,355,345,102,50
58,355,345,102,50
59,355,345,102,50
60,355,345,102,50
61,355,344,102,50
62,355,343,102,50
63,355,342,102,50
64,355,342,102,50
65,354,343,102,50
66,354,344,102,50
67,354,345,102,50
68,353,346,102,50
69,353,347,102,50
70,353,348,102,50
71,354,347,102,50
72,354,347,102,50
73,354,346,102,50
74,355,345,102,50
75,355,345,102,50
76,356,344,102,50
77,356,344,102,50
78,356,344,102,50
79,356,344,102,50
80,356,344,102,50
81,356,344,102,50
82,356,344,102,50
83,356,344,102,50
84,356,345,102,50
85,355,346,102,50
86,355,346,102,50
87,355,346,102,50
88,355,345,102,50
89,355,345,102,50
90,355,345,102,50
91,356,344,102,50
92,355,344,102,50
93,356,343,102,50
94,356,344,102,50
95,356,344,102,50
96,357,344,102,50
97,356,345,102,50
98,357,345,102,50
99,357,345,102,50
100,358,345,102,50
101,358,346,102,50
102,358,346,102,50
103,358,346,102,50
104,358,346,102,50
105,359,345,102,50
106,359,345,102,50
107,359,344,102,50
108,359,343,102,50
109,359,342,102,50
110,359,341,102,50
111,359,341,102,50
112,359,341,102,50
113,359,341,102,50
114,359,342,102,50
115,359,343,102,50
116,359,344,102,50
117,359,344,102,50
118,359,344,102,50
119,359,344,102,50
120,359,344,102,50
121,359,344,102,50
122,359,343,102,50
123,359,342,102,50
124,359,341,102,50
125,359,340,102,50
126,359,340,102,50
127,359,340,102,50
128,359,341,102,50
129,359,342,102,50
130,359,343,102,50
131,359,344,102,50
132,359,345,102,50
133,359,345,102,50
134,359,345,102,50
135,359,345,102,50
136,359,345,102,50
137,358,345,102,50
138,358,345,102,50
139,357,346,102,50
140,357,345,102,50
141,357,345,102,50
142,357,345,102,50
143,357,344,102,50
144,357,344,102,50
145,357,344,102,50
146,357,344,102,50
147,357,345,102,50
148,357,345,102,50
149,357,345,102,50
150,357,345,102,50
151,357,345,102,50
152,357,344,102,50
153,357,344,102,50
154,357,343,102,50
155,357,343,102,50
156,357,343,102,50
157,357,343,102,50
158,357,344,102,50
159,356,344,102,50
160,356,344,102,50
161,355,345,102,50
162,355,345,102,50
163,355,346,102,50
164,354,346,102,50
165,354,346,102,50
166,353,346,102,50
167,353,345,102,50
168,353,344,102,50
169,352,344,102,50
170,351,344,102,50
171,350,344,102,50
172,350,344,102,50
173,350,344,102,50
174,350,344,102,50
175,349,344,102,50
176,349,344,102,50
177,348,344,102,50
178,347,343,102,50
179,347,342,102,50
180,346,342,102,50
181,346,342,102,50
182,345,342,102,50
183,344,342,102,50
184,344,343,102,50
185,344,344,102,50
186,344,345,102,50
187,343,346,102,50
188,343,346,102,50
189,343,346,102,50
190,343,345,102,50
191,343,344,102,50
192,343,343,102,50
193,343,342,102,50
194,342,342,102,50
195,342,342,102,50
196,342,342,102,50
197,342,342,102,50
198,342,342,102,50
199,342,343,102,50
200,342,344,102,50
201,342,345,102,50
202,342,346,102,50
203,342,346,102,50
204,341,346,102,50
205,342,345,102,50
206,342,344,102,50
207,342,343,102,50
208,343,342,102,50
209,343,342,102,50
210,343,342,102,50
211,343,343,102,50
212,343,344,102,50
213,343,345,102,50
214,343,345,102,50
215,343,346,102,50
216,343,346,102,50
217,343,345,102,50
218,343,344,102,50
219,343,343,102,50
220,343,342,102,50
221,343,342,102,50
222,343,342,102,50
223,343,342,102,50
224,343,342,102,50
225,343,342,102,50
226,343,343,102,50
227,342,344,102,50
228,342,345,102,50
229,342,346,102,50
230,342,346,102,50
231,342,346,102,50
232,342,345,102,50
233,342,344,102,50
234,342,342,102,50
235,342,341,102,50
236,342,340,102,50
237,342,340,102,50
238,342,340,102,50
239,342,340,102,50
240,342,341,102,50
241,342,342,102,50
242,341,343,102,50
243,340,344,102,50
244,340,344,102,50
245,339,344,102,50
246,339,343,102,50
247,339,342,102,50
248,339,341,102,50
249,339,340,102,50
250,338,340,102,50
251,338,340,102,50
252,338,340,102,50
253,337,340,102,50
254,337,340,102,50
255,337,340,102,50
256,336,341,102,50
257,336,342,102,50
258,335,342,102,50
259,335,342,102,50
260,335,341,102,50
261,335,340,102,50
262,335,340,102,50
263,334,340,102,50
264,333,341,102,50
265,333,341,102,50
266,332,341,102,50
267,331,341,102,50
268,331,341,102,50
269,330,341,102,50
270,329,341,102,50
271,329,341,102,50
272,328,341,102,50
273,328,341,102,50
274,327,341,102,50
275,326,341,102,50
276,325,340,102,50
277,324,339,102,50
278,323,338,102,50
279,322,337,102,50
280,321,337,102,50
281,320,337,102,50
282,319,337,102,50
283,318,337,102,50
284,317,338,102,50
285,316,339,102,50
286,315,340,102,50
287,314,341,102,50
288,313,341,102,50
289,312,341,102,50
290,311,341,102,50
291,310,341,102,50
292,308,341,102,50
293,307,340,102,50
294,306,339,102,50
295,304,339,102,50
296,303,339,102,50
297,302,339,102,50
298,300,340,102,50
299,299,340,102,50
300,297,341,102,50
301,295,341,102,50
302,294,341,102,50
303,292,341,102,50
304,291,341,102,50
305,289,341,102,50
306,287,341,102,50
307,285,341,102,50
308,283,341,102,50
309,282,341,102,50
310,280,341,102,50
311,278,341,102,50
312,276,341,102,50
313,275,341,102,50
314,273,341,102,50
315,271,341,102,50
316,270,341,102,50
317,268,341,102,50
318,266,341,102,50
319,264,341,102,50
320,262,341,102,50
321,261,341,102,50
322,259,341,102,50
323,258,341,102,50
324,257,341,102,50
325,255,342,102,50
326,253,342,102,50
327,251,342,102,50
328,249,343,102,50
329,247,343,102,50
330,245,343,102,50
331,244,342,102,50
332,242,342,102,50
333,240,342,102,50
334,239,342,102,50
335,237,342,102,50
336,236,342,102,50
337,235,343,102,50
338,233,344,102,50
339,232,344,102,50
340,231,345,102,50
341,230,345,102,50
342,229,344,102,50
343,228,344,102,50
344,227,343,102,50
345,226,343,102,50
346,225,343,102,50
347,224,343,102,50
348,224,343,102,50
349,223,343,102,50
