07-MotionCoherence 6
10,902,592,60,65
11,905,591,60,65
12,908,590,60,65
13,911,588,60,65
14,914,588,60,65
15,917,587,60,65
16,919,586,60,65
17,922,585,60,65
18,924,583,60,65
19,927,582,60,65
20,930,580,60,65
21,933,581,60,65
22,935,580,60,65
23,939,578,60,65
24,943,577,60,65
25,946,576,60,65
26,949,575,60,65
27,952,574,60,65
28,956,573,60,65
29,959,572,60,65
30,962,571,60,65
31,965,573,60,65
32,968,582,60,65
33,971,592,60,65
34,973,596,60,65
35,976,596,60,65
36,980,597,60,65
37,983,597,60,65
38,987,598,60,65
39,989,598,60,65
40,992,599,60,65
41,995,598,60,65
42,998,598,60,65
43,1001,599,60,65
44,1004,599,60,65
45,1007,599,60,65
46,1009,599,60,65
47,1013,599,60,65
48,1015,600,60,65
49,1018,600,60,65
50,1020,600,60,65
51,1022,600,60,65
52,1024,600,60,65
53,1026,601,60,65
54,1028,601,60,65
55,1030,601,60,65
56,1031,601,60,65
57,1032,601,60,65
58,1033,599,60,65
59,1034,599,60,65
60,1035,599,60,65
61,1035,597,60,65
62,1026,596,60,65
63,1018,594,60,65
64,1016,593,60,65
65,1230,253,60,65
66,1228,255,60,65
67,1228,255,60,65
68,1228,255,60,65
69,1228,255,60,65
70,1228,255,60,65
71,1228,255,60,65
72,1224,255,60,65
73,1224,255,60,65
74,1224,255,60,65
75,1223,255,60,65
76,1223,255,60,65
77,1223,255,60,65
78,1223,256,60,65
79,1220,263,60,65
80,1220,263,60,65
81,1220,263,60,65
82,1219,263,60,65
83,1219,263,60,65
84,1220,268,60,65
85,1217,268,60,65
86,1215,270,60,65
87,1213,270,60,65
88,1214,270,60,65
89,1214,272,60,65
90,1214,273,60,65
91,1213,273,60,65
92,1213,274,60,65
93,1212,275,60,65
94,1211,276,60,65
95,1204,275,60,65
96,1195,275,60,65
97,1187,275,60,65
98,1178,276,60,65
99,1169,278,60,65
100,1160,279,60,65
101,1157,280,60,65
102,1156,282,60,65
103,1155,282,60,65
104,1154,284,60,65
105,1153,285,60,65
106,1152,288,60,65
107,1151,289,60,65
108,1150,290,60,65
109,1149,290,60,65
110,1147,292,60,65
111,1146,293,60,65
112,1145,294,60,65
113,1142,295,60,65
114,1143,297,60,65
115,1141,299,60,65
116,1139,301,60,65
117,1032,304,60,65
118,1033,301,60,65
119,1026,298,60,65
120,1004,298,60,65
121,1007,292,60,65
122,996,293,60,65
123,996,290,60,65
124,987,290,60,65
125,975,291,60,65
126,963,289,60,65
127,963,285,60,65
128,960,283,60,65
129,951,283,60,65
130,956,276,60,65
131,956,272,60,65
132,956,268,60,65
133,956,264,60,65
134,955,262,60,65
135,955,259,60,65
136,958,253,60,65
137,963,247,60,65
138,956,245,60,65
139,956,242,60,65
140,956,237,60,65
141,956,233,60,65
142,944,235,60,65
143,937,233,60,65
144,936,231,60,65
145,935,228,60,65
146,934,226,60,65
147,932,223,60,65
148,932,220,60,65
