07-MotionCoherence 3
1,269,217,23,22
2,269,217,23,22
3,269,217,23,22
4,269,217,23,22
5,269,216,23,22
6,269,216,23,22
7,269,216,23,22
8,269,216,23,22
9,269,216,23,22
10,269,216,23,22
11,269,216,23,22
12,269,216,23,22
13,269,216,23,22
14,269,216,23,22
15,267,216,23,22
16,267,216,23,22
17,267,216,23,22
18,267,216,23,22
19,267,216,23,22
20,267,216,23,22
21,267,216,23,22
22,267,216,23,22
23,268,216,23,22
24,268,216,23,22
25,268,216,23,22
26,268,216,23,22
27,237,237,23,22
28,237,237,23,22
29,237,237,23,22
30,237,237,23,22
31,237,238,23,22
32,237,238,23,22
33,237,238,23,22
34,237,238,23,22
35,237,238,23,22
36,237,238,23,22
37,237,238,23,22
38,237,238,23,22
39,304,113,23,22
40,304,113,23,22
41,304,113,23,22
42,304,113,23,22
43,304,113,23,22
44,304,113,23,22
45,0,0,23,22
46,0,0,23,22
47,0,0,23,22
48,0,0,23,22
49,0,0,23,22
50,0,0,23,22
51,0,0,23,22
52,0,0,23,22
53,0,0,23,22
54,0,0,23,22
55,0,0,23,22
56,0,0,23,22
57,0,0,23,22
58,0,0,23,22
59,0,0,23,22
60,0,0,23,22
61,0,0,23,22
62,0,0,23,22
63,0,0,23,22
64,0,0,23,22
65,0,0,23,22
66,0,0,23,22
67,0,0,23,22
68,0,0,23,22
69,0,0,23,22
70,0,0,23,22
71,0,0,23,22
72,0,0,23,22
73,0,0,23,22
74,0,0,23,22
75,0,0,23,22
76,0,0,23,22
77,0,0,23,22
78,0,0,23,22
79,0,0,23,22
80,0,0,23,22
81,0,0,23,22
82,0,0,23,22
83,0,0,23,22
84,0,0,23,22
85,0,0,23,22
86,0,0,23,22
87,0,0,23,22
88,0,0,23,22
89,0,0,23,22
90,0,0,23,22
91,0,0,23,22
92,0,0,23,22
93,0,0,23,22
94,0,0,23,22
95,0,0,23,22
96,0,0,23,22
97,0,0,23,22
98,0,0,23,22
99,0,0,23,22
100,0,0,23,22
101,0,0,23,22
102,0,0,23,22
103,0,0,23,22
104,0,0,23,22
105,0,0,23,22
106,0,0,23,22
107,0,0,23,22
108,0,0,23,22
109,0,0,23,22
110,0,0,23,22
111,0,0,23,22
112,0,0,23,22
113,0,0,23,22
114,0,0,23,22
115,0,0,23,22
116,0,0,23,22
117,0,0,23,22
118,0,0,23,22
119,0,0,23,22
120,0,0,23,22
121,0,0,23,22
122,0,0,23,22
123,0,0,23,22
124,0,0,23,22
125,0,0,23,22
126,0,0,23,22
127,0,0,23,22
128,0,0,23,22
129,0,0,23,22
130,0,0,23,22
131,0,0,23,22
132,0,0,23,22
133,0,0,23,22
134,0,0,23,22
135,0,0,23,22
136,0,0,23,22
137,0,0,23,22
138,0,0,23,22
139,0,0,23,22
140,0,0,23,22
141,0,0,23,22
142,0,0,23,22
143,0,0,23,22
144,0,0,23,22
145,0,0,23,22
146,0,0,23,22
147,0,0,23,22
148,0,0,23,22
149,0,0,23,22
150,0,0,23,22
151,0,0,23,22
152,0,0,23,22
153,0,0,23,22
154,0,0,23,22
155,0,0,23,22
156,0,0,23,22
157,0,0,23,22
158,0,0,23,22
159,0,0,23,22
160,0,0,23,22
161,0,0,23,22
162,0,0,23,22
163,0,0,23,22
164,0,0,23,22
165,0,0,23,22
166,0,0,23,22
167,0,0,23,22
168,0,0,23,22
169,0,0,23,22
170,0,0,23,22
171,0,0,23,22
172,0,0,23,22
173,0,0,23,22
174,0,0,23,22
