08-Clutter 13
1,608,266,77,69
2,608,266,77,69
3,608,267,77,69
4,607,268,77,69
5,609,269,77,69
6,612,270,77,69
7,612,270,77,69
8,613,271,77,69
9,616,271,77,69
10,621,273,77,69
11,624,273,77,69
12,624,273,77,69
13,625,274,77,69
14,628,275,77,69
15,633,275,77,69
16,638,277,77,69
17,638,277,77,69
18,640,278,77,69
19,642,278,77,69
20,644,279,77,69
21,647,281,77,69
22,647,281,77,69
23,649,282,77,69
24,655,283,77,69
25,660,283,77,69
26,665,284,77,69
27,665,284,77,69
28,668,284,77,69
29,671,283,77,69
30,675,282,77,69
31,675,282,77,69
32,677,282,77,69
33,678,281,77,69
34,680,280,77,69
35,684,280,77,69
36,684,280,77,69
37,689,280,77,69
38,692,279,77,69
39,693,278,77,69
40,697,278,77,69
41,697,278,77,69
42,701,278,77,69
43,708,279,77,69
44,714,278,77,69
45,716,279,77,69
46,716,279,77,69
47,717,279,77,69
48,721,276,77,69
49,726,276,77,69
50,732,277,77,69
51,732,277,77,69
52,736,275,77,69
53,741,271,77,69
54,746,270,77,69
55,750,267,77,69
56,750,267,77,69
57,753,266,77,69
58,757,266,77,69
59,762,267,77,69
60,766,268,77,69
61,766,268,77,69
62,771,267,77,69
63,774,266,77,69
64,777,266,77,69
65,780,266,77,69
66,780,266,77,69
67,784,265,77,69
68,788,263,77,69
69,791,261,77,69
70,795,259,77,69
71,795,259,77,69
72,801,259,77,69
73,806,259,77,69
74,810,257,77,69
75,813,255,77,69
76,813,255,77,69
77,816,253,77,69
78,820,251,77,69
79,825,252,77,69
80,828,252,77,69
81,828,252,77,69
82,831,252,77,69
83,836,252,77,69
84,840,251,77,69
85,843,250,77,69
86,843,250,77,69
87,846,248,77,69
88,851,248,77,69
89,857,248,77,69
90,862,249,77,69
91,862,249,77,69
92,868,249,77,69
93,870,247,77,69
94,868,247,77,69
95,868,246,77,69
96,868,246,77,69
97,876,248,77,69
98,883,250,77,69
99,888,252,77,69
100,888,253,77,69
101,888,253,77,69
102,885,252,77,69
103,883,252,77,69
104,884,252,77,69
105,889,253,77,69
106,889,253,77,69
107,894,255,77,69
108,898,254,77,69
109,901,254,77,69
110,899,254,77,69
111,899,254,77,69
112,899,253,77,69
113,902,253,77,69
114,907,252,77,69
115,915,253,77,69
116,915,253,77,69
117,919,253,77,69
118,919,252,77,69
119,919,253,77,69
120,920,253,77,69
121,920,253,77,69
122,923,253,77,69
123,927,253,77,69
124,927,254,77,69
125,925,254,77,69
126,925,254,77,69
127,924,253,77,69
128,927,251,77,69
129,934,251,77,69
130,942,252,77,69
131,942,252,77,69
132,945,252,77,69
133,947,253,77,69
134,950,253,77,69
135,956,253,77,69
136,956,253,77,69
137,959,253,77,69
138,962,253,77,69
139,966,254,77,69
140,970,254,77,69
141,970,254,77,69
142,973,254,77,69
143,977,253,77,69
144,979,253,77,69
145,983,253,77,69
146,983,253,77,69
147,989,254,77,69
148,995,254,77,69
149,1000,255,77,69
150,1005,256,77,69
151,1005,256,77,69
152,1014,257,77,69
153,1019,258,77,69
154,1022,257,77,69
155,1024,257,77,69
156,1024,257,77,69
157,1028,258,77,69
158,1032,257,77,69
159,1034,256,77,69
160,1038,255,77,69
161,1038,255,77,69
162,1045,255,77,69
163,1050,254,77,69
164,1057,254,77,69
165,1066,252,77,69
166,1066,252,77,69
167,1081,250,77,69
168,1086,249,77,69
169,1088,248,77,69
170,1090,247,77,69
171,1090,247,77,69
172,1094,246,77,69
173,1104,245,77,69
174,1114,244,77,69
175,1120,242,77,69
176,1120,242,77,69
177,1128,241,77,69
178,1131,239,77,69
179,1134,237,77,69
180,1142,236,77,69
181,1142,236,77,69
182,1149,236,77,69
183,1155,236,77,69
184,1159,234,77,69
185,1161,234,77,69
186,1161,234,77,69
187,1163,235,77,69
188,1170,235,77,69
189,1177,236,77,69
190,1185,235,77,69
191,1185,235,77,69
