08-Clutter 7
92,297,407,143,275
93,297,407,143,275
94,297,410,143,275
95,297,410,143,275
96,296,413,143,275
97,296,413,143,275
98,292,414,143,275
99,292,414,143,275
100,288,415,143,275
101,288,415,143,275
102,288,419,143,275
103,288,419,143,275
104,298,425,143,275
105,298,425,143,275
106,315,422,143,275
107,315,422,143,275
108,336,413,143,275
109,372,398,143,275
110,372,398,143,275
111,376,374,143,275
112,376,374,143,275
113,371,354,143,275
114,371,354,143,275
115,377,332,143,275
116,377,332,143,275
117,391,326,143,275
118,391,326,143,275
119,406,335,143,275
120,406,335,143,275
121,414,336,143,275
122,414,336,143,275
123,427,348,143,275
124,427,348,143,275
125,445,357,143,275
126,445,357,143,275
127,462,362,143,275
128,462,362,143,275
129,477,368,143,275
130,477,368,143,275
131,491,378,143,275
132,491,378,143,275
133,510,381,143,275
134,510,381,143,275
135,532,378,143,275
136,532,378,143,275
137,555,376,143,275
138,555,376,143,275
139,571,381,143,275
140,571,381,143,275
141,592,378,143,275
142,592,378,143,275
143,601,381,143,275
144,601,381,143,275
145,609,389,143,275
146,609,389,143,275
147,627,405,143,275
148,627,405,143,275
149,644,419,143,275
150,644,419,143,275
