08-Clutter 9
16,207,75,69,89
17,209,76,69,89
18,210,78,69,89
19,213,79,69,89
20,216,80,69,89
21,219,81,69,89
22,222,83,69,89
23,227,86,69,89
24,233,87,69,89
25,235,87,69,89
26,234,87,69,89
27,231,87,69,89
28,227,89,69,89
29,222,92,69,89
30,217,96,69,89
31,210,100,69,89
32,200,103,69,89
33,193,106,69,89
34,187,109,69,89
35,182,113,69,89
36,180,120,69,89
37,181,124,69,89
38,184,123,69,89
39,189,118,69,89
40,199,113,69,89
41,207,110,69,89
42,218,107,69,89
43,227,104,69,89
44,237,99,69,89
45,250,93,69,89
46,264,89,69,89
47,277,90,69,89
48,289,93,69,89
49,301,99,69,89
50,310,106,69,89
51,316,110,69,89
52,319,109,69,89
53,319,108,69,89
54,318,107,69,89
55,315,107,69,89
56,309,107,69,89
57,298,107,69,89
58,284,107,69,89
59,272,104,69,89
60,261,102,69,89
61,249,102,69,89
62,236,105,69,89
63,226,111,69,89
64,221,116,69,89
65,216,117,69,89
66,212,117,69,89
67,211,117,69,89
68,214,118,69,89
69,220,119,69,89
70,228,119,69,89
71,233,116,69,89
72,239,115,69,89
73,245,112,69,89
74,247,111,69,89
75,249,111,69,89
76,254,113,69,89
77,260,117,69,89
78,261,121,69,89
79,265,126,69,89
80,272,131,69,89
81,276,136,69,89
82,279,141,69,89
83,285,145,69,89
84,293,148,69,89
85,297,150,69,89
86,304,152,69,89
87,309,154,69,89
88,311,156,69,89
89,313,158,69,89
90,316,161,69,89
91,319,160,69,89
92,321,156,69,89
93,323,159,69,89
94,325,161,69,89
95,328,155,69,89
96,333,152,69,89
97,338,151,69,89
98,347,148,69,89
99,357,146,69,89
100,366,144,69,89
101,375,143,69,89
102,386,142,69,89
103,401,142,69,89
104,417,144,69,89
105,433,148,69,89
106,447,156,69,89
107,457,164,69,89
108,468,170,69,89
109,480,178,69,89
110,489,185,69,89
111,501,191,69,89
112,513,194,69,89
113,524,196,69,89
114,534,199,69,89
115,544,200,69,89
116,554,201,69,89
117,565,205,69,89
118,0,209,69,89
119,6,217,69,89
120,12,226,69,89
