09-Confusion 31
73,472,463,57,227
74,473,462,57,227
75,473,462,57,227
76,474,461,57,227
77,475,461,57,227
78,476,461,57,227
79,476,461,57,227
80,476,461,57,227
81,476,461,57,227
82,477,461,57,227
83,478,462,57,227
84,478,463,57,227
85,478,464,57,227
86,478,464,57,227
87,478,464,57,227
88,478,464,57,227
89,478,464,57,227
90,478,463,57,227
91,478,463,57,227
92,479,463,57,227
93,479,463,57,227
94,479,463,57,227
95,480,464,57,227
96,481,465,57,227
97,482,466,57,227
98,483,467,57,227
99,483,467,57,227
100,483,467,57,227
101,484,468,57,227
102,485,468,57,227
103,486,468,57,227
104,487,467,57,227
105,487,467,57,227
106,488,466,57,227
107,489,464,57,227
108,490,463,57,227
109,491,462,57,227
110,491,461,57,227
111,491,461,57,227
112,492,460,57,227
113,493,460,57,227
114,494,460,57,227
115,494,460,57,227
116,495,460,57,227
117,495,460,57,227
118,496,461,57,227
119,497,463,57,227
120,498,464,57,227
121,498,464,57,227
122,498,464,57,227
123,498,464,57,227
124,498,464,57,227
125,498,463,57,227
126,499,463,57,227
127,500,463,57,227
128,501,464,57,227
129,501,464,57,227
130,502,465,57,227
131,503,467,57,227
132,504,467,57,227
133,505,467,57,227
134,507,467,57,227
135,507,467,57,227
136,508,467,57,227
137,509,467,57,227
138,511,466,57,227
139,512,465,57,227
140,513,463,57,227
141,513,463,57,227
142,514,462,57,227
143,515,461,57,227
144,516,461,57,227
145,517,461,57,227
146,518,461,57,227
147,518,461,57,227
148,519,461,57,227
149,520,461,57,227
150,521,461,57,227
151,522,462,57,227
152,523,463,57,227
153,523,463,57,227
154,524,464,57,227
155,524,463,57,227
156,524,462,57,227
157,524,461,57,227
158,524,461,57,227
159,524,461,57,227
160,525,461,57,227
161,526,461,57,227
162,527,461,57,227
163,528,462,57,227
164,528,462,57,227
165,528,462,57,227
166,529,463,57,227
167,530,464,57,227
168,531,464,57,227
169,533,464,57,227
170,534,463,57,227
171,534,463,57,227
172,535,461,57,227
173,536,460,57,227
174,537,459,57,227
175,538,458,57,227
176,539,458,57,227
177,539,458,57,227
178,539,458,57,227
