09-Confusion 30
5,745,212,67,168
6,750,217,67,168
7,750,217,67,168
8,766,221,67,168
9,773,217,67,168
10,773,217,67,168
11,788,208,67,168
12,788,208,67,168
13,815,242,67,168
14,166,354,67,168
15,166,354,67,168
16,92,547,67,168
17,73,548,67,168
18,73,548,67,168
19,365,46,67,168
20,371,47,67,168
21,371,47,67,168
22,386,41,67,168
23,392,44,67,168
24,392,44,67,168
25,408,42,67,168
26,410,35,67,168
27,410,35,67,168
28,410,35,67,168
29,404,33,67,168
30,400,33,67,168
31,395,28,67,168
32,395,28,67,168
33,388,26,67,168
34,381,28,67,168
35,375,30,67,168
36,375,30,67,168
37,364,36,67,168
38,357,34,67,168
39,349,31,67,168
40,349,31,67,168
41,319,26,67,168
42,303,23,67,168
43,287,24,67,168
44,287,24,67,168
45,249,26,67,168
46,234,34,67,168
47,213,36,67,168
48,194,34,67,168
49,194,34,67,168
50,156,29,67,168
51,140,24,67,168
52,125,21,67,168
53,107,24,67,168
54,107,24,67,168
55,67,24,67,168
56,50,27,67,168
57,31,29,67,168
58,13,29,67,168
59,0,31,67,168
60,0,33,67,168
61,0,33,67,168
62,0,33,67,168
63,0,37,67,168
64,0,37,67,168
65,0,38,67,168
66,9,39,67,168
67,1,40,67,168
68,0,46,67,168
69,0,54,67,168
70,0,55,67,168
71,0,54,67,168
72,0,55,67,168
73,0,57,67,168
74,0,58,67,168
75,770,66,67,168
76,758,65,67,168
77,742,65,67,168
78,721,67,67,168
79,701,66,67,168
80,682,63,67,168
81,661,60,67,168
82,643,58,67,168
83,621,57,67,168
84,600,57,67,168
85,576,57,67,168
86,550,58,67,168
87,520,63,67,168
88,491,62,67,168
89,461,59,67,168
90,426,57,67,168
91,387,61,67,168
92,353,60,67,168
93,320,55,67,168
94,288,47,67,168
95,259,44,67,168
96,232,39,67,168
97,208,39,67,168
98,184,39,67,168
99,160,42,67,168
100,134,39,67,168
101,114,41,67,168
102,88,43,67,168
103,65,46,67,168
104,43,51,67,168
105,30,54,67,168
106,14,54,67,168
107,0,57,67,168
108,0,60,67,168
109,0,65,67,168
110,0,65,67,168
111,0,65,67,168
112,0,65,67,168
113,0,65,67,168
114,0,65,67,168
115,0,57,67,168
116,0,57,67,168
117,0,57,67,168
118,0,40,67,168
119,24,338,67,168
120,14,342,67,168
121,14,342,67,168
122,1,345,67,168
123,1,345,67,168
124,0,347,67,168
125,0,347,67,168
126,0,345,67,168
127,0,346,67,168
128,0,344,67,168
129,0,337,67,168
130,0,335,67,168
131,804,509,67,168
132,802,511,67,168
133,806,515,67,168
134,803,512,67,168
135,796,504,67,168
136,787,500,67,168
137,778,499,67,168
138,772,501,67,168
139,768,503,67,168
140,761,501,67,168
141,759,499,67,168
142,755,500,67,168
143,750,498,67,168
144,746,497,67,168
145,745,499,67,168
146,741,498,67,168
147,739,496,67,168
148,738,491,67,168
149,742,483,67,168
150,740,486,67,168
151,736,492,67,168
152,731,495,67,168
153,726,497,67,168
154,722,499,67,168
155,720,504,67,168
156,718,505,67,168
157,716,507,67,168
158,715,506,67,168
159,714,507,67,168
160,713,510,67,168
161,709,509,67,168
162,703,509,67,168
163,698,512,67,168
164,693,512,67,168
165,688,513,67,168
166,687,514,67,168
167,686,510,67,168
168,686,508,67,168
169,685,506,67,168
170,683,503,67,168
171,683,504,67,168
172,692,505,67,168
173,697,502,67,168
174,706,499,67,168
175,712,497,67,168
176,715,497,67,168
177,715,495,67,168
178,718,495,67,168
179,724,494,67,168
180,729,494,67,168
181,734,493,67,168
182,736,491,67,168
183,738,494,67,168
184,741,500,67,168
185,745,500,67,168
186,746,498,67,168
187,748,498,67,168
188,748,500,67,168
189,746,502,67,168
190,747,503,67,168
191,748,501,67,168
192,746,500,67,168
193,744,496,67,168
194,746,494,67,168
195,747,494,67,168
196,747,495,67,168
197,746,496,67,168
198,746,496,67,168
199,744,496,67,168
200,743,500,67,168
201,744,503,67,168
202,742,503,67,168
203,740,501,67,168
204,741,504,67,168
205,741,503,67,168
