09-Confusion 19
4,433,117,19,16
5,433,117,19,16
6,433,117,19,16
7,157,244,19,16
8,347,229,19,16
9,416,24,19,16
10,422,19,19,16
11,422,19,19,16
12,422,19,19,16
13,418,19,19,16
14,418,20,19,16
15,418,20,19,16
16,25,524,19,16
17,25,524,19,16
18,176,215,19,16
19,176,215,19,16
20,176,215,19,16
21,246,122,19,16
22,253,162,19,16
23,253,162,19,16
24,253,162,19,16
25,232,184,19,16
26,80,75,19,16
27,80,75,19,16
28,90,79,19,16
29,281,495,19,16
30,652,42,19,16
31,454,25,19,16
32,456,19,19,16
33,459,324,19,16
34,459,324,19,16
35,481,25,19,16
36,481,25,19,16
37,644,87,19,16
38,473,317,19,16
39,473,317,19,16
40,473,317,19,16
41,470,319,19,16
42,470,319,19,16
43,470,319,19,16
44,469,315,19,16
45,469,315,19,16
46,469,315,19,16
47,517,22,19,16
48,517,22,19,16
49,517,22,19,16
50,402,45,19,16
51,220,76,19,16
52,220,76,19,16
53,679,151,19,16
54,680,151,19,16
55,680,151,19,16
56,680,151,19,16
57,680,165,19,16
