09-Confusion 7
106,731,669,63,102
107,732,669,63,102
108,732,669,63,102
109,733,669,63,102
110,733,669,63,102
111,734,669,63,102
112,735,668,63,102
113,736,668,63,102
114,737,667,63,102
115,738,667,63,102
116,740,667,63,102
117,742,666,63,102
118,744,665,63,102
119,746,665,63,102
120,748,664,63,102
121,751,663,63,102
122,754,662,63,102
123,758,661,63,102
124,761,660,63,102
125,765,659,63,102
126,769,658,63,102
127,773,656,63,102
128,779,653,63,102
129,784,651,63,102
130,789,649,63,102
131,794,647,63,102
132,800,645,63,102
133,806,643,63,102
134,812,641,63,102
135,818,640,63,102
136,824,639,63,102
137,830,637,63,102
138,835,635,63,102
139,840,633,63,102
140,845,631,63,102
141,851,629,63,102
142,855,627,63,102
143,859,625,63,102
144,864,623,63,102
145,869,621,63,102
146,873,619,63,102
147,877,617,63,102
148,881,615,63,102
149,885,613,63,102
150,889,611,63,102
151,893,609,63,102
152,897,607,63,102
153,901,605,63,102
154,904,603,63,102
155,907,601,63,102
156,911,598,63,102
157,915,596,63,102
158,918,593,63,102
159,921,590,63,102
160,924,588,63,102
161,927,586,63,102
162,930,584,63,102
163,933,583,63,102
164,936,582,63,102
165,939,581,63,102
166,941,580,63,102
167,944,579,63,102
168,947,578,63,102
169,949,578,63,102
170,951,579,63,102
171,953,580,63,102
172,955,581,63,102
173,957,582,63,102
174,959,583,63,102
175,960,583,63,102
176,962,583,63,102
177,964,583,63,102
178,966,583,63,102
179,968,583,63,102
180,970,583,63,102
181,972,583,63,102
182,975,583,63,102
183,978,583,63,102
184,981,583,63,102
185,984,583,63,102
186,987,583,63,102
187,990,584,63,102
188,994,584,63,102
189,998,584,63,102
190,1002,583,63,102
191,1007,581,63,102
192,1012,580,63,102
193,1017,580,63,102
194,1023,580,63,102
195,1029,580,63,102
196,1035,579,63,102
