09-Confusion 2
3,459,18,52,80
4,459,21,52,80
5,460,24,52,80
6,463,26,52,80
7,465,29,52,80
8,465,32,52,80
9,465,36,52,80
10,466,39,52,80
11,466,43,52,80
12,464,47,52,80
13,462,51,52,80
14,461,56,52,80
15,461,60,52,80
16,459,65,52,80
17,458,69,52,80
18,459,71,52,80
19,459,74,52,80
20,459,77,52,80
21,459,80,52,80
22,459,83,52,80
23,459,86,52,80
24,459,89,52,80
25,461,92,52,80
26,462,96,52,80
27,462,100,52,80
28,461,103,52,80
29,461,107,52,80
30,460,111,52,80
31,460,114,52,80
32,460,117,52,80
33,460,119,52,80
34,460,121,52,80
35,461,122,52,80
36,461,123,52,80
37,461,125,52,80
38,462,127,52,80
39,462,130,52,80
40,462,134,52,80
41,462,137,52,80
42,462,140,52,80
43,462,144,52,80
44,463,147,52,80
45,464,150,52,80
46,465,153,52,80
47,466,156,52,80
48,467,158,52,80
49,467,161,52,80
50,467,165,52,80
51,467,168,52,80
52,467,169,52,80
53,468,170,52,80
54,468,172,52,80
55,468,176,52,80
56,468,181,52,80
57,468,185,52,80
58,468,189,52,80
59,468,193,52,80
60,468,197,52,80
61,468,201,52,80
62,468,204,52,80
63,468,207,52,80
64,468,210,52,80
65,468,213,52,80
66,468,215,52,80
67,467,218,52,80
68,467,221,52,80
69,467,225,52,80
70,467,229,52,80
71,467,233,52,80
72,467,237,52,80
73,467,241,52,80
74,467,244,52,80
75,467,247,52,80
76,467,250,52,80
77,468,253,52,80
78,468,256,52,80
79,468,259,52,80
80,468,262,52,80
81,468,265,52,80
82,468,268,52,80
83,468,271,52,80
84,467,275,52,80
85,467,279,52,80
86,467,283,52,80
87,466,287,52,80
88,466,290,52,80
89,465,294,52,80
90,464,298,52,80
91,464,301,52,80
92,464,304,52,80
93,464,308,52,80
94,464,311,52,80
95,464,315,52,80
96,464,318,52,80
97,463,322,52,80
98,463,325,52,80
99,462,329,52,80
100,461,333,52,80
101,460,337,52,80
102,459,340,52,80
103,459,343,52,80
104,459,346,52,80
105,458,349,52,80
106,457,352,52,80
107,456,355,52,80
108,455,358,52,80
109,454,361,52,80
110,454,364,52,80
111,454,367,52,80
112,453,370,52,80
113,452,373,52,80
114,451,376,52,80
115,450,379,52,80
116,449,382,52,80
117,448,385,52,80
118,447,388,52,80
119,446,392,52,80
120,445,395,52,80
121,444,398,52,80
122,443,401,52,80
123,442,405,52,80
124,441,409,52,80
125,439,413,52,80
126,437,417,52,80
127,436,420,52,80
128,436,423,52,80
129,435,426,52,80
130,434,430,52,80
131,433,434,52,80
132,432,437,52,80
133,431,440,52,80
134,430,443,52,80
135,428,447,52,80
136,427,450,52,80
137,426,453,52,80
138,425,456,52,80
139,424,459,52,80
140,423,462,52,80
141,421,465,52,80
142,419,469,52,80
143,417,472,52,80
144,415,475,52,80
145,413,478,52,80
146,411,481,52,80
147,409,484,52,80
148,407,487,52,80
149,405,490,52,80
150,403,493,52,80
151,401,496,52,80
152,399,499,52,80
153,397,502,52,80
154,395,505,52,80
155,393,508,52,80
156,391,511,52,80
157,389,514,52,80
158,387,518,52,80
159,386,521,52,80
160,384,525,52,80
161,382,527,52,80
162,380,530,52,80
163,378,533,52,80
164,376,536,52,80
165,374,539,52,80
166,371,542,52,80
167,368,545,52,80
168,365,548,52,80
169,362,552,52,80
170,359,555,52,80
171,356,558,52,80
172,353,560,52,80
173,350,563,52,80
174,347,566,52,80
175,344,569,52,80
176,341,572,52,80
177,338,574,52,80
178,335,576,52,80
179,332,578,52,80
180,328,581,52,80
181,324,585,52,80
182,321,588,52,80
183,318,591,52,80
184,315,594,52,80
185,312,598,52,80
186,308,601,52,80
187,305,604,52,80
188,301,607,52,80
189,298,609,52,80
190,295,611,52,80
191,292,614,52,80
192,289,616,52,80
193,285,618,52,80
