09-Confusion 8
74,528,250,87,36
75,518,250,87,36
76,508,253,87,36
77,497,257,87,36
78,486,262,87,36
79,475,268,87,36
80,463,277,87,36
81,448,287,87,36
82,433,294,87,36
83,417,296,87,36
84,401,295,87,36
85,383,293,87,36
86,362,291,87,36
87,342,290,87,36
88,326,291,87,36
89,313,292,87,36
90,301,292,87,36
91,291,292,87,36
92,280,291,87,36
93,272,290,87,36
94,266,289,87,36
95,257,285,87,36
96,247,282,87,36
97,235,278,87,36
98,222,273,87,36
99,206,269,87,36
100,191,267,87,36
101,175,266,87,36
102,160,267,87,36
103,145,268,87,36
104,128,268,87,36
105,112,268,87,36
106,102,269,87,36
107,91,269,87,36
108,81,269,87,36
109,72,270,87,36
110,66,270,87,36
111,62,270,87,36
112,58,272,87,36
113,52,274,87,36
114,44,277,87,36
115,36,281,87,36
116,27,284,87,36
117,16,286,87,36
118,6,288,87,36
119,2,290,87,36
