09-Confusion 14
1,1096,610,53,56
2,1054,603,53,56
3,1057,607,53,56
4,1062,611,53,56
5,1070,618,53,56
6,1078,623,53,56
7,1083,628,53,56
8,1091,632,53,56
9,1099,636,53,56
10,1104,641,53,56
11,1111,645,53,56
12,1117,649,53,56
13,1135,649,53,56
14,1142,653,53,56
15,1149,657,53,56
16,1158,661,53,56
17,1164,663,53,56
18,1169,663,53,56
19,1174,663,53,56
20,1181,663,53,56
21,1186,663,53,56
22,1193,663,53,56
23,1200,663,53,56
24,1206,663,53,56
25,1212,663,53,56
26,1219,663,53,56
27,1225,663,53,56
28,1226,663,53,56
29,1226,663,53,56
30,1226,663,53,56
31,0,0,53,56
32,2,2,53,56
33,1,3,53,56
34,0,5,53,56
35,79,20,53,56
36,74,20,53,56
37,67,20,53,56
38,59,20,53,56
39,49,20,53,56
40,37,20,53,56
41,23,20,53,56
42,7,20,53,56
43,50,29,53,56
44,31,28,53,56
45,12,27,53,56
46,4,26,53,56
47,193,41,53,56
48,169,39,53,56
49,141,37,53,56
50,110,35,53,56
51,79,33,53,56
52,44,32,53,56
53,23,32,53,56
54,6,29,53,56
55,368,585,53,56
56,330,585,53,56
57,290,585,53,56
58,248,586,53,56
59,206,588,53,56
60,160,591,53,56
61,117,593,53,56
62,267,602,53,56
63,224,603,53,56
