09-Confusion 13
18,31,57,25,65
19,34,63,25,65
20,37,67,25,65
21,40,70,25,65
22,43,72,25,65
23,46,73,25,65
24,52,74,25,65
25,60,75,25,65
26,68,77,25,65
27,76,80,25,65
28,84,83,25,65
29,93,87,25,65
30,101,90,25,65
31,110,94,25,65
32,119,98,25,65
33,128,102,25,65
34,137,106,25,65
35,143,108,25,65
36,147,113,25,65
37,150,119,25,65
38,153,124,25,65
39,156,127,25,65
40,159,129,25,65
41,163,131,25,65
42,167,133,25,65
43,170,135,25,65
44,173,137,25,65
45,176,139,25,65
46,413,241,25,65
47,417,243,25,65
48,420,245,25,65
49,423,247,25,65
50,426,249,25,65
51,429,251,25,65
52,432,253,25,65
53,435,255,25,65
54,438,257,25,65
55,441,258,25,65
56,444,259,25,65
57,447,260,25,65
58,450,261,25,65
59,453,262,25,65
60,454,263,25,65
61,73,89,25,65
62,76,93,25,65
