10-LowContrast 19
93,585,455,40,65
94,587,455,40,65
95,588,455,40,65
96,589,455,40,65
97,590,455,40,65
98,591,455,40,65
99,593,454,40,65
100,595,453,40,65
101,597,453,40,65
102,599,453,40,65
103,601,452,40,65
104,603,451,40,65
105,606,450,40,65
106,609,449,40,65
107,612,447,40,65
108,615,445,40,65
109,617,444,40,65
110,619,443,40,65
111,621,441,40,65
112,622,440,40,65
113,622,439,40,65
114,622,438,40,65
115,621,436,40,65
116,620,435,40,65
117,619,434,40,65
118,618,433,40,65
119,617,431,40,65
120,615,429,40,65
121,613,428,40,65
122,611,427,40,65
123,608,426,40,65
124,604,425,40,65
125,600,425,40,65
126,595,425,40,65
127,589,424,40,65
128,583,424,40,65
129,575,424,40,65
130,568,425,40,65
131,560,425,40,65
132,552,425,40,65
133,543,426,40,65
134,534,427,40,65
135,525,428,40,65
136,515,429,40,65
137,505,431,40,65
138,495,433,40,65
139,485,434,40,65
140,474,435,40,65
141,463,437,40,65
142,452,439,40,65
143,442,441,40,65
144,431,443,40,65
145,420,445,40,65
146,409,446,40,65
147,399,447,40,65
148,389,447,40,65
149,379,447,40,65
150,369,447,40,65
151,359,447,40,65
152,349,447,40,65
153,339,448,40,65
154,328,449,40,65
155,317,450,40,65
156,306,451,40,65
157,295,452,40,65
158,284,453,40,65
159,273,454,40,65
160,262,454,40,65
161,251,455,40,65
162,240,455,40,65
163,229,455,40,65
164,218,456,40,65
165,207,457,40,65
166,196,458,40,65
167,185,460,40,65
168,174,463,40,65
169,164,465,40,65
170,153,468,40,65
171,143,471,40,65
172,133,474,40,65
173,123,477,40,65
174,113,480,40,65
175,103,483,40,65
176,93,486,40,65
177,82,489,40,65
178,72,491,40,65
179,62,494,40,65
180,52,497,40,65
181,43,499,40,65
182,33,501,40,65
183,23,503,40,65
184,13,505,40,65
185,3,507,40,65
186,590,481,40,65
187,583,482,40,65
188,577,483,40,65
189,571,484,40,65
190,566,485,40,65
191,561,486,40,65
192,556,486,40,65
193,551,486,40,65
194,546,486,40,65
195,542,486,40,65
196,537,487,40,65
197,532,487,40,65
198,527,487,40,65
199,522,487,40,65
200,517,487,40,65
201,513,487,40,65
202,508,487,40,65
203,503,487,40,65
204,498,487,40,65
205,494,486,40,65
206,490,486,40,65
207,485,486,40,65
208,480,486,40,65
209,475,486,40,65
210,470,486,40,65
211,617,466,40,65
212,612,466,40,65
213,607,466,40,65
214,603,466,40,65
215,598,467,40,65
216,593,468,40,65
217,589,469,40,65
218,586,470,40,65
219,583,471,40,65
220,580,472,40,65
221,578,473,40,65
222,576,474,40,65
223,574,475,40,65
224,572,476,40,65
225,570,477,40,65
226,568,478,40,65
227,566,479,40,65
228,564,480,40,65
229,562,481,40,65
230,560,482,40,65
231,558,483,40,65
232,556,484,40,65
233,553,485,40,65
234,550,486,40,65
235,547,486,40,65
236,544,486,40,65
237,541,486,40,65
238,538,486,40,65
239,535,486,40,65
240,531,486,40,65
241,528,487,40,65
242,524,488,40,65
243,520,489,40,65
244,516,490,40,65
245,512,491,40,65
246,508,492,40,65
247,504,493,40,65
248,500,494,40,65
249,496,495,40,65
250,493,496,40,65
251,490,496,40,65
252,487,496,40,65
253,484,496,40,65
