10-LowContrast 18
21,196,324,76,90
22,193,322,76,90
23,186,321,76,90
24,195,328,76,90
25,201,336,76,90
26,204,340,76,90
27,208,342,76,90
28,211,341,76,90
29,216,339,76,90
30,220,335,76,90
31,224,332,76,90
32,229,330,76,90
33,234,327,76,90
34,238,322,76,90
35,244,320,76,90
36,250,319,76,90
37,257,315,76,90
38,265,311,76,90
39,272,308,76,90
40,279,306,76,90
41,284,303,76,90
42,290,310,76,90
43,295,312,76,90
44,302,315,76,90
45,307,317,76,90
46,314,318,76,90
47,322,319,76,90
48,328,319,76,90
49,336,320,76,90
50,342,319,76,90
51,348,319,76,90
52,354,317,76,90
53,361,317,76,90
54,366,312,76,90
55,371,310,76,90
56,377,309,76,90
57,381,316,76,90
58,383,320,76,90
59,388,322,76,90
60,394,335,76,90
61,397,349,76,90
62,400,361,76,90
63,406,370,76,90
64,410,373,76,90
65,413,379,76,90
66,415,382,76,90
67,417,385,76,90
68,421,390,76,90
69,423,394,76,90
70,426,397,76,90
71,430,399,76,90
72,434,398,76,90
73,438,393,76,90
74,442,387,76,90
75,447,383,76,90
76,452,379,76,90
77,456,376,76,90
78,462,373,76,90
79,466,371,76,90
80,470,368,76,90
81,475,363,76,90
82,479,359,76,90
83,487,356,76,90
84,487,356,76,90
85,492,359,76,90
86,496,362,76,90
87,499,364,76,90
88,494,364,76,90
89,494,367,76,90
90,498,370,76,90
91,500,371,76,90
92,502,372,76,90
93,504,370,76,90
94,507,368,76,90
95,509,364,76,90
96,511,344,76,90
97,513,332,76,90
98,515,328,76,90
99,517,322,76,90
100,520,318,76,90
101,522,315,76,90
102,525,311,76,90
103,529,310,76,90
104,532,309,76,90
105,535,309,76,90
106,537,309,76,90
107,539,309,76,90
108,540,308,76,90
109,540,306,76,90
110,540,304,76,90
111,540,302,76,90
112,540,300,76,90
113,541,299,76,90
114,542,298,76,90
115,543,295,76,90
116,544,293,76,90
117,545,292,76,90
118,546,292,76,90
119,547,293,76,90
120,549,294,76,90
121,551,295,76,90
122,553,298,76,90
123,556,299,76,90
124,558,300,76,90
125,559,301,76,90
126,561,302,76,90
127,562,303,76,90
128,563,304,76,90
129,565,305,76,90
130,566,306,76,90
131,567,307,76,90
132,568,309,76,90
133,568,311,76,90
134,567,312,76,90
135,566,313,76,90
136,566,314,76,90
137,565,316,76,90
138,565,317,76,90
139,564,318,76,90
140,563,319,76,90
141,562,319,76,90
142,561,319,76,90
143,559,319,76,90
144,554,319,76,90
145,553,319,76,90
146,551,319,76,90
147,550,319,76,90
148,549,318,76,90
149,548,319,76,90
150,547,318,76,90
151,549,318,76,90
152,554,315,76,90
153,565,313,76,90
154,579,312,76,90
155,600,308,76,90
156,634,306,76,90
157,678,304,76,90
158,713,302,76,90
159,735,300,76,90
160,759,298,76,90
161,776,296,76,90
162,789,294,76,90
163,802,292,76,90
164,812,290,76,90
165,821,289,76,90
166,832,288,76,90
167,838,286,76,90
168,844,284,76,90
169,848,283,76,90
170,843,283,76,90
171,831,282,76,90
172,829,281,76,90
173,824,280,76,90
174,808,279,76,90
175,802,279,76,90
176,794,279,76,90
177,783,279,76,90
178,779,280,76,90
179,771,281,76,90
180,757,282,76,90
181,750,283,76,90
182,744,284,76,90
183,734,285,76,90
184,726,286,76,90
185,717,287,76,90
186,708,287,76,90
187,701,288,76,90
188,694,288,76,90
189,686,288,76,90
190,680,288,76,90
191,673,288,76,90
192,664,287,76,90
193,654,286,76,90
194,645,284,76,90
195,631,282,76,90
196,624,280,76,90
197,617,278,76,90
198,610,275,76,90
199,604,274,76,90
200,598,273,76,90
201,593,273,76,90
202,588,273,76,90
203,585,272,76,90
204,581,273,76,90
205,577,275,76,90
206,573,275,76,90
207,569,277,76,90
208,564,278,76,90
209,560,278,76,90
210,556,280,76,90
211,552,282,76,90
212,549,284,76,90
213,546,288,76,90
214,543,290,76,90
215,541,291,76,90
216,538,293,76,90
217,535,294,76,90
218,532,295,76,90
219,527,295,76,90
220,524,295,76,90
221,521,294,76,90
222,518,293,76,90
223,516,290,76,90
224,514,287,76,90
225,513,280,76,90
226,512,275,76,90
227,510,272,76,90
228,509,269,76,90
229,508,267,76,90
230,508,266,76,90
231,507,265,76,90
232,506,264,76,90
233,506,264,76,90
234,506,264,76,90
235,506,263,76,90
236,507,262,76,90
237,507,261,76,90
238,507,260,76,90
239,506,259,76,90
240,505,258,76,90
241,504,258,76,90
242,503,257,76,90
243,502,257,76,90
244,500,258,76,90
245,499,259,76,90
246,498,260,76,90
247,497,260,76,90
248,497,260,76,90
249,496,259,76,90
250,496,259,76,90
251,494,259,76,90
252,493,259,76,90
253,494,259,76,90
254,494,259,76,90
255,494,258,76,90
256,495,257,76,90
257,496,258,76,90
258,497,258,76,90
259,499,259,76,90
260,500,260,76,90
261,501,260,76,90
262,504,260,76,90
263,507,261,76,90
264,510,261,76,90
265,513,261,76,90
266,516,261,76,90
267,520,261,76,90
268,524,262,76,90
269,528,263,76,90
270,533,265,76,90
271,539,267,76,90
272,546,268,76,90
273,553,269,76,90
274,564,271,76,90
275,575,271,76,90
276,592,272,76,90
277,604,272,76,90
278,610,273,76,90
279,616,273,76,90
280,621,273,76,90
281,627,272,76,90
282,635,272,76,90
283,647,271,76,90
284,657,270,76,90
285,670,269,76,90
286,682,269,76,90
287,689,268,76,90
288,704,268,76,90
289,722,268,76,90
290,731,267,76,90
291,740,269,76,90
292,749,268,76,90
293,758,267,76,90
294,766,266,76,90
295,775,267,76,90
296,782,265,76,90
297,790,265,76,90
298,795,264,76,90
299,801,261,76,90
300,808,260,76,90
301,814,258,76,90
302,821,255,76,90
303,826,251,76,90
304,832,247,76,90
305,838,243,76,90
306,845,242,76,90
307,851,240,76,90
308,856,239,76,90
309,861,238,76,90
310,865,236,76,90
311,869,237,76,90
312,872,237,76,90
313,875,237,76,90
314,878,237,76,90
315,877,237,76,90
316,872,237,76,90
317,864,238,76,90
318,859,238,76,90
319,859,237,76,90
320,857,237,76,90
321,852,237,76,90
322,852,238,76,90
323,850,238,76,90
324,847,239,76,90
325,846,241,76,90
326,845,243,76,90
327,844,245,76,90
328,843,246,76,90
329,842,248,76,90
330,841,250,76,90
331,840,252,76,90
332,839,253,76,90
333,838,255,76,90
334,836,257,76,90
335,830,258,76,90
336,828,259,76,90
337,825,260,76,90
338,823,260,76,90
339,820,260,76,90
340,818,260,76,90
341,816,260,76,90
342,814,260,76,90
343,812,259,76,90
344,809,258,76,90
345,806,257,76,90
346,804,257,76,90
347,801,256,76,90
348,799,256,76,90
349,797,256,76,90
350,794,256,76,90
351,792,258,76,90
352,788,259,76,90
353,785,261,76,90
354,779,262,76,90
355,775,263,76,90
356,771,264,76,90
357,767,265,76,90
358,763,265,76,90
359,759,265,76,90
360,755,264,76,90
361,751,263,76,90
362,747,262,76,90
363,744,261,76,90
364,740,260,76,90
365,720,259,76,90
366,699,259,76,90
367,690,260,76,90
368,683,261,76,90
369,673,261,76,90
370,664,263,76,90
371,658,264,76,90
372,652,266,76,90
373,645,267,76,90
374,639,269,76,90
375,632,270,76,90
376,625,271,76,90
377,618,272,76,90
378,612,273,76,90
379,607,274,76,90
380,602,275,76,90
381,598,276,76,90
382,594,277,76,90
383,590,278,76,90
384,587,278,76,90
385,585,277,76,90
386,583,277,76,90
387,581,276,76,90
388,580,276,76,90
389,579,275,76,90
390,579,274,76,90
391,579,273,76,90
392,580,272,76,90
393,586,271,76,90
394,596,271,76,90
395,607,270,76,90
396,612,269,76,90
397,614,269,76,90
398,619,269,76,90
399,626,269,76,90
400,631,269,76,90
401,635,269,76,90
402,638,269,76,90
403,641,269,76,90
404,644,269,76,90
405,646,268,76,90
406,649,268,76,90
407,651,269,76,90
408,652,269,76,90
409,654,269,76,90
410,655,270,76,90
411,655,271,76,90
412,656,273,76,90
413,656,275,76,90
414,656,278,76,90
415,657,281,76,90
416,657,284,76,90
417,657,287,76,90
418,657,291,76,90
419,656,294,76,90
420,655,296,76,90
421,654,298,76,90
422,653,300,76,90
423,652,303,76,90
424,651,305,76,90
425,650,307,76,90
426,649,309,76,90
427,648,312,76,90
428,647,314,76,90
429,646,316,76,90
430,644,319,76,90
431,642,321,76,90
432,641,322,76,90
433,639,324,76,90
434,637,326,76,90
435,635,327,76,90
436,634,328,76,90
437,633,329,76,90
438,632,330,76,90
439,632,331,76,90
440,631,332,76,90
441,631,332,76,90
442,631,332,76,90
443,631,333,76,90
444,631,333,76,90
445,631,333,76,90
446,631,333,76,90
447,630,333,76,90
448,630,333,76,90
449,630,333,76,90
450,630,333,76,90
451,630,334,76,90
452,629,334,76,90
453,629,335,76,90
454,628,335,76,90
455,627,335,76,90
456,627,335,76,90
457,626,335,76,90
458,624,335,76,90
459,623,335,76,90
460,621,334,76,90
461,620,333,76,90
462,619,333,76,90
463,617,332,76,90
464,615,331,76,90
465,613,331,76,90
466,611,330,76,90
467,609,330,76,90
468,607,331,76,90
469,605,331,76,90
470,603,331,76,90
471,601,331,76,90
472,599,331,76,90
473,597,332,76,90
474,595,332,76,90
475,593,333,76,90
476,591,334,76,90
477,589,334,76,90
478,587,333,76,90
479,585,333,76,90
480,583,333,76,90
481,581,333,76,90
482,579,333,76,90
483,577,333,76,90
484,575,333,76,90
485,573,333,76,90
486,571,333,76,90
487,569,332,76,90
488,567,331,76,90
489,564,330,76,90
490,562,329,76,90
491,560,328,76,90
492,558,326,76,90
493,556,325,76,90
494,554,325,76,90
495,552,324,76,90
496,550,323,76,90
497,548,322,76,90
498,546,321,76,90
499,545,320,76,90
500,543,320,76,90
501,542,320,76,90
502,540,320,76,90
503,539,319,76,90
504,538,318,76,90
505,537,317,76,90
506,536,316,76,90
507,535,315,76,90
508,535,314,76,90
509,534,313,76,90
510,533,312,76,90
511,532,312,76,90
512,532,311,76,90
513,531,310,76,90
514,531,309,76,90
515,530,308,76,90
516,529,307,76,90
517,529,306,76,90
518,529,305,76,90
519,529,305,76,90
520,528,304,76,90
521,528,304,76,90
522,528,305,76,90
523,528,306,76,90
524,528,307,76,90
525,527,307,76,90
526,526,308,76,90
527,525,308,76,90
528,525,310,76,90
529,524,311,76,90
530,524,312,76,90
531,524,312,76,90
532,524,312,76,90
533,524,313,76,90
534,523,313,76,90
535,522,313,76,90
536,522,312,76,90
537,522,313,76,90
538,522,313,76,90
539,522,313,76,90
540,522,313,76,90
541,522,313,76,90
