10-LowContrast 16
42,777,219,80,67
43,777,218,80,67
44,777,218,80,67
45,777,218,80,67
46,777,217,80,67
47,777,217,80,67
48,777,217,80,67
49,777,217,80,67
50,777,217,80,67
51,777,217,80,67
52,777,217,80,67
53,777,218,80,67
54,777,218,80,67
55,777,218,80,67
56,777,219,80,67
57,777,219,80,67
58,777,218,80,67
59,777,218,80,67
60,777,218,80,67
61,777,218,80,67
62,777,218,80,67
63,777,218,80,67
64,777,217,80,67
65,777,217,80,67
66,777,217,80,67
67,776,218,80,67
68,776,219,80,67
69,776,219,80,67
70,776,223,80,67
71,776,225,80,67
72,776,225,80,67
73,775,213,80,67
74,773,211,80,67
75,773,211,80,67
76,773,206,80,67
77,773,206,80,67
78,773,206,80,67
79,776,214,80,67
80,776,214,80,67
81,776,214,80,67
82,776,212,80,67
83,776,206,80,67
84,776,206,80,67
85,773,203,80,67
86,773,204,80,67
87,773,204,80,67
88,773,208,80,67
89,773,209,80,67
90,773,209,80,67
91,773,209,80,67
92,773,207,80,67
93,773,207,80,67
94,773,208,80,67
95,773,208,80,67
96,773,208,80,67
97,773,209,80,67
98,773,209,80,67
99,773,209,80,67
100,773,209,80,67
101,773,209,80,67
102,773,209,80,67
103,775,210,80,67
104,775,210,80,67
105,775,210,80,67
106,775,210,80,67
107,775,210,80,67
108,775,210,80,67
109,776,209,80,67
110,776,209,80,67
111,776,209,80,67
112,776,208,80,67
113,777,209,80,67
114,777,209,80,67
115,777,210,80,67
116,777,210,80,67
117,777,210,80,67
118,777,211,80,67
119,777,210,80,67
120,777,210,80,67
121,777,210,80,67
122,777,210,80,67
123,777,210,80,67
124,777,208,80,67
125,777,208,80,67
126,777,208,80,67
127,777,208,80,67
128,777,209,80,67
129,777,209,80,67
130,774,205,80,67
131,775,206,80,67
132,775,206,80,67
133,781,214,80,67
134,781,214,80,67
135,781,214,80,67
136,780,213,80,67
137,780,212,80,67
138,780,212,80,67
139,778,210,80,67
140,778,210,80,67
141,778,210,80,67
142,778,211,80,67
143,778,211,80,67
144,778,211,80,67
145,778,210,80,67
146,778,209,80,67
147,778,209,80,67
148,776,209,80,67
149,776,209,80,67
150,776,209,80,67
151,775,211,80,67
152,774,211,80,67
153,774,211,80,67
154,771,212,80,67
155,771,212,80,67
156,771,212,80,67
157,768,213,80,67
158,766,215,80,67
159,766,215,80,67
160,762,218,80,67
161,761,219,80,67
162,761,219,80,67
163,757,222,80,67
164,756,223,80,67
165,756,223,80,67
166,754,225,80,67
167,753,225,80,67
168,753,225,80,67
169,751,226,80,67
170,751,227,80,67
171,751,227,80,67
172,751,230,80,67
173,751,231,80,67
174,751,231,80,67
175,750,230,80,67
176,749,230,80,67
177,749,230,80,67
178,748,227,80,67
179,748,226,80,67
180,748,226,80,67
181,748,226,80,67
182,747,225,80,67
183,747,225,80,67
184,744,225,80,67
185,743,225,80,67
186,743,225,80,67
187,741,225,80,67
188,739,225,80,67
189,739,225,80,67
190,732,222,80,67
191,731,222,80,67
192,731,222,80,67
193,726,220,80,67
194,721,217,80,67
195,721,217,80,67
196,718,217,80,67
197,716,215,80,67
198,716,215,80,67
199,708,212,80,67
200,705,211,80,67
201,705,211,80,67
202,700,210,80,67
203,698,210,80,67
204,698,210,80,67
205,689,212,80,67
206,685,212,80,67
207,685,212,80,67
208,678,211,80,67
209,671,211,80,67
210,671,211,80,67
211,665,210,80,67
212,662,210,80,67
213,662,210,80,67
214,654,214,80,67
215,652,215,80,67
216,652,215,80,67
217,647,217,80,67
218,644,217,80,67
219,644,217,80,67
220,635,213,80,67
221,632,212,80,67
222,632,212,80,67
223,628,211,80,67
224,625,210,80,67
225,625,210,80,67
226,624,207,80,67
227,624,206,80,67
228,624,206,80,67
229,628,201,80,67
230,630,201,80,67
231,630,201,80,67
232,631,201,80,67
233,632,201,80,67
234,632,201,80,67
235,636,199,80,67
236,637,199,80,67
237,637,199,80,67
238,639,197,80,67
239,639,196,80,67
240,639,196,80,67
241,639,195,80,67
242,639,195,80,67
243,639,195,80,67
244,638,194,80,67
245,637,194,80,67
246,637,194,80,67
247,636,192,80,67
248,636,189,80,67
249,636,189,80,67
250,634,184,80,67
251,634,182,80,67
252,634,182,80,67
253,634,176,80,67
254,635,173,80,67
255,635,173,80,67
256,636,172,80,67
257,637,171,80,67
258,637,171,80,67
259,643,171,80,67
260,645,171,80,67
261,645,171,80,67
262,650,171,80,67
263,653,171,80,67
264,653,171,80,67
265,662,169,80,67
266,666,169,80,67
267,666,169,80,67
268,675,169,80,67
269,686,171,80,67
270,686,171,80,67
271,696,172,80,67
272,702,172,80,67
273,702,172,80,67
274,718,170,80,67
275,722,169,80,67
276,722,169,80,67
