10-LowContrast 17
62,138,409,55,90
63,138,409,55,90
64,138,409,55,90
65,138,409,55,90
66,144,410,55,90
67,144,410,55,90
68,144,410,55,90
69,144,410,55,90
70,165,406,55,90
71,165,406,55,90
72,165,406,55,90
73,165,406,55,90
74,174,405,55,90
75,174,405,55,90
76,174,405,55,90
77,174,405,55,90
78,181,406,55,90
79,181,406,55,90
80,181,406,55,90
81,181,406,55,90
82,194,405,55,90
83,194,405,55,90
84,194,405,55,90
85,194,405,55,90
86,198,404,55,90
87,198,404,55,90
88,198,404,55,90
89,198,404,55,90
90,202,403,55,90
91,202,403,55,90
92,202,403,55,90
93,202,403,55,90
94,214,401,55,90
95,214,401,55,90
96,214,401,55,90
97,214,401,55,90
98,221,401,55,90
99,221,401,55,90
100,221,401,55,90
101,221,401,55,90
102,230,401,55,90
103,230,401,55,90
104,230,401,55,90
105,230,401,55,90
106,244,399,55,90
107,244,399,55,90
108,244,399,55,90
109,244,399,55,90
110,249,398,55,90
111,249,398,55,90
112,249,398,55,90
113,249,398,55,90
114,254,399,55,90
115,254,399,55,90
116,254,399,55,90
117,254,399,55,90
118,269,396,55,90
119,269,396,55,90
120,269,396,55,90
121,269,396,55,90
122,273,395,55,90
123,273,395,55,90
124,273,395,55,90
125,273,395,55,90
126,277,394,55,90
127,277,394,55,90
128,277,394,55,90
129,277,394,55,90
130,285,393,55,90
131,285,393,55,90
132,285,393,55,90
133,285,393,55,90
134,290,392,55,90
135,290,392,55,90
136,290,392,55,90
137,290,392,55,90
138,294,391,55,90
139,294,391,55,90
140,294,391,55,90
141,294,391,55,90
142,299,392,55,90
143,299,392,55,90
144,299,392,55,90
145,299,392,55,90
146,299,392,55,90
147,299,392,55,90
148,299,392,55,90
149,299,392,55,90
150,299,392,55,90
151,299,392,55,90
152,299,392,55,90
153,299,392,55,90
154,301,393,55,90
155,301,393,55,90
156,301,393,55,90
157,301,393,55,90
158,302,393,55,90
159,302,393,55,90
160,302,393,55,90
161,302,393,55,90
162,303,393,55,90
163,303,393,55,90
164,303,393,55,90
165,303,393,55,90
166,306,392,55,90
167,306,392,55,90
168,306,392,55,90
169,306,392,55,90
170,306,392,55,90
171,306,392,55,90
172,306,392,55,90
173,306,392,55,90
174,306,392,55,90
175,306,392,55,90
176,306,393,55,90
177,306,393,55,90
178,304,395,55,90
179,304,395,55,90
180,304,395,55,90
181,304,395,55,90
182,304,395,55,90
183,303,396,55,90
184,303,396,55,90
185,303,396,55,90
186,303,396,55,90
187,303,396,55,90
188,303,396,55,90
189,303,396,55,90
190,303,397,55,90
191,303,397,55,90
192,303,397,55,90
193,303,397,55,90
194,304,398,55,90
195,304,398,55,90
196,304,398,55,90
197,304,398,55,90
198,305,401,55,90
199,305,401,55,90
200,305,401,55,90
201,305,401,55,90
202,305,403,55,90
203,305,403,55,90
204,305,403,55,90
205,304,406,55,90
206,304,406,55,90
207,304,406,55,90
208,304,406,55,90
209,304,406,55,90
210,303,408,55,90
211,303,408,55,90
212,303,408,55,90
213,303,408,55,90
214,303,409,55,90
215,303,409,55,90
216,303,409,55,90
217,303,409,55,90
218,304,409,55,90
219,304,409,55,90
220,304,409,55,90
221,304,409,55,90
222,306,409,55,90
223,306,410,55,90
224,306,410,55,90
225,306,410,55,90
226,309,411,55,90
227,309,411,55,90
228,309,411,55,90
229,310,411,55,90
230,310,411,55,90
231,310,411,55,90
232,310,411,55,90
233,310,411,55,90
234,310,412,55,90
235,310,412,55,90
236,310,412,55,90
237,310,412,55,90
238,310,412,55,90
239,310,412,55,90
240,310,412,55,90
241,310,412,55,90
242,309,412,55,90
243,309,412,55,90
244,309,412,55,90
245,309,412,55,90
246,307,412,55,90
247,307,412,55,90
248,307,412,55,90
249,307,412,55,90
250,303,414,55,90
251,303,414,55,90
252,303,414,55,90
253,302,415,55,90
254,302,415,55,90
255,302,415,55,90
256,302,415,55,90
257,302,415,55,90
258,302,415,55,90
259,302,415,55,90
260,302,415,55,90
261,302,415,55,90
262,302,417,55,90
263,302,417,55,90
264,302,417,55,90
265,302,417,55,90
266,302,417,55,90
267,302,417,55,90
268,302,417,55,90
269,302,417,55,90
270,304,418,55,90
271,304,418,55,90
272,304,418,55,90
273,304,418,55,90
274,308,417,55,90
275,308,417,55,90
276,308,417,55,90
277,308,417,55,90
278,309,417,55,90
279,309,417,55,90
280,309,417,55,90
281,309,417,55,90
282,309,417,55,90
283,309,417,55,90
284,309,417,55,90
285,309,417,55,90
286,310,417,55,90
287,310,417,55,90
288,310,417,55,90
289,310,417,55,90
290,310,417,55,90
291,310,417,55,90
292,310,417,55,90
293,310,417,55,90
294,310,417,55,90
295,310,417,55,90
296,310,417,55,90
297,310,417,55,90
298,310,417,55,90
