10-LowContrast 21
63,773,268,104,115
64,765,265,104,115
65,765,265,104,115
66,755,262,104,115
67,745,259,104,115
68,735,256,104,115
69,735,256,104,115
70,725,254,104,115
71,715,252,104,115
72,705,250,104,115
73,705,250,104,115
74,696,249,104,115
75,688,248,104,115
76,680,247,104,115
77,680,247,104,115
78,673,246,104,115
79,667,245,104,115
80,661,245,104,115
81,661,245,104,115
82,656,245,104,115
83,651,245,104,115
84,646,245,104,115
85,646,245,104,115
86,642,245,104,115
87,638,245,104,115
88,634,245,104,115
89,634,245,104,115
90,631,245,104,115
91,629,245,104,115
92,627,245,104,115
93,627,245,104,115
94,625,246,104,115
95,623,246,104,115
96,620,246,104,115
97,620,246,104,115
98,617,246,104,115
99,614,246,104,115
100,611,247,104,115
101,611,247,104,115
102,608,248,104,115
103,605,249,104,115
104,602,250,104,115
105,602,250,104,115
106,599,251,104,115
107,596,252,104,115
108,593,254,104,115
109,593,254,104,115
110,589,256,104,115
111,585,257,104,115
112,581,259,104,115
113,581,259,104,115
114,576,261,104,115
115,572,263,104,115
116,567,265,104,115
117,567,265,104,115
118,563,266,104,115
119,559,266,104,115
120,556,266,104,115
121,556,266,104,115
122,553,266,104,115
123,550,266,104,115
124,546,266,104,115
125,546,266,104,115
126,542,265,104,115
127,539,264,104,115
128,536,263,104,115
129,536,263,104,115
130,533,263,104,115
131,530,263,104,115
132,527,263,104,115
133,527,263,104,115
134,525,263,104,115
135,523,263,104,115
136,522,264,104,115
137,522,264,104,115
138,521,265,104,115
139,520,266,104,115
140,519,267,104,115
141,519,267,104,115
142,518,268,104,115
143,517,269,104,115
144,516,271,104,115
145,516,271,104,115
146,514,273,104,115
147,512,275,104,115
148,510,276,104,115
149,510,276,104,115
150,508,277,104,115
151,505,278,104,115
152,502,278,104,115
153,502,278,104,115
154,500,278,104,115
155,498,277,104,115
156,496,276,104,115
157,496,276,104,115
158,495,276,104,115
159,494,275,104,115
160,494,275,104,115
161,494,275,104,115
162,494,275,104,115
163,494,275,104,115
164,494,275,104,115
165,494,275,104,115
166,494,275,104,115
167,494,275,104,115
168,494,275,104,115
169,494,275,104,115
170,494,276,104,115
171,494,277,104,115
172,494,278,104,115
173,494,278,104,115
174,495,279,104,115
175,496,281,104,115
176,497,283,104,115
177,497,283,104,115
178,498,285,104,115
179,500,287,104,115
180,502,289,104,115
181,502,289,104,115
182,504,291,104,115
183,506,292,104,115
184,509,293,104,115
185,509,293,104,115
186,512,293,104,115
187,515,293,104,115
188,517,293,104,115
189,517,293,104,115
190,519,293,104,115
191,520,293,104,115
192,521,292,104,115
193,521,292,104,115
194,522,291,104,115
195,522,290,104,115
196,522,289,104,115
197,522,289,104,115
198,522,289,104,115
199,522,289,104,115
200,522,289,104,115
201,522,289,104,115
202,522,289,104,115
203,522,289,104,115
204,522,289,104,115
205,522,289,104,115
206,523,289,104,115
207,524,290,104,115
208,524,291,104,115
209,524,291,104,115
210,524,292,104,115
211,524,293,104,115
212,524,294,104,115
213,524,294,104,115
214,524,295,104,115
215,524,296,104,115
216,523,296,104,115
217,523,296,104,115
218,522,296,104,115
219,521,296,104,115
220,521,295,104,115
221,521,295,104,115
222,521,294,104,115
223,521,293,104,115
224,521,292,104,115
225,521,292,104,115
226,521,291,104,115
227,522,290,104,115
228,523,289,104,115
229,523,289,104,115
230,523,289,104,115
231,523,289,104,115
232,523,289,104,115
233,523,289,104,115
234,523,289,104,115
235,523,289,104,115
236,523,289,104,115
237,523,289,104,115
238,523,290,104,115
