10-LowContrast 12
15,339,669,392,217
16,337,668,392,217
17,335,668,392,217
18,333,668,392,217
19,331,668,392,217
20,329,668,392,217
21,327,668,392,217
22,325,668,392,217
23,323,668,392,217
24,321,668,392,217
25,319,668,392,217
26,317,669,392,217
27,315,669,392,217
28,313,669,392,217
29,312,669,392,217
30,310,670,392,217
31,309,669,392,217
32,308,669,392,217
33,307,669,392,217
34,306,669,392,217
35,305,669,392,217
36,304,668,392,217
37,303,670,392,217
38,303,667,392,217
39,302,667,392,217
40,300,666,392,217
41,299,666,392,217
42,297,666,392,217
43,296,666,392,217
44,294,665,392,217
45,292,664,392,217
46,290,664,392,217
47,288,664,392,217
48,286,663,392,217
49,284,663,392,217
50,282,662,392,217
51,280,662,392,217
52,278,662,392,217
53,276,661,392,217
54,275,661,392,217
55,273,660,392,217
56,272,660,392,217
57,270,660,392,217
58,269,660,392,217
59,268,660,392,217
60,267,658,392,217
61,265,660,392,217
62,264,659,392,217
63,262,658,392,217
64,260,657,392,217
65,259,656,392,217
66,258,655,392,217
67,256,654,392,217
68,255,654,392,217
69,254,654,392,217
70,253,653,392,217
71,252,654,392,217
72,250,653,392,217
73,248,652,392,217
74,247,652,392,217
75,246,652,392,217
76,244,650,392,217
77,242,649,392,217
78,240,649,392,217
79,239,649,392,217
80,238,648,392,217
81,236,649,392,217
82,233,650,392,217
83,231,650,392,217
84,230,651,392,217
85,229,652,392,217
86,228,653,392,217
87,226,654,392,217
88,225,654,392,217
89,224,655,392,217
90,223,655,392,217
91,222,655,392,217
92,221,655,392,217
93,220,655,392,217
94,219,655,392,217
95,218,655,392,217
96,218,656,392,217
97,218,656,392,217
98,219,657,392,217
99,220,659,392,217
100,223,661,392,217
101,225,662,392,217
102,229,662,392,217
103,233,662,392,217
104,237,662,392,217
105,242,662,392,217
106,247,663,392,217
107,252,664,392,217
108,258,665,392,217
109,265,666,392,217
110,273,667,392,217
111,281,670,392,217
112,288,672,392,217
113,290,672,392,217
114,289,672,392,217
115,288,671,392,217
116,287,670,392,217
117,286,669,392,217
118,286,667,392,217
119,287,665,392,217
120,289,664,392,217
121,291,663,392,217
122,296,664,392,217
123,303,665,392,217
124,310,666,392,217
125,317,665,392,217
126,324,665,392,217
127,330,665,392,217
128,338,665,392,217
129,346,665,392,217
130,354,665,392,217
131,361,665,392,217
132,368,665,392,217
133,373,665,392,217
134,378,665,392,217
135,381,666,392,217
136,385,666,392,217
137,391,666,392,217
138,399,666,392,217
139,407,665,392,217
140,413,665,392,217
141,415,665,392,217
142,417,665,392,217
143,419,666,392,217
144,424,668,392,217
145,429,670,392,217
146,434,672,392,217
147,439,674,392,217
148,445,676,392,217
149,449,678,392,217
150,453,680,392,217
151,459,682,392,217
152,465,683,392,217
153,470,683,392,217
154,474,683,392,217
155,478,683,392,217
156,482,683,392,217
157,485,684,392,217
158,488,684,392,217
159,491,685,392,217
160,495,685,392,217
161,499,685,392,217
162,504,685,392,217
163,508,685,392,217
164,512,685,392,217
165,515,685,392,217
166,518,685,392,217
167,520,685,392,217
168,521,686,392,217
169,522,686,392,217
170,523,686,392,217
171,525,686,392,217
172,527,686,392,217
173,529,686,392,217
174,531,686,392,217
175,533,686,392,217
