11-Occlusion 7
49,705,522,81,81
50,704,522,81,81
51,702,522,81,81
52,701,521,81,81
53,700,520,81,81
54,700,519,81,81
55,700,519,81,81
56,700,518,81,81
57,700,517,81,81
58,699,517,81,81
59,697,516,81,81
60,693,515,81,81
61,693,515,81,81
62,689,514,81,81
63,685,513,81,81
64,682,511,81,81
65,1066,535,81,81
66,979,543,81,81
67,979,543,81,81
68,894,551,81,81
69,810,560,81,81
70,734,570,81,81
71,640,581,81,81
72,548,591,81,81
73,548,591,81,81
74,455,603,81,81
75,366,615,81,81
76,278,628,81,81
77,183,643,81,81
78,216,655,81,81
79,216,655,81,81
80,164,661,81,81
81,66,677,81,81
82,217,644,81,81
83,117,661,81,81
84,290,665,81,81
85,290,665,81,81
86,195,681,81,81
87,152,695,81,81
88,848,262,81,81
89,759,275,81,81
90,649,290,81,81
91,649,290,81,81
92,547,305,81,81
93,440,320,81,81
94,334,336,81,81
95,217,355,81,81
96,169,363,81,81
97,169,363,81,81
98,96,373,81,81
99,1351,651,81,81
100,1249,672,81,81
101,1145,694,81,81
102,1038,716,81,81
103,1038,716,81,81
104,929,739,81,81
105,815,764,81,81
106,696,790,81,81
107,576,818,81,81
108,454,847,81,81
109,454,847,81,81
110,992,590,81,81
111,887,614,81,81
112,203,730,81,81
113,232,712,81,81
114,111,23,81,81
115,111,23,81,81
116,556,754,81,81
117,430,788,81,81
118,302,825,81,81
119,174,864,81,81
120,1707,274,81,81
121,1707,274,81,81
122,1602,304,81,81
123,1502,336,81,81
124,1404,368,81,81
125,1305,402,81,81
126,1211,437,81,81
127,1211,437,81,81
128,1121,475,81,81
129,1032,513,81,81
130,943,554,81,81
131,852,598,81,81
132,761,643,81,81
133,761,643,81,81
134,660,688,81,81
135,550,735,81,81
136,611,672,81,81
137,483,725,81,81
138,359,777,81,81
139,359,777,81,81
140,576,812,81,81
141,466,865,81,81
142,357,764,81,81
143,303,792,81,81
144,404,769,81,81
145,404,769,81,81
146,449,763,81,81
147,333,808,81,81
148,350,809,81,81
149,224,854,81,81
150,87,902,81,81
151,87,902,81,81
152,233,858,81,81
153,231,858,81,81
154,188,871,81,81
155,186,870,81,81
156,261,844,81,81
157,261,844,81,81
158,247,845,81,81
159,948,623,81,81
160,1334,503,81,81
161,1233,533,81,81
162,1132,563,81,81
163,1132,563,81,81
164,1028,594,81,81
165,924,624,81,81
166,820,652,81,81
167,724,676,81,81
168,604,706,81,81
169,604,706,81,81
170,523,724,81,81
171,404,755,81,81
172,306,779,81,81
173,430,728,81,81
174,322,756,81,81
175,322,756,81,81
176,201,787,81,81
177,1698,398,81,81
178,1632,416,81,81
179,1541,442,81,81
180,1454,468,81,81
181,1454,468,81,81
182,1374,492,81,81
183,1287,518,81,81
184,1214,539,81,81
185,1116,567,81,81
186,1023,593,81,81
187,1023,593,81,81
188,938,616,81,81
189,871,634,81,81
190,811,650,81,81
191,704,678,81,81
192,595,707,81,81
193,595,707,81,81
194,495,734,81,81
195,392,761,81,81
196,330,778,81,81
197,467,748,81,81
198,423,761,81,81
199,423,761,81,81
200,312,791,81,81
201,381,778,81,81
202,350,789,81,81
203,365,789,81,81
204,274,813,81,81
205,274,813,81,81
206,292,834,81,81
207,208,858,81,81
208,96,889,81,81
209,63,874,81,81
210,63,878,81,81
211,63,878,81,81
212,850,693,81,81
213,765,717,81,81
214,700,736,81,81
215,642,754,81,81
216,553,778,81,81
217,553,778,81,81
218,595,771,81,81
219,939,682,81,81
220,856,704,81,81
221,767,727,81,81
222,672,752,81,81
223,672,752,81,81
224,569,779,81,81
225,472,804,81,81
226,378,828,81,81
227,786,697,81,81
228,700,720,81,81
229,700,720,81,81
230,652,729,81,81
231,627,729,81,81
232,602,729,81,81
233,551,739,81,81
234,483,756,81,81
235,483,756,81,81
236,469,752,81,81
237,438,754,81,81
238,380,770,81,81
239,329,784,81,81
240,362,760,81,81
241,317,768,81,81
242,317,768,81,81
243,314,760,81,81
244,345,738,81,81
245,327,738,81,81
246,293,749,81,81
247,256,764,81,81
248,256,764,81,81
249,285,751,81,81
250,418,694,81,81
251,336,733,81,81
252,284,758,81,81
253,326,743,81,81
254,326,743,81,81
255,368,730,81,81
256,334,746,81,81
257,321,754,81,81
258,289,768,81,81
259,289,770,81,81
260,289,770,81,81
261,462,712,81,81
262,391,739,81,81
263,338,758,81,81
264,262,781,81,81
265,203,796,81,81
266,203,796,81,81
267,298,747,81,81
268,215,768,81,81
269,124,787,81,81
270,480,672,81,81
271,410,686,81,81
272,410,686,81,81
273,331,701,81,81
274,279,710,81,81
275,203,723,81,81
276,138,733,81,81
277,45,746,81,81
278,45,746,81,81
279,1280,468,81,81
280,1228,481,81,81
281,1174,493,81,81
282,1118,504,81,81
283,1059,513,81,81
284,1059,513,81,81
285,997,522,81,81
286,933,530,81,81
287,869,538,81,81
288,801,545,81,81
289,733,552,81,81
290,733,552,81,81
291,661,559,81,81
292,671,557,81,81
293,704,546,81,81
294,640,551,81,81
295,663,543,81,81
296,663,543,81,81
297,631,541,81,81
298,657,535,81,81
299,783,525,81,81
300,710,528,81,81
301,641,531,81,81
302,641,531,81,81
303,598,536,81,81
304,729,530,81,81
305,662,534,81,81
306,599,538,81,81
307,639,533,81,81
308,639,533,81,81
309,592,535,81,81
310,629,530,81,81
311,582,535,81,81
312,328,541,81,81
313,249,542,81,81
314,249,542,81,81
315,198,543,81,81
316,150,544,81,81
317,104,545,81,81
318,124,538,81,81
319,1570,527,81,81
320,1570,527,81,81
321,1527,531,81,81
322,1482,535,81,81
323,1436,540,81,81
324,1391,544,81,81
325,1345,548,81,81
326,1345,548,81,81
327,1297,551,81,81
328,1249,554,81,81
329,1201,557,81,81
330,1152,560,81,81
331,1105,562,81,81
332,1105,562,81,81
333,1053,563,81,81
334,1003,563,81,81
335,951,563,81,81
336,897,562,81,81
337,844,561,81,81
338,844,561,81,81
339,788,558,81,81
340,725,552,81,81
341,666,546,81,81
342,606,541,81,81
343,624,540,81,81
344,624,540,81,81
345,560,532,81,81
346,494,523,81,81
347,435,513,81,81
348,361,503,81,81
349,300,493,81,81
350,300,493,81,81
351,226,482,81,81
352,166,472,81,81
353,170,459,81,81
354,96,449,81,81
355,104,445,81,81
356,104,445,81,81
357,253,456,81,81
358,194,450,81,81
359,314,459,81,81
360,237,449,81,81
361,183,444,81,81
362,183,444,81,81
363,256,441,81,81
364,208,432,81,81
365,161,425,81,81
366,257,444,81,81
367,185,437,81,81
368,185,437,81,81
369,216,444,81,81
370,151,440,81,81
371,180,453,81,81
372,115,451,81,81
373,104,456,81,81
374,104,456,81,81
375,353,505,81,81
376,294,505,81,81
377,232,506,81,81
378,192,512,81,81
379,143,517,81,81
380,143,517,81,81
381,107,523,81,81
382,534,568,81,81
383,488,574,81,81
384,445,581,81,81
385,398,587,81,81
386,398,587,81,81
387,351,592,81,81
388,298,594,81,81
389,246,594,81,81
390,372,596,81,81
391,316,594,81,81
392,316,594,81,81
393,268,590,81,81
394,206,584,81,81
395,153,577,81,81
396,112,568,81,81
397,312,576,81,81
398,312,576,81,81
399,413,575,81,81
400,347,566,81,81
401,280,557,81,81
402,216,548,81,81
403,174,538,81,81
404,174,538,81,81
405,463,545,81,81
406,399,536,81,81
407,346,528,81,81
408,454,529,81,81
409,410,522,81,81
410,410,522,81,81
411,347,513,81,81
412,315,508,81,81
413,555,534,81,81
414,494,525,81,81
415,433,517,81,81
416,433,517,81,81
417,369,509,81,81
418,327,505,81,81
419,323,502,81,81
420,279,498,81,81
421,281,500,81,81
422,281,500,81,81
423,288,506,81,81
424,1503,703,81,81
425,1482,707,81,81
426,1467,713,81,81
427,1451,719,81,81
428,1451,719,81,81
429,1429,723,81,81
430,1402,725,81,81
431,1372,725,81,81
432,1337,724,81,81
433,1296,721,81,81
434,1296,721,81,81
435,1253,717,81,81
436,1210,713,81,81
437,1166,709,81,81
438,1122,705,81,81
439,1079,702,81,81
440,1037,699,81,81
441,1037,699,81,81
442,999,697,81,81
443,961,696,81,81
444,923,695,81,81
445,882,695,81,81
446,839,695,81,81
447,839,695,81,81
448,797,695,81,81
449,750,694,81,81
450,697,693,81,81
451,647,692,81,81
452,595,692,81,81
453,595,692,81,81
454,543,692,81,81
455,490,692,81,81
456,437,692,81,81
457,455,696,81,81
458,399,697,81,81
459,399,697,81,81
460,343,697,81,81
461,290,698,81,81
462,416,708,81,81
463,362,709,81,81
464,314,711,81,81
465,314,711,81,81
466,260,712,81,81
467,202,714,81,81
468,223,718,81,81
469,242,721,81,81
470,265,728,81,81
471,265,728,81,81
472,228,729,81,81
473,166,729,81,81
474,102,730,81,81
475,73,732,81,81
476,1047,739,81,81
477,1047,739,81,81
478,999,737,81,81
479,951,735,81,81
480,903,733,81,81
481,851,732,81,81
482,798,730,81,81
483,798,730,81,81
484,741,729,81,81
485,685,728,81,81
486,623,727,81,81
487,555,727,81,81
488,483,727,81,81
489,483,727,81,81
490,398,727,81,81
491,318,727,81,81
492,235,727,81,81
493,166,727,81,81
494,181,735,81,81
495,181,735,81,81
496,160,735,81,81
497,149,733,81,81
498,150,730,81,81
499,129,729,81,81
500,41,729,81,81
501,41,729,81,81
502,156,696,81,81
503,414,685,81,81
504,326,685,81,81
505,238,685,81,81
506,150,685,81,81
507,150,685,81,81
508,525,693,81,81
509,443,694,81,81
510,1046,681,81,81
511,971,683,81,81
512,893,684,81,81
513,893,684,81,81
514,814,684,81,81
515,738,685,81,81
516,658,686,81,81
517,579,687,81,81
518,502,688,81,81
519,502,688,81,81
520,430,689,81,81
521,362,690,81,81
522,311,691,81,81
523,433,685,81,81
524,352,686,81,81
525,352,686,81,81
526,296,687,81,81
527,237,687,81,81
528,152,689,81,81
529,97,689,81,81
530,61,689,81,81
531,61,689,81,81
532,490,682,81,81
533,411,683,81,81
534,337,683,81,81
535,253,684,81,81
536,196,684,81,81
537,196,684,81,81
538,133,684,81,81
539,107,684,81,81
540,33,685,81,81
541,76,685,81,81
542,141,683,81,81
543,141,683,81,81
544,275,679,81,81
545,300,677,81,81
546,222,677,81,81
547,158,675,81,81
548,866,664,81,81
549,866,664,81,81
550,794,663,81,81
551,726,662,81,81
552,645,660,81,81
553,564,658,81,81
554,481,655,81,81
555,481,655,81,81
556,527,651,81,81
557,460,648,81,81
558,404,645,81,81
559,367,640,81,81
560,274,637,81,81
561,274,637,81,81
562,187,634,81,81
563,463,631,81,81
564,1328,625,81,81
565,1245,621,81,81
566,1158,617,81,81
567,1158,617,81,81
568,1069,614,81,81
569,977,610,81,81
570,885,607,81,81
571,912,602,81,81
572,821,600,81,81
573,821,600,81,81
574,727,597,81,81
575,678,594,81,81
576,577,591,81,81
577,521,588,81,81
578,455,585,81,81
579,455,585,81,81
580,366,583,81,81
581,294,581,81,81
582,290,579,81,81
583,238,579,81,81
584,137,579,81,81
585,137,579,81,81
586,426,575,81,81
587,346,575,81,81
588,326,574,81,81
589,608,570,81,81
590,529,571,81,81
591,529,571,81,81
592,460,571,81,81
593,385,571,81,81
594,329,571,81,81
595,241,571,81,81
596,189,570,81,81
597,189,570,81,81
598,304,567,81,81
599,220,566,81,81
600,211,565,81,81
601,328,561,81,81
602,307,558,81,81
603,307,558,81,81
604,214,557,81,81
605,182,554,81,81
606,289,549,81,81
