11-Occlusion 6
1,928,423,112,102
2,939,432,112,102
3,948,440,112,102
4,948,440,112,102
5,956,448,112,102
6,964,455,112,102
7,971,461,112,102
8,978,465,112,102
9,426,752,112,102
10,426,752,112,102
11,417,756,112,102
12,405,759,112,102
13,455,742,112,102
14,453,742,112,102
15,321,783,112,102
16,321,783,112,102
17,1285,479,112,102
18,1180,511,112,102
19,1624,356,112,102
20,1524,386,112,102
21,1425,416,112,102
22,1425,416,112,102
23,1325,446,112,102
24,1223,476,112,102
25,1116,505,112,102
26,1427,426,112,102
27,1323,452,112,102
28,1323,452,112,102
29,1218,478,112,102
30,683,609,112,102
31,568,639,112,102
32,472,663,112,102
33,356,692,112,102
34,356,692,112,102
35,346,690,112,102
36,669,620,112,102
37,179,727,112,102
38,268,725,112,102
39,349,704,112,102
40,349,704,112,102
41,266,725,112,102
42,197,743,112,102
43,194,741,112,102
44,62,760,112,102
45,1146,177,112,102
46,1146,177,112,102
47,1056,199,112,102
48,965,220,112,102
49,874,241,112,102
50,783,261,112,102
51,690,282,112,102
52,690,282,112,102
53,597,303,112,102
54,501,325,112,102
55,405,346,112,102
56,1023,652,112,102
57,931,679,112,102
58,931,679,112,102
59,836,707,112,102
60,741,735,112,102
61,694,709,112,102
62,596,736,112,102
63,681,720,112,102
64,681,720,112,102
65,586,746,112,102
66,483,773,112,102
67,377,801,112,102
68,275,827,112,102
69,179,852,112,102
70,179,852,112,102
71,98,874,112,102
72,105,877,112,102
73,81,885,112,102
74,60,892,112,102
75,40,897,112,102
76,40,897,112,102
77,93,885,112,102
78,65,893,112,102
79,95,888,112,102
80,110,886,112,102
81,169,874,112,102
82,169,874,112,102
83,774,713,112,102
84,706,730,112,102
85,643,745,112,102
86,546,771,112,102
87,588,753,112,102
88,588,753,112,102
89,527,766,112,102
90,540,755,112,102
91,439,782,112,102
92,369,799,112,102
93,658,679,112,102
94,658,679,112,102
95,603,691,112,102
96,506,721,112,102
97,203,833,112,102
98,204,827,112,102
99,182,829,112,102
100,154,832,112,102
101,154,832,112,102
102,126,835,112,102
103,90,843,112,102
104,93,836,112,102
105,127,817,112,102
106,214,776,112,102
107,214,776,112,102
108,153,803,112,102
109,210,780,112,102
110,241,769,112,102
111,213,783,112,102
112,310,745,112,102
113,310,745,112,102
114,309,749,112,102
115,263,770,112,102
116,298,759,112,102
117,295,762,112,102
118,1731,236,112,102
119,1731,236,112,102
120,1695,266,112,102
121,1655,295,112,102
122,1616,321,112,102
123,1576,345,112,102
124,1534,367,112,102
125,1534,367,112,102
126,1489,388,112,102
127,1443,408,112,102
128,1397,426,112,102
129,1348,444,112,102
130,1301,460,112,102
131,1301,460,112,102
132,1256,474,112,102
133,1203,489,112,102
134,1151,504,112,102
135,1095,518,112,102
136,1036,532,112,102
137,1036,532,112,102
138,977,545,112,102
139,917,557,112,102
140,857,568,112,102
141,793,578,112,102
142,725,588,112,102
143,725,588,112,102
144,658,596,112,102
145,586,604,112,102
146,513,611,112,102
147,434,618,112,102
148,354,625,112,102
149,354,625,112,102
150,273,631,112,102
151,233,628,112,102
152,144,632,112,102
153,214,606,112,102
154,130,608,112,102
155,130,608,112,102
156,91,603,112,102
157,76,594,112,102
158,110,582,112,102
159,94,579,112,102
160,21,577,112,102
161,21,577,112,102
162,5,572,112,102
163,63,565,112,102
164,50,559,112,102
165,99,553,112,102
166,355,541,112,102
167,355,541,112,102
168,281,542,112,102
169,198,544,112,102
170,126,545,112,102
171,391,542,112,102
172,317,544,112,102
173,317,544,112,102
174,241,544,112,102
175,1737,509,112,102
176,1697,516,112,102
177,1652,522,112,102
178,1606,528,112,102
179,1606,528,112,102
180,1561,532,112,102
