11-Occlusion 19
1,1192,190,81,84
2,1186,197,81,84
3,1175,205,81,84
4,1164,209,81,84
5,1153,210,81,84
6,1139,213,81,84
7,1128,217,81,84
8,1125,218,81,84
9,1124,220,81,84
10,1118,224,81,84
11,1110,226,81,84
12,1101,226,81,84
13,1092,222,81,84
14,1085,217,81,84
15,1086,214,81,84
16,1089,218,81,84
17,1088,227,81,84
18,1085,232,81,84
19,1078,231,81,84
20,1067,228,81,84
21,1054,225,81,84
22,1042,223,81,84
23,1031,225,81,84
24,1016,226,81,84
25,1000,222,81,84
26,988,218,81,84
27,978,227,81,84
28,972,245,81,84
29,973,262,81,84
30,975,274,81,84
31,978,276,81,84
32,976,275,81,84
33,963,279,81,84
34,956,283,81,84
35,957,295,81,84
36,956,315,81,84
37,953,330,81,84
38,946,340,81,84
39,934,349,81,84
40,921,353,81,84
41,904,356,81,84
42,886,358,81,84
43,874,362,81,84
44,864,373,81,84
45,855,389,81,84
46,848,403,81,84
47,840,414,81,84
48,827,424,81,84
49,814,432,81,84
50,804,441,81,84
51,793,450,81,84
52,778,461,81,84
53,763,472,81,84
54,750,483,81,84
55,734,496,81,84
56,718,509,81,84
57,701,522,81,84
58,682,534,81,84
59,662,547,81,84
60,645,559,81,84
61,627,572,81,84
62,608,586,81,84
63,588,601,81,84
64,567,615,81,84
65,543,632,81,84
66,516,649,81,84
67,489,664,81,84
68,459,679,81,84
69,428,693,81,84
70,397,711,81,84
71,728,728,81,84
72,734,728,81,84
73,742,727,81,84
74,754,723,81,84
75,769,719,81,84
76,782,716,81,84
77,798,713,81,84
78,817,711,81,84
79,829,713,81,84
80,837,714,81,84
81,842,716,81,84
82,847,719,81,84
83,851,723,81,84
84,856,726,81,84
85,864,728,81,84
86,881,725,81,84
87,922,716,81,84
88,983,709,81,84
89,1062,705,81,84
90,1153,707,81,84
91,1258,712,81,84
92,1387,712,81,84
93,1522,723,81,84
94,829,707,81,84
95,855,737,81,84
96,978,745,81,84
97,1088,747,81,84
98,1092,761,81,84
99,1128,770,81,84
100,1195,780,81,84
101,1234,797,81,84
102,1264,819,81,84
103,1300,825,81,84
104,1387,789,81,84
105,1282,744,81,84
106,1525,734,81,84
107,1537,729,81,84
108,1435,709,81,84
109,1491,677,81,84
110,1509,661,81,84
111,1507,670,81,84
112,1523,670,81,84
113,1505,648,81,84
114,1529,633,81,84
115,1557,629,81,84
116,1570,627,81,84
117,1584,623,81,84
118,1602,620,81,84
119,1608,623,81,84
120,1603,633,81,84
121,1595,644,81,84
122,1588,654,81,84
123,1588,662,81,84
124,1592,669,81,84
125,1595,675,81,84
126,1593,676,81,84
127,1599,676,81,84
128,1599,682,81,84
129,1599,699,81,84
130,1602,712,81,84
131,1615,720,81,84
132,1631,726,81,84
133,1644,736,81,84
134,1651,746,81,84
135,1663,757,81,84
136,1677,765,81,84
137,1693,771,81,84
138,1711,776,81,84
139,1723,779,81,84
140,1719,782,81,84
141,1709,790,81,84
