11-Occlusion 1
71,1043,212,68,133
72,1041,195,68,133
73,1039,193,68,133
74,1037,204,68,133
75,1036,217,68,133
76,1035,220,68,133
77,1035,215,68,133
78,1036,211,68,133
79,1034,212,68,133
80,1032,219,68,133
81,1030,226,68,133
82,1029,227,68,133
83,1029,222,68,133
84,1027,212,68,133
85,1020,204,68,133
86,1011,202,68,133
87,1002,211,68,133
88,995,226,68,133
89,991,237,68,133
90,990,247,68,133
91,990,243,68,133
92,992,239,68,133
93,997,237,68,133
94,1002,235,68,133
95,1005,233,68,133
96,1007,230,68,133
97,1008,226,68,133
98,1008,214,68,133
99,1008,202,68,133
100,1009,203,68,133
101,1011,211,68,133
102,1013,224,68,133
103,1013,217,68,133
104,1013,224,68,133
105,1016,247,68,133
106,1019,255,68,133
107,1017,235,68,133
108,1018,221,68,133
109,1019,213,68,133
110,1019,204,68,133
111,1019,203,68,133
112,1017,205,68,133
113,1014,196,68,133
114,1014,191,68,133
115,1016,196,68,133
116,1016,202,68,133
117,1015,208,68,133
118,1017,211,68,133
119,1020,210,68,133
120,1022,206,68,133
121,1023,207,68,133
122,1026,213,68,133
123,1028,219,68,133
124,1029,220,68,133
125,1029,218,68,133
126,1029,217,68,133
127,1029,223,68,133
128,1029,232,68,133
129,1030,238,68,133
130,1033,243,68,133
131,1036,244,68,133
132,1037,242,68,133
133,1036,241,68,133
134,1035,241,68,133
135,1036,241,68,133
136,1039,241,68,133
137,1044,242,68,133
138,1049,245,68,133
139,1054,250,68,133
140,1057,246,68,133
141,1060,239,68,133
142,1063,230,68,133
143,1065,222,68,133
144,1065,224,68,133
145,1064,222,68,133
146,1062,207,68,133
147,1061,209,68,133
148,1064,218,68,133
149,1068,236,68,133
150,788,425,68,133
151,788,441,68,133
152,785,449,68,133
153,780,449,68,133
154,775,449,68,133
155,772,451,68,133
156,765,451,68,133
157,757,450,68,133
158,750,450,68,133
159,740,453,68,133
160,727,464,68,133
161,717,479,68,133
162,711,490,68,133
163,700,504,68,133
164,695,519,68,133
165,692,529,68,133
166,689,542,68,133
167,683,553,68,133
168,678,561,68,133
169,1470,675,68,133
170,1521,728,68,133
171,802,632,68,133
172,802,656,68,133
173,802,656,68,133
174,1105,432,68,133
175,1105,432,68,133
176,1121,464,68,133
177,1121,464,68,133
178,1121,464,68,133
179,1201,472,68,133
180,1185,488,68,133
181,1185,488,68,133
182,1185,488,68,133
183,1185,488,68,133
184,1185,504,68,133
185,1185,512,68,133
186,1185,522,68,133
187,1185,522,68,133
188,1185,522,68,133
189,1185,522,68,133
190,1185,522,68,133
191,1185,522,68,133
192,1185,522,68,133
193,1185,522,68,133
194,1185,522,68,133
195,1185,522,68,133
196,1185,522,68,133
197,1185,522,68,133
198,1185,522,68,133
199,1185,522,68,133
200,1185,522,68,133
201,1185,522,68,133
202,1185,522,68,133
203,1185,522,68,133
204,1185,522,68,133
205,1185,522,68,133
206,1209,530,68,133
207,1209,530,68,133
208,1209,530,68,133
209,1209,530,68,133
210,1209,530,68,133
211,1209,530,68,133
212,1244,490,68,133
213,1244,490,68,133
214,1260,504,68,133
215,1312,515,68,133
216,1264,531,68,133
217,1280,547,68,133
218,1288,567,68,133
219,1311,588,68,133
220,1335,620,68,133
221,1365,651,68,133
222,1305,607,68,133
223,1391,638,68,133
224,1424,674,68,133
225,1464,716,68,133
226,1508,763,68,133
227,1365,863,68,133
228,1305,946,68,133
229,1792,866,68,133
230,1746,578,68,133
231,1799,608,68,133
232,138,873,68,133
233,86,929,68,133
234,243,913,68,133
235,243,919,68,133
236,243,916,68,133
237,241,913,68,133
238,240,918,68,133
239,239,918,68,133
240,347,841,68,133
241,554,854,68,133
242,1379,464,68,133
243,1403,485,68,133
244,1417,499,68,133
245,1446,520,68,133
246,1481,544,68,133
247,1515,571,68,133
248,1550,599,68,133
249,1587,631,68,133
250,1630,664,68,133
251,1678,709,68,133
252,1625,674,68,133
253,1625,674,68,133
254,1671,708,68,133
255,1779,799,68,133
256,1779,799,68,133
257,1823,844,68,133
258,1839,870,68,133
259,1761,926,68,133
260,1761,926,68,133
261,1761,926,68,133
