11-Occlusion 2
15,794,280,65,47
16,805,278,65,47
17,819,278,65,47
18,829,276,65,47
19,839,276,65,47
20,850,275,65,47
21,860,275,65,47
22,869,275,65,47
23,878,274,65,47
24,884,275,65,47
25,889,278,65,47
26,891,278,65,47
27,889,282,65,47
28,887,284,65,47
29,883,285,65,47
30,878,286,65,47
31,876,288,65,47
32,874,288,65,47
33,871,291,65,47
34,866,290,65,47
35,865,289,65,47
36,863,288,65,47
37,862,286,65,47
38,860,284,65,47
39,857,280,65,47
40,855,277,65,47
41,854,272,65,47
42,856,266,65,47
43,863,262,65,47
44,869,255,65,47
45,870,248,65,47
46,870,243,65,47
47,867,236,65,47
48,859,230,65,47
49,849,224,65,47
50,839,221,65,47
51,828,216,65,47
52,815,213,65,47
53,808,209,65,47
54,802,205,65,47
55,794,203,65,47
56,790,198,65,47
57,786,197,65,47
58,781,198,65,47
59,775,198,65,47
60,766,200,65,47
61,757,203,65,47
62,748,207,65,47
63,742,211,65,47
64,735,215,65,47
65,726,220,65,47
66,713,225,65,47
67,708,230,65,47
68,709,237,65,47
69,704,242,65,47
70,695,247,65,47
71,687,252,65,47
72,680,254,65,47
73,671,259,65,47
74,663,262,65,47
75,658,264,65,47
76,652,268,65,47
77,644,270,65,47
78,635,274,65,47
79,626,276,65,47
80,616,279,65,47
81,607,283,65,47
82,600,285,65,47
83,591,288,65,47
84,582,290,65,47
85,575,291,65,47
86,569,293,65,47
87,561,295,65,47
88,552,297,65,47
89,544,299,65,47
90,535,301,65,47
91,528,302,65,47
92,520,303,65,47
93,513,302,65,47
94,508,302,65,47
95,501,301,65,47
96,495,299,65,47
97,490,299,65,47
98,486,297,65,47
99,482,296,65,47
100,477,294,65,47
101,472,292,65,47
102,468,292,65,47
103,465,290,65,47
104,463,291,65,47
105,463,293,65,47
106,461,295,65,47
107,459,297,65,47
108,458,297,65,47
109,454,299,65,47
110,449,300,65,47
111,442,302,65,47
112,434,306,65,47
113,427,309,65,47
114,421,314,65,47
115,415,321,65,47
116,409,327,65,47
117,405,333,65,47
118,399,335,65,47
119,394,338,65,47
120,390,341,65,47
121,386,342,65,47
122,379,343,65,47
123,366,344,65,47
124,350,346,65,47
125,329,346,65,47
126,308,347,65,47
127,292,350,65,47
128,286,351,65,47
129,285,353,65,47
130,284,352,65,47
131,286,352,65,47
132,291,351,65,47
133,300,349,65,47
134,307,348,65,47
135,310,346,65,47
136,309,342,65,47
137,307,338,65,47
138,309,335,65,47
139,313,331,65,47
140,311,326,65,47
141,300,325,65,47
142,292,322,65,47
143,281,323,65,47
144,269,321,65,47
145,259,319,65,47
