12-MovingCamera 6
16,503,832,62,90
17,470,843,62,90
18,470,814,62,90
19,464,832,62,90
20,502,813,62,90
21,1580,835,62,90
22,1507,795,62,90
23,1509,768,62,90
24,1515,749,62,90
25,1502,730,62,90
26,1531,719,62,90
27,1572,708,62,90
28,1597,704,62,90
29,1616,716,62,90
30,1615,721,62,90
31,1639,721,62,90
32,1642,341,62,90
33,1668,336,62,90
34,1678,319,62,90
35,1642,310,62,90
36,1634,306,62,90
37,1632,314,62,90
38,1626,299,62,90
39,1614,276,62,90
40,1594,268,62,90
41,1576,239,62,90
42,1598,258,62,90
43,1609,246,62,90
44,1595,212,62,90
45,1640,182,62,90
46,1664,176,62,90
47,1681,144,62,90
48,1733,122,62,90
49,787,526,62,90
50,801,562,62,90
51,1471,134,62,90
52,1692,183,62,90
53,1729,197,62,90
54,1803,178,62,90
55,303,695,62,90
56,301,693,62,90
57,263,741,62,90
58,204,760,62,90
59,162,771,62,90
60,151,767,62,90
61,99,786,62,90
62,94,767,62,90
63,97,761,62,90
64,83,754,62,90
65,66,726,62,90
66,49,722,62,90
67,66,712,62,90
68,10,723,62,90
69,67,755,62,90
70,121,792,62,90
71,189,809,62,90
72,175,812,62,90
73,187,803,62,90
74,240,858,62,90
75,246,902,62,90
76,363,980,62,90
77,354,980,62,90
78,321,975,62,90
79,287,942,62,90
80,211,895,62,90
81,148,879,62,90
82,161,877,62,90
83,164,900,62,90
84,364,876,62,90
85,366,877,62,90
86,353,861,62,90
87,327,884,62,90
88,340,892,62,90
89,356,902,62,90
90,327,902,62,90
91,311,877,62,90
92,334,864,62,90
93,357,871,62,90
94,381,875,62,90
95,371,896,62,90
96,384,894,62,90
97,409,900,62,90
98,431,911,62,90
99,472,888,62,90
100,492,871,62,90
101,500,845,62,90
102,522,836,62,90
103,573,840,62,90
104,618,838,62,90
105,619,821,62,90
106,611,823,62,90
107,624,811,62,90
108,654,784,62,90
109,665,804,62,90
110,705,791,62,90
111,754,818,62,90
112,776,832,62,90
113,790,813,62,90
114,794,795,62,90
115,835,899,62,90
116,848,885,62,90
117,888,865,62,90
118,929,871,62,90
119,986,854,62,90
120,979,797,62,90
121,1002,786,62,90
122,1028,762,62,90
123,1049,741,62,90
124,1074,734,62,90
125,1106,730,62,90
126,1122,726,62,90
127,1105,709,62,90
128,1085,701,62,90
129,1087,707,62,90
130,1074,692,62,90
131,1034,675,62,90
132,1019,666,62,90
133,1020,641,62,90
134,1003,625,62,90
135,963,639,62,90
136,962,647,62,90
137,981,674,62,90
138,1013,697,62,90
139,1043,712,62,90
140,1053,716,62,90
141,1059,709,62,90
142,1087,707,62,90
143,1121,696,62,90
144,1161,705,62,90
