12-MovingCamera 22
41,976,132,36,42
42,930,212,36,42
43,876,247,36,42
44,72,17,36,42
45,1172,291,36,42
46,794,85,36,42
47,736,144,36,42
48,723,179,36,42
49,708,229,36,42
50,1116,291,36,42
51,1075,311,36,42
52,1162,171,36,42
53,1101,169,36,42
54,1093,179,36,42
55,1086,190,36,42
56,984,58,36,42
57,1037,94,36,42
58,1037,110,36,42
59,994,122,36,42
60,959,81,36,42
61,940,157,36,42
62,921,130,36,42
63,917,169,36,42
64,911,186,36,42
65,920,64,36,42
66,968,79,36,42
67,912,61,36,42
68,927,46,36,42
69,904,43,36,42
70,885,86,36,42
71,897,95,36,42
72,959,93,36,42
73,958,95,36,42
74,963,64,36,42
75,996,15,36,42
76,1025,35,36,42
77,1072,57,36,42
78,912,22,36,42
79,685,33,36,42
80,646,100,36,42
81,1081,161,36,42
82,1048,128,36,42
83,1015,136,36,42
84,1040,161,36,42
85,1006,180,36,42
86,1022,210,36,42
87,1025,242,36,42
88,1039,243,36,42
89,1054,315,36,42
90,1059,300,36,42
91,1036,297,36,42
92,1034,326,36,42
93,1067,353,36,42
94,1097,358,36,42
95,1095,344,36,42
96,1104,324,36,42
97,989,60,36,42
98,975,62,36,42
99,988,167,36,42
100,1026,118,36,42
101,995,170,36,42
102,963,177,36,42
103,988,88,36,42
104,958,55,36,42
105,918,93,36,42
106,920,82,36,42
107,920,86,36,42
108,882,103,36,42
109,899,124,36,42
110,899,110,36,42
111,888,87,36,42
112,875,106,36,42
113,855,94,36,42
114,686,94,36,42
115,511,90,36,42
116,500,83,36,42
117,945,215,36,42
118,969,200,36,42
119,962,202,36,42
120,1018,216,36,42
121,1044,222,36,42
122,1031,230,36,42
123,1017,227,36,42
124,922,76,36,42
125,928,70,36,42
126,940,85,36,42
127,972,65,36,42
128,1151,198,36,42
129,1159,168,36,42
130,1028,191,36,42
131,1023,207,36,42
132,172,287,36,42
133,950,188,36,42
134,940,248,36,42
135,932,310,36,42
136,962,265,36,42
137,880,225,36,42
138,880,218,36,42
139,841,17,36,42
140,849,74,36,42
141,891,61,36,42
142,876,98,36,42
143,870,123,36,42
144,907,142,36,42
145,869,150,36,42
146,856,162,36,42
147,824,205,36,42
148,776,200,36,42
149,771,191,36,42
150,1128,125,36,42
151,991,229,36,42
152,981,274,36,42
153,929,290,36,42
154,940,205,36,42
155,651,28,36,42
156,635,46,36,42
157,619,62,36,42
158,614,88,36,42
159,605,114,36,42
160,606,140,36,42
161,616,146,36,42
162,624,127,36,42
163,632,162,36,42
164,651,181,36,42
165,667,173,36,42
166,683,218,36,42
167,725,234,36,42
168,747,189,36,42
169,747,165,36,42
170,769,196,36,42
171,767,158,36,42
172,760,80,36,42
173,784,68,36,42
174,768,107,36,42
175,741,133,36,42
176,766,135,36,42
177,798,124,36,42
178,813,136,36,42
179,845,118,36,42
180,882,100,36,42
181,877,127,36,42
182,901,143,36,42
183,909,173,36,42
184,893,183,36,42
185,902,133,36,42
186,896,60,36,42
187,1182,177,36,42
188,1174,148,36,42
189,977,245,36,42
190,963,201,36,42
191,963,156,36,42
192,959,173,36,42
193,1085,68,36,42
194,1073,67,36,42
195,1074,71,36,42
196,1054,109,36,42
197,1060,143,36,42
198,1064,185,36,42
199,1059,200,36,42
200,1086,211,36,42
201,1094,235,36,42
202,1081,226,36,42
203,1109,33,36,42
204,1123,153,36,42
205,1024,230,36,42
206,1017,220,36,42
207,1003,219,36,42
208,971,212,36,42
209,954,204,36,42
210,958,212,36,42
211,960,257,36,42
212,952,286,36,42
213,965,299,36,42
214,976,319,36,42
215,962,369,36,42
216,970,361,36,42
217,930,356,36,42
218,927,364,36,42
219,942,362,36,42
220,755,20,36,42
221,754,30,36,42
222,720,9,36,42
223,1012,44,36,42
224,968,83,36,42
225,932,90,36,42
226,913,148,36,42
227,904,192,36,42
228,887,191,36,42
229,893,183,36,42
230,862,219,36,42
231,824,258,36,42
232,835,257,36,42
233,821,273,36,42
234,819,346,36,42
235,839,370,36,42
236,839,371,36,42
237,852,353,36,42
238,1054,36,36,42
239,911,33,36,42
240,889,138,36,42
241,943,131,36,42
242,935,172,36,42
243,938,141,36,42
244,973,127,36,42
245,967,168,36,42
246,975,164,36,42
247,978,144,36,42
248,975,150,36,42
249,1010,180,36,42
250,1032,161,36,42
251,952,237,36,42
252,974,249,36,42
253,946,246,36,42
254,812,234,36,42
255,783,203,36,42
256,753,263,36,42
257,831,168,36,42
258,941,125,36,42
259,947,221,36,42
260,1107,318,36,42
261,1132,305,36,42
262,1096,339,36,42
263,1033,410,36,42
264,960,416,36,42
265,956,404,36,42
266,922,415,36,42
267,949,395,36,42
268,957,405,36,42
269,884,443,36,42
270,888,438,36,42
271,854,413,36,42
272,846,374,36,42
273,832,313,36,42
274,816,257,36,42
275,896,262,36,42
276,924,278,36,42
277,944,262,36,42
278,987,205,36,42
279,1003,242,36,42
280,1016,274,36,42
281,867,253,36,42
282,911,223,36,42
283,933,251,36,42
284,963,243,36,42
285,959,262,36,42
286,987,252,36,42
287,984,291,36,42
288,1002,254,36,42
289,982,283,36,42
290,978,302,36,42
291,1004,278,36,42
292,1007,284,36,42
293,999,294,36,42
294,1004,286,36,42
295,1017,273,36,42
296,1024,281,36,42
297,1029,284,36,42
298,1027,281,36,42
299,1027,285,36,42
300,1030,288,36,42
301,1038,278,36,42
302,1042,285,36,42
303,1043,296,36,42
304,1037,285,36,42
305,1025,301,36,42
306,1019,322,36,42
307,1022,310,36,42
308,1025,296,36,42
309,999,306,36,42
310,958,320,36,42
311,971,322,36,42
312,974,330,36,42
313,950,353,36,42
314,949,356,36,42
315,939,379,36,42
316,926,370,36,42
317,941,390,36,42
318,606,65,36,42
319,873,130,36,42
320,887,130,36,42
321,484,20,36,42
322,422,14,36,42
323,1067,158,36,42
324,1044,152,36,42
325,1026,131,36,42
326,1070,111,36,42
327,1146,387,36,42
328,1070,422,36,42
329,1060,403,36,42
330,1084,644,36,42
331,1118,596,36,42
332,1068,508,36,42
333,1108,491,36,42
334,864,594,36,42
335,876,327,36,42
336,852,327,36,42
337,869,304,36,42
338,915,295,36,42
339,898,298,36,42
340,894,309,36,42
341,906,318,36,42
342,901,290,36,42
343,872,247,36,42
344,891,220,36,42
345,924,227,36,42
346,927,257,36,42
347,901,285,36,42
348,906,287,36,42
349,1091,389,36,42
350,1044,379,36,42
351,1024,375,36,42
352,1013,334,36,42
353,962,309,36,42
354,924,310,36,42
355,926,326,36,42
356,961,291,36,42
357,1077,50,36,42
358,1084,41,36,42
359,1084,95,36,42
360,1088,147,36,42
361,1096,169,36,42
362,1096,169,36,42
363,1116,150,36,42
364,1127,119,36,42
365,1126,115,36,42
366,1127,132,36,42
367,1137,160,36,42
368,1142,165,36,42
369,1128,153,36,42
370,1130,142,36,42
371,1135,147,36,42
372,1131,160,36,42
373,1131,160,36,42
374,1133,150,36,42
375,1120,153,36,42
376,1116,154,36,42
377,1127,147,36,42
378,1131,144,36,42
379,1123,139,36,42
380,1129,137,36,42
381,1133,128,36,42
382,1127,130,36,42
383,1130,135,36,42
384,1134,127,36,42
385,1135,132,36,42
386,1140,140,36,42
387,1138,140,36,42
388,1136,144,36,42
389,1140,146,36,42
390,1138,154,36,42
391,1149,139,36,42
392,911,160,36,42
393,902,168,36,42
394,909,180,36,42
395,915,177,36,42
396,913,178,36,42
397,912,177,36,42
398,914,179,36,42
399,909,188,36,42
400,914,187,36,42
401,909,170,36,42
402,904,164,36,42
403,909,172,36,42
404,910,168,36,42
405,904,161,36,42
406,903,158,36,42
407,899,150,36,42
408,896,149,36,42
409,897,144,36,42
410,895,144,36,42
411,894,143,36,42
412,890,136,36,42
413,884,136,36,42
414,882,141,36,42
415,880,141,36,42
416,870,138,36,42
417,861,137,36,42
418,858,144,36,42
419,848,153,36,42
420,833,139,36,42
421,832,131,36,42
422,835,139,36,42
423,831,132,36,42
424,823,130,36,42
425,820,134,36,42
426,822,127,36,42
427,818,126,36,42
428,812,135,36,42
429,815,137,36,42
430,819,141,36,42
431,822,139,36,42
432,825,135,36,42
433,828,144,36,42
434,831,147,36,42
435,831,146,36,42
436,834,148,36,42
437,837,149,36,42
438,838,144,36,42
439,840,140,36,42
440,841,142,36,42
441,839,148,36,42
442,840,150,36,42
443,842,149,36,42
444,843,146,36,42
445,844,151,36,42
446,851,153,36,42
447,850,146,36,42
448,850,145,36,42
449,857,148,36,42
450,859,144,36,42
451,857,141,36,42
452,862,146,36,42
453,868,147,36,42
454,866,144,36,42
455,868,145,36,42
456,870,141,36,42
457,871,145,36,42
458,876,151,36,42
459,873,144,36,42
460,874,140,36,42
461,876,149,36,42
462,876,143,36,42
463,876,137,36,42
464,877,145,36,42
465,877,147,36,42
466,876,144,36,42
467,881,141,36,42
468,886,141,36,42
469,884,138,36,42
470,884,135,36,42
471,888,139,36,42
472,884,138,36,42
473,884,138,36,42
474,884,142,36,42
475,882,141,36,42
476,882,142,36,42
477,884,143,36,42
478,881,143,36,42
479,879,139,36,42
480,881,135,36,42
481,878,138,36,42
482,873,148,36,42
483,873,145,36,42
484,870,142,36,42
485,868,145,36,42
486,868,145,36,42
487,863,144,36,42
488,863,144,36,42
489,862,141,36,42
490,860,141,36,42
491,862,145,36,42
492,866,140,36,42
493,863,138,36,42
494,863,147,36,42
495,863,147,36,42
496,861,141,36,42
497,861,148,36,42
498,861,150,36,42
499,859,144,36,42
500,859,148,36,42
501,858,149,36,42
502,851,139,36,42
503,852,139,36,42
504,852,134,36,42
505,848,119,36,42
506,846,114,36,42
507,846,110,36,42
508,843,96,36,42
509,839,99,36,42
510,837,105,36,42
511,833,101,36,42
512,833,106,36,42
513,833,106,36,42
514,830,99,36,42
515,834,100,36,42
516,831,94,36,42
517,831,94,36,42
518,833,102,36,42
519,832,92,36,42
520,830,89,36,42
521,832,94,36,42
522,832,87,36,42
523,829,84,36,42
524,831,92,36,42
525,827,90,36,42
526,823,86,36,42
527,829,93,36,42
528,829,93,36,42
529,827,93,36,42
530,827,97,36,42
531,827,97,36,42
532,819,92,36,42
533,815,91,36,42
534,813,92,36,42
535,802,98,36,42
536,795,96,36,42
537,783,97,36,42
538,775,98,36,42
539,770,96,36,42
540,759,104,36,42
541,740,96,36,42
542,735,80,36,42
543,746,73,36,42
544,746,71,36,42
545,743,65,36,42
546,746,57,36,42
547,749,56,36,42
548,744,53,36,42
549,740,60,36,42
550,743,64,36,42
551,734,66,36,42
552,734,73,36,42
553,734,77,36,42
554,732,80,36,42
555,734,89,36,42
556,742,89,36,42
557,739,78,36,42
558,743,93,36,42
559,753,113,36,42
560,755,112,36,42
561,756,105,36,42
562,763,117,36,42
563,770,128,36,42
564,772,114,36,42
565,776,107,36,42
566,779,123,36,42
567,773,133,36,42
568,765,128,36,42
569,761,135,36,42
570,758,148,36,42
571,752,145,36,42
572,754,140,36,42
573,754,137,36,42
574,752,138,36,42
575,754,144,36,42
576,754,139,36,42
577,754,133,36,42
578,758,139,36,42
579,758,132,36,42
580,762,111,36,42
581,760,111,36,42
582,758,124,36,42
583,755,117,36,42
584,754,111,36,42
585,756,119,36,42
586,754,125,36,42
587,756,119,36,42
588,757,113,36,42
589,754,115,36,42
590,754,118,36,42
591,756,113,36,42
592,755,113,36,42
593,754,116,36,42
594,754,117,36,42
595,755,112,36,42
596,754,118,36,42
597,754,125,36,42
598,758,117,36,42
599,758,116,36,42
600,755,123,36,42
601,755,123,36,42
602,756,119,36,42
603,757,124,36,42
604,757,127,36,42
605,757,114,36,42
606,758,112,36,42
607,758,122,36,42
608,758,115,36,42
609,758,116,36,42
610,760,122,36,42
611,759,117,36,42
612,759,117,36,42
613,761,123,36,42
614,760,121,36,42
615,758,125,36,42
616,761,128,36,42
617,760,126,36,42
618,765,124,36,42
619,765,123,36,42
620,766,121,36,42
621,762,121,36,42
622,765,121,36,42
623,765,121,36,42
624,765,121,36,42
625,767,121,36,42
626,767,121,36,42
627,769,124,36,42
628,770,128,36,42
629,768,125,36,42
630,769,122,36,42
631,768,125,36,42
632,774,131,36,42
633,773,128,36,42
634,776,122,36,42
635,778,130,36,42
636,778,128,36,42
637,777,119,36,42
638,781,119,36,42
639,777,126,36,42
640,775,126,36,42
641,774,126,36,42
642,768,125,36,42
643,770,125,36,42
644,770,125,36,42
645,770,124,36,42
646,766,130,36,42
647,766,129,36,42
648,765,125,36,42
649,765,125,36,42
650,767,125,36,42
651,767,128,36,42
652,763,128,36,42
653,765,128,36,42
654,765,130,36,42
655,765,128,36,42
656,766,131,36,42
657,767,132,36,42
658,765,132,36,42
659,765,133,36,42
660,765,134,36,42
661,766,135,36,42
662,766,134,36,42
663,766,128,36,42
664,767,129,36,42
665,766,136,36,42
666,765,129,36,42
667,764,122,36,42
668,766,128,36,42
669,765,132,36,42
670,763,130,36,42
671,765,133,36,42
672,765,135,36,42
673,767,129,36,42
674,770,129,36,42
675,775,130,36,42
676,774,129,36,42
677,776,130,36,42
678,778,129,36,42
679,778,130,36,42
680,781,134,36,42
681,788,133,36,42
682,798,135,36,42
683,801,138,36,42
684,803,138,36,42
