12-MovingCamera 8
81,1328,357,71,90
82,1324,351,71,90
83,1322,344,71,90
84,1320,336,71,90
85,1321,329,71,90
86,1325,326,71,90
87,1329,324,71,90
88,1335,319,71,90
89,1339,313,71,90
90,1337,307,71,90
91,1333,304,71,90
92,1325,308,71,90
93,1316,314,71,90
94,1310,321,71,90
95,1302,329,71,90
96,1293,336,71,90
97,1282,341,71,90
98,1269,348,71,90
99,1256,357,71,90
100,1244,364,71,90
101,1235,369,71,90
102,1227,382,71,90
103,1223,402,71,90
104,1227,419,71,90
105,1227,432,71,90
106,1223,445,71,90
107,1217,458,71,90
108,1209,468,71,90
109,1199,478,71,90
110,1184,487,71,90
111,1169,494,71,90
112,1158,501,71,90
113,1148,508,71,90
114,1136,515,71,90
115,1124,521,71,90
116,1113,526,71,90
117,1100,532,71,90
118,1082,540,71,90
119,1063,548,71,90
120,1045,553,71,90
121,1028,559,71,90
122,1013,565,71,90
123,1011,570,71,90
124,1012,571,71,90
125,1005,571,71,90
126,995,573,71,90
127,988,575,71,90
128,986,578,71,90
129,983,580,71,90
130,977,582,71,90
131,969,582,71,90
132,961,578,71,90
133,951,574,71,90
134,941,572,71,90
135,933,572,71,90
136,923,570,71,90
137,915,564,71,90
138,904,558,71,90
139,887,556,71,90
140,872,558,71,90
141,863,561,71,90
142,851,563,71,90
143,838,565,71,90
144,828,569,71,90
145,816,571,71,90
146,810,569,71,90
147,796,565,71,90
148,779,559,71,90
149,761,558,71,90
150,744,564,71,90
151,733,566,71,90
152,718,566,71,90
153,705,565,71,90
154,692,555,71,90
155,674,547,71,90
156,647,549,71,90
157,624,552,71,90
158,607,548,71,90
159,588,545,71,90
160,567,543,71,90
161,551,538,71,90
162,533,533,71,90
163,511,531,71,90
164,489,527,71,90
165,469,525,71,90
166,452,528,71,90
167,441,529,71,90
168,436,529,71,90
169,427,529,71,90
170,418,526,71,90
171,419,512,71,90
172,422,499,71,90
173,413,494,71,90
174,401,491,71,90
175,399,485,71,90
176,404,480,71,90
177,412,478,71,90
178,417,481,71,90
179,423,483,71,90
180,432,484,71,90
