13-ZoomingCamera 17
41,1015,326,195,254
42,1010,328,195,254
43,1005,334,195,254
44,1001,344,195,254
45,997,352,195,254
46,994,353,195,254
47,992,349,195,254
48,991,341,195,254
49,990,333,195,254
50,989,329,195,254
51,987,328,195,254
52,986,330,195,254
53,984,333,195,254
54,982,334,195,254
55,980,331,195,254
56,977,327,195,254
57,974,325,195,254
58,971,325,195,254
59,968,327,195,254
60,967,331,195,254
61,967,334,195,254
62,967,334,195,254
63,967,328,195,254
64,965,320,195,254
65,964,314,195,254
66,964,312,195,254
67,964,313,195,254
68,965,319,195,254
69,967,323,195,254
70,970,324,195,254
71,973,322,195,254
72,976,318,195,254
73,977,314,195,254
74,981,312,195,254
75,984,312,195,254
76,987,314,195,254
77,990,320,195,254
78,994,322,195,254
79,995,320,195,254
80,993,314,195,254
81,991,304,195,254
82,991,298,195,254
83,991,296,195,254
84,991,298,195,254
85,992,302,195,254
86,994,303,195,254
87,993,299,195,254
88,991,291,195,254
89,992,285,195,254
90,993,285,195,254
91,992,287,195,254
92,993,293,195,254
93,994,299,195,254
94,994,300,195,254
95,994,296,195,254
96,995,290,195,254
97,997,284,195,254
98,999,282,195,254
99,1002,280,195,254
100,1005,280,195,254
101,1008,281,195,254
102,1012,280,195,254
103,1017,278,195,254
104,1019,277,195,254
105,1020,276,195,254
106,1023,277,195,254
107,1028,280,195,254
108,1032,283,195,254
109,1036,284,195,254
110,1041,283,195,254
111,1045,282,195,254
112,1048,281,195,254
113,1052,277,195,254
114,1054,276,195,254
115,1056,275,195,254
116,1058,276,195,254
117,1060,277,195,254
118,1062,276,195,254
119,1063,272,195,254
120,1065,268,195,254
121,1065,267,195,254
122,1065,266,195,254
123,1065,267,195,254
124,1064,268,195,254
125,1062,269,195,254
126,1060,270,195,254
127,1057,269,195,254
128,1054,267,195,254
129,1052,265,195,254
130,1049,263,195,254
131,1046,262,195,254
132,1044,261,195,254
133,1042,262,195,254
134,1039,263,195,254
135,1035,264,195,254
136,1033,263,195,254
137,1031,262,195,254
138,1027,260,195,254
139,1022,258,195,254
140,1020,258,195,254
141,1018,261,195,254
142,1015,264,195,254
143,1012,267,195,254
144,1010,268,195,254
145,1009,269,195,254
146,1007,270,195,254
147,1004,270,195,254
148,1003,271,195,254
149,1002,274,195,254
150,1000,279,195,254
151,998,283,195,254
152,998,284,195,254
153,999,283,195,254
154,999,284,195,254
155,998,285,195,254
156,998,288,195,254
157,998,292,195,254
158,997,297,195,254
159,997,300,195,254
160,998,299,195,254
161,998,297,195,254
162,997,293,195,254
163,997,292,195,254
164,1000,293,195,254
165,1001,296,195,254
166,1001,299,195,254
167,1004,300,195,254
168,1007,301,195,254
169,1009,300,195,254
170,1011,301,195,254
171,1013,300,195,254
172,1015,301,195,254
173,1019,304,195,254
174,1022,307,195,254
175,1024,308,195,254
176,1026,307,195,254
177,1029,303,195,254
178,1031,299,195,254
179,1032,298,195,254
180,1033,299,195,254
181,1034,300,195,254
182,1033,303,195,254
183,1033,304,195,254
184,1034,305,195,254
185,1033,304,195,254
186,1030,302,195,254
187,1029,300,195,254
188,1029,300,195,254
189,1027,302,195,254
190,1025,306,195,254
191,1024,309,195,254
192,1024,309,195,254
193,1023,309,195,254
194,1021,307,195,254
195,1020,306,195,254
196,1019,305,195,254
197,1017,306,195,254
198,1015,309,195,254
199,1015,312,195,254
200,1015,313,195,254
201,1014,311,195,254
202,1012,309,195,254
203,1011,305,195,254
204,1011,302,195,254
205,1010,303,195,254
206,1008,304,195,254
207,1008,307,195,254
208,1008,308,195,254
209,1006,307,195,254
210,1005,303,195,254
211,1005,300,195,254
212,1005,297,195,254
213,1004,298,195,254
214,1004,301,195,254
215,1004,302,195,254
216,1004,303,195,254
217,1004,300,195,254
218,1006,297,195,254
219,1008,294,195,254
220,1010,293,195,254
221,1012,292,195,254
222,1014,293,195,254
223,1015,294,195,254
224,1016,295,195,254
225,1017,294,195,254
226,1019,291,195,254
227,1021,288,195,254
228,1022,284,195,254
229,1023,283,195,254
230,1024,282,195,254
231,1025,283,195,254
232,1026,282,195,254
233,1028,279,195,254
234,1030,276,195,254
235,1033,275,195,254
236,1037,274,195,254
237,1041,273,195,254
238,1046,274,195,254
239,1052,276,195,254
240,1057,280,195,254
241,1062,284,195,254
242,1067,285,195,254
243,1072,286,195,254
244,1086,282,195,254
245,1100,278,195,254
246,1114,274,195,254
247,1130,268,195,254
248,1143,266,195,254
249,1158,262,195,254
250,1173,258,195,254
251,1187,252,195,254
252,1201,246,195,254
253,1216,240,195,254
254,1231,234,195,254
255,1246,230,195,254
256,1261,226,195,254
257,1274,222,195,254
258,1288,216,195,254
259,1303,210,195,254
260,1317,204,195,254
261,1329,200,195,254
262,1340,198,195,254
263,1352,196,195,254
264,1364,192,195,254
265,1374,188,195,254
266,1385,182,195,254
267,1397,176,195,254
268,1409,172,195,254
269,1419,170,195,254
270,1430,168,195,254
271,1441,166,195,254
272,1452,162,195,254
273,1463,158,195,254
274,1475,152,195,254
275,1488,146,195,254
276,1500,142,195,254
277,1512,140,195,254
278,1524,138,195,254
279,1534,136,195,254
280,1544,132,195,254
281,1554,126,195,254
