13-ZoomingCamera 9
1,283,260,22,46
2,283,260,22,46
3,283,260,22,46
4,283,260,22,46
5,283,260,22,46
6,283,260,22,46
7,283,260,22,46
8,283,260,22,46
9,283,260,22,46
10,283,260,22,46
11,283,260,22,46
12,283,260,22,46
13,283,260,22,46
14,283,260,22,46
15,283,260,22,46
16,283,260,22,46
17,283,260,22,46
18,283,260,22,46
19,283,260,22,46
20,283,260,22,46
21,283,260,22,46
22,283,260,22,46
23,283,260,22,46
24,283,260,22,46
25,283,260,22,46
26,283,260,22,46
27,283,260,22,46
28,283,260,22,46
29,283,260,22,46
30,283,260,22,46
31,283,260,22,46
32,283,260,22,46
33,283,260,22,46
34,283,260,22,46
35,283,260,22,46
36,283,260,22,46
37,283,260,22,46
38,283,260,22,46
39,283,260,22,46
40,283,260,22,46
41,283,260,22,46
42,283,260,22,46
43,283,260,22,46
44,283,260,22,46
45,283,260,22,46
46,283,260,22,46
47,283,260,22,46
48,283,260,22,46
49,283,260,22,46
50,283,260,22,46
51,283,260,22,46
52,283,260,22,46
53,283,260,22,46
54,283,260,22,46
55,283,260,22,46
56,283,260,22,46
57,283,260,22,46
58,283,260,22,46
59,283,260,22,46
60,283,260,22,46
61,283,260,22,46
62,283,260,22,46
63,283,260,22,46
64,283,260,22,46
65,283,260,22,46
66,283,260,22,46
67,283,260,22,46
68,283,260,22,46
69,283,260,22,46
70,283,260,22,46
71,283,260,22,46
72,283,260,22,46
73,283,260,22,46
74,283,260,22,46
75,283,260,22,46
76,283,260,22,46
77,283,260,22,46
78,283,260,22,46
79,283,260,22,46
80,283,260,22,46
81,283,260,22,46
82,283,260,22,46
83,283,260,22,46
84,283,260,22,46
85,283,260,22,46
86,284,260,22,46
87,284,260,22,46
88,285,260,22,46
89,286,260,22,46
90,287,260,22,46
91,288,260,22,46
92,289,260,22,46
93,290,260,22,46
94,291,260,22,46
95,292,260,22,46
96,293,260,22,46
97,293,260,22,46
98,294,260,22,46
99,295,260,22,46
100,295,260,22,46
101,296,260,22,46
102,297,260,22,46
103,298,260,22,46
104,299,260,22,46
105,300,260,22,46
106,301,260,22,46
107,301,260,22,46
108,302,260,22,46
109,303,260,22,46
110,303,260,22,46
111,304,260,22,46
112,305,260,22,46
113,306,260,22,46
114,307,260,22,46
115,307,260,22,46
116,308,260,22,46
117,309,260,22,46
118,309,260,22,46
119,310,260,22,46
120,311,260,22,46
121,312,260,22,46
122,313,260,22,46
123,313,260,22,46
124,313,260,22,46
125,314,260,22,46
126,314,260,22,46
127,314,260,22,46
128,314,260,22,46
129,314,260,22,46
130,314,260,22,46
131,314,260,22,46
132,314,260,22,46
133,314,260,22,46
134,314,260,22,46
135,314,260,22,46
136,314,260,22,46
137,314,260,22,46
138,314,260,22,46
139,314,260,22,46
140,314,260,22,46
141,314,260,22,46
142,314,260,22,46
143,314,260,22,46
144,314,260,22,46
145,314,260,22,46
146,314,260,22,46
147,314,260,22,46
148,314,260,22,46
149,314,260,22,46
150,314,260,22,46
151,314,260,22,46
152,314,260,22,46
153,314,260,22,46
154,314,260,22,46
155,314,260,22,46
156,314,260,22,46
157,314,260,22,46
158,314,260,22,46
159,314,260,22,46
160,314,260,22,46
161,314,260,22,46
162,314,260,22,46
163,314,260,22,46
164,314,260,22,46
165,314,260,22,46
166,314,260,22,46
167,314,260,22,46
168,314,260,22,46
169,314,260,22,46
170,314,260,22,46
171,314,260,22,46
172,314,260,22,46
173,314,260,22,46
174,314,260,22,46
175,314,260,22,46
176,314,260,22,46
177,314,260,22,46
178,314,260,22,46
179,314,260,22,46
180,314,260,22,46
181,314,260,22,46
182,314,260,22,46
183,314,260,22,46
184,314,260,22,46
185,314,260,22,46
186,314,260,22,46
187,314,260,22,46
188,314,260,22,46
189,314,260,22,46
190,314,260,22,46
191,314,260,22,46
192,315,260,22,46
193,316,260,22,46
194,317,260,22,46
195,318,260,22,46
196,319,260,22,46
197,320,260,22,46
198,321,260,22,46
199,322,260,22,46
200,323,260,22,46
201,324,260,22,46
202,325,260,22,46
203,326,260,22,46
204,327,260,22,46
205,328,260,22,46
206,329,260,22,46
207,330,260,22,46
208,331,260,22,46
209,332,260,22,46
210,333,260,22,46
211,334,261,22,46
212,335,262,22,46
213,336,262,22,46
214,337,263,22,46
215,338,264,22,46
216,338,264,22,46
217,338,265,22,46
218,338,265,22,46
219,338,266,22,46
220,338,267,22,46
221,338,268,22,46
222,338,269,22,46
223,339,270,22,46
224,339,271,22,46
225,339,272,22,46
226,339,273,22,46
227,339,274,22,46
228,339,275,22,46
229,339,276,22,46
230,339,277,22,46
231,339,278,22,46
232,339,279,22,46
233,339,280,22,46
234,339,281,22,46
235,339,282,22,46
236,339,283,22,46
237,339,284,22,46
238,339,285,22,46
239,339,286,22,46
240,339,287,22,46
241,339,288,22,46
242,339,289,22,46
243,339,290,22,46
244,339,291,22,46
245,339,292,22,46
246,339,293,22,46
247,339,294,22,46
248,339,295,22,46
249,339,296,22,46
250,339,297,22,46
251,339,298,22,46
252,339,299,22,46
253,339,300,22,46
254,339,301,22,46
255,339,303,22,46
256,339,304,22,46
257,339,306,22,46
258,339,308,22,46
259,339,310,22,46
260,339,312,22,46
261,339,314,22,46
262,339,316,22,46
263,339,318,22,46
264,339,320,22,46
265,339,322,22,46
266,339,324,22,46
267,339,326,22,46
268,339,328,22,46
269,339,330,22,46
270,339,332,22,46
271,339,335,22,46
272,339,338,22,46
273,339,341,22,46
274,339,344,22,46
275,339,347,22,46
276,339,350,22,46
277,339,353,22,46
278,340,356,22,46
279,340,360,22,46
280,340,364,22,46
281,340,368,22,46
282,340,372,22,46
283,340,376,22,46
284,339,380,22,46
285,337,385,22,46
286,335,390,22,46
287,333,395,22,46
288,331,400,22,46
289,329,405,22,46
290,327,410,22,46
291,326,415,22,46
