13-ZoomingCamera 15
1,1040,364,71,71
2,1039,364,71,71
3,1038,364,71,71
4,1037,364,71,71
5,1036,364,71,71
6,1035,364,71,71
7,1034,364,71,71
8,1033,364,71,71
9,1032,364,71,71
10,1031,364,71,71
11,1030,364,71,71
12,1028,364,71,71
13,1027,364,71,71
14,1026,364,71,71
15,1025,364,71,71
16,1024,364,71,71
17,1023,364,71,71
18,1022,364,71,71
19,1021,364,71,71
20,1020,365,71,71
21,1019,365,71,71
22,1018,365,71,71
23,1017,365,71,71
24,1016,366,71,71
25,1015,366,71,71
26,1014,366,71,71
27,1013,366,71,71
28,1012,366,71,71
29,1011,366,71,71
30,1010,366,71,71
31,1009,366,71,71
32,1007,366,71,71
33,1006,366,71,71
34,1005,367,71,71
35,1004,367,71,71
36,1003,368,71,71
37,1001,369,71,71
38,999,369,71,71
39,997,370,71,71
40,995,371,71,71
41,993,372,71,71
42,991,373,71,71
43,989,374,71,71
44,987,374,71,71
45,985,375,71,71
46,983,375,71,71
47,981,375,71,71
48,979,376,71,71
49,977,376,71,71
50,975,376,71,71
51,973,377,71,71
52,971,378,71,71
53,969,378,71,71
54,967,378,71,71
55,965,379,71,71
56,963,380,71,71
57,961,380,71,71
58,959,381,71,71
59,957,381,71,71
60,955,382,71,71
61,953,383,71,71
62,951,383,71,71
63,949,384,71,71
64,947,384,71,71
65,945,385,71,71
66,943,385,71,71
67,941,386,71,71
68,939,386,71,71
69,937,387,71,71
70,935,388,71,71
71,933,389,71,71
72,931,390,71,71
73,929,391,71,71
74,927,392,71,71
75,925,393,71,71
76,922,394,71,71
77,920,395,71,71
78,917,396,71,71
79,914,397,71,71
80,911,398,71,71
81,908,399,71,71
82,905,400,71,71
83,902,401,71,71
84,899,402,71,71
85,896,403,71,71
86,893,404,71,71
87,890,405,71,71
88,887,406,71,71
89,884,407,71,71
90,881,408,71,71
91,878,409,71,71
92,875,410,71,71
93,872,411,71,71
94,869,412,71,71
95,866,413,71,71
96,863,414,71,71
97,860,415,71,71
98,857,416,71,71
99,854,417,71,71
100,851,418,71,71
101,848,419,71,71
102,845,420,71,71
103,842,421,71,71
104,839,422,71,71
105,836,423,71,71
106,833,424,71,71
107,830,425,71,71
108,827,426,71,71
109,823,427,71,71
110,819,428,71,71
111,815,429,71,71
112,811,430,71,71
113,807,431,71,71
114,803,432,71,71
115,799,433,71,71
116,795,434,71,71
117,791,436,71,71
118,787,438,71,71
119,783,440,71,71
120,779,442,71,71
121,775,444,71,71
122,771,446,71,71
123,767,448,71,71
124,763,450,71,71
125,759,452,71,71
126,755,454,71,71
127,750,456,71,71
128,745,458,71,71
129,740,460,71,71
130,735,462,71,71
131,730,464,71,71
132,725,466,71,71
133,720,468,71,71
134,715,470,71,71
135,710,472,71,71
136,705,474,71,71
137,700,476,71,71
138,694,479,71,71
139,688,482,71,71
140,682,485,71,71
141,676,488,71,71
142,670,491,71,71
143,664,494,71,71
144,658,497,71,71
145,652,500,71,71
146,645,503,71,71
147,638,506,71,71
148,631,509,71,71
149,624,512,71,71
150,617,515,71,71
151,610,518,71,71
152,602,522,71,71
153,594,526,71,71
154,586,530,71,71
155,578,534,71,71
156,570,538,71,71
157,561,542,71,71
158,552,546,71,71
159,543,550,71,71
160,534,554,71,71
161,524,558,71,71
162,514,563,71,71
163,504,567,71,71
164,493,572,71,71
165,482,577,71,71
166,471,582,71,71
167,459,587,71,71
168,447,592,71,71
169,434,598,71,71
170,421,604,71,71
171,407,610,71,71
172,393,616,71,71
173,378,623,71,71
174,363,630,71,71
175,347,637,71,71
176,330,645,71,71
177,313,653,71,71
178,295,661,71,71
179,276,670,71,71
180,256,679,71,71
181,236,688,71,71
