13-ZoomingCamera 18
21,699,388,68,71
22,697,388,68,71
23,695,386,68,71
24,694,384,68,71
25,693,384,68,71
26,692,384,68,71
27,692,384,68,71
28,692,384,68,71
29,692,384,68,71
30,693,384,68,71
31,693,384,68,71
32,692,384,68,71
33,691,384,68,71
34,690,384,68,71
35,689,384,68,71
36,689,384,68,71
37,689,385,68,71
38,688,386,68,71
39,687,386,68,71
40,686,386,68,71
41,685,386,68,71
42,684,386,68,71
43,683,384,68,71
44,682,384,68,71
45,681,384,68,71
46,765,333,68,71
47,751,323,68,71
48,737,313,68,71
49,727,305,68,71
50,721,299,68,71
51,720,297,68,71
52,724,299,68,71
53,729,305,68,71
54,736,313,68,71
55,743,319,68,71
56,750,319,68,71
57,756,315,68,71
58,764,313,68,71
59,770,313,68,71
60,777,317,68,71
61,782,323,68,71
62,785,327,68,71
63,786,329,68,71
64,786,327,68,71
65,784,323,68,71
66,781,319,68,71
67,777,317,68,71
68,773,319,68,71
69,770,325,68,71
70,767,331,68,71
71,765,336,68,71
72,765,340,68,71
73,765,342,68,71
74,765,343,68,71
75,765,344,68,71
76,764,346,68,71
77,763,350,68,71
78,760,352,68,71
79,757,352,68,71
80,755,352,68,71
81,754,352,68,71
82,753,353,68,71
83,753,356,68,71
84,754,360,68,71
85,756,366,68,71
86,758,372,68,71
87,762,378,68,71
88,766,380,68,71
89,764,376,68,71
90,755,366,68,71
91,741,354,68,71
92,726,344,68,71
93,709,336,68,71
94,690,330,68,71
95,672,326,68,71
