13-ZoomingCamera 22
21,253,117,34,49
22,258,119,34,49
23,263,123,34,49
24,267,129,34,49
25,273,135,34,49
26,278,139,34,49
27,282,140,34,49
28,286,140,34,49
29,289,140,34,49
30,290,143,34,49
31,291,146,34,49
32,292,151,34,49
33,293,157,34,49
34,293,164,34,49
35,294,171,34,49
36,296,177,34,49
37,297,180,34,49
38,298,180,34,49
39,299,176,34,49
40,300,168,34,49
41,301,159,34,49
42,303,150,34,49
43,305,144,34,49
44,307,140,34,49
45,309,138,34,49
46,547,417,34,49
47,547,417,34,49
48,548,416,34,49
49,548,415,34,49
50,550,415,34,49
51,510,409,34,49
52,359,418,34,49
53,362,418,34,49
54,363,418,34,49
55,362,418,34,49
56,363,418,34,49
57,364,418,34,49
58,366,418,34,49
59,368,418,34,49
60,369,418,34,49
61,370,418,34,49
62,372,418,34,49
63,373,418,34,49
64,375,418,34,49
65,376,418,34,49
66,378,418,34,49
67,379,418,34,49
68,381,418,34,49
69,383,418,34,49
70,385,418,34,49
71,387,418,34,49
72,390,418,34,49
73,391,418,34,49
74,392,418,34,49
75,396,418,34,49
76,399,418,34,49
77,402,418,34,49
78,404,418,34,49
79,406,418,34,49
80,408,418,34,49
81,411,418,34,49
82,413,418,34,49
83,416,418,34,49
84,418,418,34,49
85,420,418,34,49
86,422,418,34,49
87,424,418,34,49
88,426,418,34,49
89,427,418,34,49
90,428,418,34,49
91,429,418,34,49
92,428,418,34,49
93,427,418,34,49
94,422,418,34,49
95,420,418,34,49
96,418,418,34,49
97,417,418,34,49
98,417,418,34,49
99,418,418,34,49
100,419,418,34,49
101,446,418,34,49
102,574,418,34,49
103,14,417,34,49
104,142,417,34,49
105,146,415,34,49
106,143,417,34,49
107,123,417,34,49
108,122,417,34,49
109,111,417,34,49
110,111,417,34,49
111,85,417,34,49
112,74,417,34,49
113,71,417,34,49
114,69,417,34,49
115,66,417,34,49
116,153,417,34,49
117,137,417,34,49
118,126,417,34,49
119,119,417,34,49
120,218,417,34,49
121,209,417,34,49
122,209,417,34,49
123,209,417,34,49
124,210,417,34,49
125,208,417,34,49
126,206,417,34,49
127,198,417,34,49
128,197,417,34,49
129,200,417,34,49
130,210,417,34,49
131,200,417,34,49
132,222,417,34,49
133,252,417,34,49
134,311,417,34,49
135,326,417,34,49
136,325,417,34,49
137,349,417,34,49
138,364,417,34,49
139,374,417,34,49
140,429,417,34,49
141,471,417,34,49
