13-ZoomingCamera 6
201,928,134,59,71
202,929,132,59,71
203,932,129,59,71
204,932,133,59,71
205,930,143,59,71
206,929,152,59,71
207,926,155,59,71
208,925,161,59,71
209,928,168,59,71
210,929,168,59,71
211,927,163,59,71
212,924,154,59,71
213,924,151,59,71
214,929,152,59,71
215,932,152,59,71
216,933,151,59,71
217,935,152,59,71
218,933,151,59,71
219,932,151,59,71
220,934,147,59,71
221,933,142,59,71
222,934,141,59,71
223,937,141,59,71
224,937,141,59,71
225,937,147,59,71
226,936,155,59,71
227,935,161,59,71
228,935,162,59,71
229,935,164,59,71
230,933,161,59,71
231,933,154,59,71
232,933,147,59,71
233,933,150,59,71
234,933,152,59,71
235,932,156,59,71
236,933,166,59,71
237,936,177,59,71
238,939,180,59,71
239,942,180,59,71
240,942,176,59,71
241,941,167,59,71
242,941,160,59,71
243,942,164,59,71
244,946,180,59,71
245,951,204,59,71
246,951,218,59,71
247,953,225,59,71
248,957,236,59,71
249,953,222,59,71
250,951,197,59,71
251,955,171,59,71
252,959,158,59,71
253,965,156,59,71
254,968,161,59,71
255,967,163,59,71
256,968,162,59,71
257,969,158,59,71
258,971,162,59,71
259,974,167,59,71
260,976,165,59,71
261,976,160,59,71
262,978,158,59,71
263,978,157,59,71
264,977,163,59,71
265,978,161,59,71
266,978,161,59,71
267,978,159,59,71
268,978,156,59,71
269,977,158,59,71
270,977,160,59,71
271,975,160,59,71
272,974,163,59,71
273,977,164,59,71
274,979,162,59,71
275,981,160,59,71
276,983,162,59,71
277,982,170,59,71
278,981,170,59,71
279,981,167,59,71
280,982,170,59,71
281,985,173,59,71
282,985,171,59,71
283,984,167,59,71
284,983,161,59,71
285,981,160,59,71
286,980,158,59,71
287,981,157,59,71
288,982,161,59,71
289,984,164,59,71
290,989,168,59,71
291,991,170,59,71
292,992,166,59,71
293,992,167,59,71
294,991,169,59,71
295,990,170,59,71
296,989,168,59,71
297,989,169,59,71
298,992,176,59,71
299,993,179,59,71
300,993,171,59,71
301,994,165,59,71
302,996,161,59,71
303,1001,160,59,71
304,1004,154,59,71
305,1005,151,59,71
306,1007,151,59,71
307,1006,157,59,71
308,1007,163,59,71
309,1011,161,59,71
310,1014,158,59,71
311,1015,160,59,71
312,1015,165,59,71
313,1013,171,59,71
314,1012,172,59,71
315,1012,166,59,71
316,1014,164,59,71
317,1015,161,59,71
318,1013,162,59,71
319,1012,164,59,71
320,1013,168,59,71
321,1013,166,59,71
322,1015,166,59,71
323,1018,168,59,71
324,1020,176,59,71
325,1021,178,59,71
326,1021,181,59,71
327,1022,183,59,71
328,1025,185,59,71
329,1025,174,59,71
330,1026,168,59,71
331,1026,163,59,71
332,1026,169,59,71
333,1029,190,59,71
334,1032,199,59,71
335,1034,190,59,71
336,1037,190,59,71
337,1039,188,59,71
338,1041,181,59,71
339,1042,177,59,71
340,1044,182,59,71
341,1048,189,59,71
342,1052,192,59,71
343,1057,188,59,71
344,1059,179,59,71
345,1058,170,59,71
346,1060,165,59,71
347,1062,165,59,71
348,1066,166,59,71
349,1073,165,59,71
350,1076,164,59,71
351,1079,168,59,71
352,1081,171,59,71
353,1084,175,59,71
354,1090,176,59,71
355,1095,175,59,71
356,1101,171,59,71
357,1106,171,59,71
358,1109,178,59,71
359,1115,180,59,71
360,1118,181,59,71
361,1121,188,59,71
362,1126,203,59,71
363,1131,214,59,71
364,1135,212,59,71
365,1138,207,59,71
366,1144,209,59,71
367,1155,220,59,71
368,1164,227,59,71
369,1172,228,59,71
370,1182,232,59,71
371,1190,235,59,71
372,1199,231,59,71
373,1208,226,59,71
374,1216,223,59,71
375,1228,227,59,71
376,1242,225,59,71
377,1258,223,59,71
378,1274,225,59,71
379,1294,233,59,71
380,1313,244,59,71
381,1329,256,59,71
382,1345,262,59,71
383,1364,256,59,71
384,1385,247,59,71
385,1408,242,59,71
386,1433,243,59,71
387,1459,255,59,71
388,1486,269,59,71
389,1514,288,59,71
390,1548,313,59,71
391,1589,335,59,71
392,1634,351,59,71
393,1676,434,59,71
394,1720,453,59,71
395,1765,501,59,71
396,696,706,59,71
