14-LongDuration 3
1,145,84,54,37
2,148,85,54,37
3,153,86,54,37
4,155,86,54,37
5,159,86,54,37
6,164,87,54,37
7,167,87,54,37
8,170,87,54,37
9,173,88,54,37
10,175,88,54,37
11,178,89,54,37
12,180,90,54,37
13,181,90,54,37
14,182,91,54,37
15,182,92,54,37
16,180,93,54,37
17,179,94,54,37
18,177,95,54,37
19,175,96,54,37
20,173,97,54,37
21,171,98,54,37
22,166,100,54,37
23,164,101,54,37
24,163,102,54,37
25,161,103,54,37
26,160,104,54,37
27,160,104,54,37
28,160,105,54,37
29,161,105,54,37
30,164,105,54,37
31,166,105,54,37
32,169,105,54,37
33,170,105,54,37
34,174,105,54,37
35,175,105,54,37
36,176,105,54,37
37,177,105,54,37
38,178,105,54,37
39,178,105,54,37
40,178,105,54,37
41,178,105,54,37
42,178,105,54,37
43,178,105,54,37
44,178,105,54,37
45,178,105,54,37
46,178,106,54,37
47,178,106,54,37
48,178,106,54,37
49,179,107,54,37
50,179,107,54,37
51,179,107,54,37
52,179,107,54,37
53,180,107,54,37
54,180,107,54,37
55,180,107,54,37
56,181,107,54,37
57,181,107,54,37
58,181,107,54,37
59,182,107,54,37
60,183,107,54,37
61,183,107,54,37
62,184,107,54,37
63,184,107,54,37
64,185,107,54,37
65,185,107,54,37
66,185,107,54,37
67,185,107,54,37
68,185,107,54,37
69,136,37,54,37
70,135,37,54,37
71,131,37,54,37
72,129,37,54,37
73,128,37,54,37
74,125,37,54,37
75,120,37,54,37
76,119,37,54,37
77,117,37,54,37
78,115,36,54,37
79,115,36,54,37
80,116,34,54,37
81,118,33,54,37
82,119,32,54,37
83,121,31,54,37
84,123,30,54,37
85,126,28,54,37
86,128,27,54,37
87,129,26,54,37
88,130,25,54,37
89,132,24,54,37
90,134,23,54,37
91,136,22,54,37
92,138,20,54,37
93,140,19,54,37
94,142,18,54,37
95,143,18,54,37
96,149,16,54,37
97,152,15,54,37
98,154,15,54,37
99,162,14,54,37
100,165,14,54,37
101,167,14,54,37
102,169,14,54,37
103,167,20,54,37
104,168,19,54,37
105,168,19,54,37
106,170,18,54,37
107,170,18,54,37
108,171,17,54,37
109,172,17,54,37
110,173,16,54,37
111,174,16,54,37
112,175,16,54,37
113,178,16,54,37
114,182,16,54,37
115,186,16,54,37
116,189,16,54,37
117,197,16,54,37
118,201,17,54,37
119,205,17,54,37
120,211,18,54,37
121,214,19,54,37
122,217,20,54,37
123,218,21,54,37
124,223,24,54,37
125,224,25,54,37
126,226,26,54,37
127,230,28,54,37
128,231,28,54,37
129,232,29,54,37
130,232,29,54,37
131,232,29,54,37
132,232,29,54,37
133,230,27,54,37
134,229,26,54,37
135,228,25,54,37
136,227,24,54,37
137,225,23,54,37
138,224,22,54,37
139,222,20,54,37
140,221,18,54,37
141,221,17,54,37
142,220,17,54,37
143,220,17,54,37
144,220,17,54,37
145,220,17,54,37
146,220,17,54,37
147,219,18,54,37
148,219,19,54,37
149,219,20,54,37
150,219,21,54,37
151,219,23,54,37
152,219,23,54,37
153,219,24,54,37
154,218,25,54,37
155,218,25,54,37
156,217,26,54,37
157,216,27,54,37
158,216,27,54,37
159,216,27,54,37
160,215,28,54,37
161,215,28,54,37
162,215,28,54,37
163,215,28,54,37
164,216,28,54,37
165,214,29,54,37
166,218,25,54,37
167,196,27,54,37
168,197,27,54,37
169,211,29,54,37
170,212,29,54,37
171,212,29,54,37
172,212,29,54,37
173,212,29,54,37
174,213,29,54,37
175,213,29,54,37
176,213,29,54,37
177,213,29,54,37
178,214,28,54,37
179,214,28,54,37
180,214,29,54,37
181,214,30,54,37
182,214,30,54,37
183,214,30,54,37
184,214,30,54,37
185,215,30,54,37
186,215,30,54,37
187,215,30,54,37
188,215,31,54,37
189,215,31,54,37
190,215,31,54,37
191,215,30,54,37
192,215,29,54,37
193,215,28,54,37
194,215,25,54,37
195,215,24,54,37
196,215,23,54,37
197,215,22,54,37
198,215,21,54,37
199,215,21,54,37
200,215,19,54,37
201,215,19,54,37
202,214,19,54,37
203,212,19,54,37
204,211,19,54,37
205,210,19,54,37
206,207,20,54,37
207,206,20,54,37
208,205,20,54,37
209,203,21,54,37
210,201,22,54,37
211,200,22,54,37
212,199,22,54,37
213,198,22,54,37
214,196,22,54,37
215,194,22,54,37
216,193,22,54,37
217,192,23,54,37
218,189,24,54,37
219,188,25,54,37
220,187,26,54,37
221,187,26,54,37
222,184,28,54,37
223,183,29,54,37
224,182,30,54,37
225,181,31,54,37
226,180,32,54,37
227,178,34,54,37
228,177,35,54,37
229,175,36,54,37
230,173,37,54,37
231,172,37,54,37
232,168,38,54,37
233,167,38,54,37
234,166,38,54,37
235,165,38,54,37
236,162,39,54,37
237,161,39,54,37
238,158,41,54,37
239,157,41,54,37
240,156,41,54,37
241,153,42,54,37
242,152,43,54,37
243,153,43,54,37
244,193,77,54,37
245,191,76,54,37
246,207,74,54,37
247,226,71,54,37
248,220,175,54,37
249,227,174,54,37
250,0,173,54,37
251,19,170,54,37
252,24,169,54,37
253,195,151,54,37
254,205,149,54,37
255,216,147,54,37
256,232,145,54,37
257,178,149,54,37
258,194,147,54,37
259,207,145,54,37
260,209,145,54,37
261,217,145,54,37
262,223,145,54,37
263,54,164,54,37
264,45,166,54,37
265,51,166,54,37
266,60,166,54,37
267,69,167,54,37
268,73,167,54,37
269,80,167,54,37
270,90,167,54,37
271,106,166,54,37
272,114,166,54,37
273,124,166,54,37
274,130,166,54,37
275,135,166,54,37
276,180,164,54,37
277,187,164,54,37
278,196,164,54,37
279,225,162,54,37
280,234,161,54,37
281,0,162,54,37
282,8,161,54,37
283,43,157,54,37
284,42,157,54,37
285,102,150,54,37
286,108,149,54,37
287,124,147,54,37
288,138,145,54,37
289,144,144,54,37
290,152,143,54,37
291,202,137,54,37
292,210,136,54,37
293,211,136,54,37
294,211,136,54,37
295,218,135,54,37
296,217,135,54,37
297,217,135,54,37
298,216,135,54,37
299,36,156,54,37
300,50,154,54,37
301,49,154,54,37
302,64,152,54,37
303,92,148,54,37
304,122,144,54,37
305,136,142,54,37
306,150,140,54,37
307,163,138,54,37
308,95,146,54,37
309,98,146,54,37
310,109,146,54,37
311,113,146,54,37
312,130,144,54,37
313,137,144,54,37
314,152,143,54,37
315,171,141,54,37
316,219,136,54,37
317,223,136,54,37
318,229,135,54,37
319,0,135,54,37
320,24,131,54,37
321,37,128,54,37
322,53,125,54,37
323,226,101,54,37
324,234,99,54,37
325,64,120,54,37
326,187,103,54,37
327,191,102,54,37
328,200,100,54,37
329,181,102,54,37
330,176,103,54,37
331,189,102,54,37
332,202,101,54,37
333,208,101,54,37
334,152,110,54,37
335,152,111,54,37
336,152,112,54,37
337,153,114,54,37
338,152,115,54,37
339,151,116,54,37
340,152,117,54,37
341,153,117,54,37
342,153,117,54,37
343,153,117,54,37
344,154,117,54,37
345,152,118,54,37
346,152,118,54,37
347,153,118,54,37
348,192,113,54,37
349,193,113,54,37
350,196,113,54,37
351,198,113,54,37
352,199,113,54,37
353,201,113,54,37
354,212,112,54,37
355,213,112,54,37
356,9,140,54,37
357,11,140,54,37
358,23,139,54,37
359,48,136,54,37
360,51,136,54,37
361,68,134,54,37
362,109,129,54,37
363,127,127,54,37
364,152,124,54,37
365,182,120,54,37
366,199,118,54,37
367,210,117,54,37
368,215,116,54,37
369,209,127,54,37
370,226,124,54,37
371,232,120,54,37
372,188,84,54,37
373,203,82,54,37
374,129,34,54,37
375,163,30,54,37
376,179,28,54,37
377,214,24,54,37
378,62,178,54,37
379,81,176,54,37
380,113,178,54,37
381,147,167,54,37
382,168,166,54,37
383,137,143,54,37
384,234,157,54,37
385,174,123,54,37
386,210,119,54,37
387,68,45,54,37
388,83,42,54,37
389,64,23,54,37
390,78,22,54,37
391,126,17,54,37
392,134,9,54,37
393,215,19,54,37
394,217,11,54,37
395,229,5,54,37
396,233,0,54,37
397,158,90,54,37
398,179,89,54,37
399,190,88,54,37
400,234,83,54,37
401,177,52,54,37
402,185,50,54,37
403,184,50,54,37
404,194,48,54,37
405,214,44,54,37
406,221,43,54,37
407,223,43,54,37
408,223,43,54,37
409,222,43,54,37
410,103,123,54,37
411,100,119,54,37
412,95,116,54,37
413,94,115,54,37
414,90,116,54,37
415,90,117,54,37
416,96,120,54,37
417,87,131,54,37
418,88,135,54,37
419,95,145,54,37
420,31,50,54,37
421,29,55,54,37
422,20,61,54,37
423,14,61,54,37
424,10,60,54,37
425,166,78,54,37
426,187,66,54,37
427,196,55,54,37
428,197,56,54,37
429,150,179,54,37
430,65,4,54,37
431,222,152,54,37
432,0,100,54,37
433,64,158,54,37
434,53,147,54,37
435,129,135,54,37
436,143,135,54,37
437,158,136,54,37
438,227,136,54,37
439,230,142,54,37
440,117,9,54,37
441,77,21,54,37
442,76,28,54,37
443,81,33,54,37
444,34,1,54,37
445,41,5,54,37
446,44,10,54,37
447,88,13,54,37
448,113,12,54,37
449,73,85,54,37
450,73,89,54,37
451,71,91,54,37
452,79,92,54,37
453,80,36,54,37
454,88,36,54,37
455,87,37,54,37
456,87,37,54,37
457,130,30,54,37
458,156,25,54,37
459,86,95,54,37
460,86,94,54,37
461,86,94,54,37
462,91,35,54,37
463,91,35,54,37
464,90,35,54,37
465,101,29,54,37
466,144,19,54,37
467,159,14,54,37
468,176,9,54,37
469,58,28,54,37
470,59,26,54,37
471,58,25,54,37
472,59,24,54,37
473,59,23,54,37
474,79,18,54,37
475,146,4,54,37
476,167,0,54,37
477,77,155,54,37
478,80,154,54,37
479,102,149,54,37
480,102,149,54,37
481,109,147,54,37
482,108,147,54,37
483,106,147,54,37
484,102,147,54,37
485,99,147,54,37
486,97,147,54,37
487,95,147,54,37
488,93,147,54,37
489,91,147,54,37
490,89,147,54,37
491,88,147,54,37
492,86,147,54,37
493,84,147,54,37
494,84,147,54,37
495,85,147,54,37
496,85,147,54,37
497,88,146,54,37
498,88,146,54,37
499,87,146,54,37
500,86,146,54,37
501,86,146,54,37
502,86,146,54,37
503,86,146,54,37
504,82,147,54,37
505,82,147,54,37
506,82,147,54,37
507,83,147,54,37
508,83,147,54,37
509,79,148,54,37
510,79,148,54,37
511,78,148,54,37
512,90,145,54,37
513,89,145,54,37
514,88,145,54,37
515,86,145,54,37
516,83,145,54,37
517,81,145,54,37
518,104,139,54,37
519,101,139,54,37
520,97,139,54,37
521,92,139,54,37
522,85,139,54,37
523,85,138,54,37
524,81,138,54,37
525,79,138,54,37
526,95,133,54,37
527,119,125,54,37
528,131,122,54,37
529,126,122,54,37
530,137,119,54,37
531,78,132,54,37
532,78,132,54,37
533,76,132,54,37
534,70,132,54,37
535,81,128,54,37
536,69,125,54,37
537,72,120,54,37
538,82,115,54,37
539,224,79,54,37
540,203,80,54,37
541,208,75,54,37
542,213,69,54,37
543,215,66,54,37
544,221,61,54,37
545,218,60,54,37
546,218,59,54,37
547,220,58,54,37
548,220,58,54,37
549,225,58,54,37
550,230,58,54,37
551,234,60,54,37
552,233,62,54,37
553,235,63,54,37
554,233,64,54,37
555,235,66,54,37
556,235,67,54,37
557,0,68,54,37
558,2,68,54,37
559,15,66,54,37
560,14,66,54,37
561,21,64,54,37
562,26,62,54,37
563,41,57,54,37
564,50,53,54,37
565,62,49,54,37
566,72,45,54,37
567,87,38,54,37
568,108,31,54,37
569,115,29,54,37
570,116,28,54,37
571,126,26,54,37
572,131,26,54,37
573,144,28,54,37
574,156,29,54,37
575,165,31,54,37
576,182,38,54,37
577,189,41,54,37
578,199,44,54,37
579,206,51,54,37
580,206,53,54,37
581,215,53,54,37
582,230,50,54,37
583,234,47,54,37
584,0,44,54,37
585,2,39,54,37
586,9,18,54,37
587,13,7,54,37
588,14,0,54,37
589,219,66,54,37
590,225,61,54,37
591,231,56,54,37
592,234,51,54,37
593,220,49,54,37
594,220,48,54,37
595,221,48,54,37
596,203,53,54,37
597,202,55,54,37
598,8,80,54,37
599,4,86,54,37
600,160,72,54,37
601,149,77,54,37
602,151,81,54,37
603,163,84,54,37
604,198,81,54,37
605,218,80,54,37
606,224,80,54,37
607,197,85,54,37
608,197,86,54,37
609,204,86,54,37
610,210,86,54,37
611,212,86,54,37
612,215,86,54,37
613,215,86,54,37
614,213,87,54,37
615,217,87,54,37
616,221,87,54,37
617,224,87,54,37
618,229,87,54,37
619,235,87,54,37
620,233,88,54,37
621,233,89,54,37
622,233,89,54,37
623,233,89,54,37
624,232,89,54,37
625,231,89,54,37
626,234,88,54,37
627,234,88,54,37
628,234,88,54,37
629,0,89,54,37
630,50,83,54,37
631,214,151,54,37
632,213,151,54,37
633,223,149,54,37
634,227,148,54,37
635,204,148,54,37
636,226,144,54,37
637,38,64,54,37
638,28,161,54,37
639,28,172,54,37
640,122,161,54,37
641,158,157,54,37
642,182,158,54,37
643,233,139,54,37
644,136,121,54,37
645,128,145,54,37
646,167,164,54,37
647,226,23,54,37
648,215,66,54,37
649,208,79,54,37
650,207,12,54,37
651,213,38,54,37
652,53,70,54,37
653,83,69,54,37
654,162,50,54,37
655,223,47,54,37
656,0,58,54,37
657,39,58,54,37
658,89,56,54,37
659,110,1,54,37
660,116,3,54,37
661,134,5,54,37
662,142,6,54,37
663,170,6,54,37
664,37,73,54,37
665,48,74,54,37
666,8,26,54,37
667,23,27,54,37
668,172,127,54,37
669,177,127,54,37
670,175,128,54,37
671,175,128,54,37
672,175,128,54,37
673,172,128,54,37
674,177,127,54,37
675,177,127,54,37
676,163,128,54,37
677,171,127,54,37
678,179,126,54,37
679,196,125,54,37
680,202,124,54,37
681,209,123,54,37
682,227,122,54,37
683,233,122,54,37
684,0,123,54,37
685,0,123,54,37
686,8,123,54,37
687,10,124,54,37
688,10,124,54,37
689,10,125,54,37
690,24,125,54,37
691,16,129,54,37
692,48,129,54,37
693,73,129,54,37
694,51,134,54,37
695,23,27,54,37
696,22,29,54,37
697,30,31,54,37
698,26,33,54,37
699,43,33,54,37
700,48,34,54,37
701,64,35,54,37
702,56,37,54,37
703,64,37,54,37
704,64,38,54,37
705,48,42,54,37
706,48,43,54,37
707,48,44,54,37
708,53,45,54,37
709,47,47,54,37
710,47,47,54,37
711,47,47,54,37
712,56,46,54,37
713,78,43,54,37
714,60,42,54,37
715,68,39,54,37
716,81,35,54,37
717,81,33,54,37
718,104,25,54,37
719,101,22,54,37
720,88,20,54,37
721,87,20,54,37
722,90,20,54,37
723,96,20,54,37
724,96,21,54,37
725,94,25,54,37
726,92,27,54,37
727,90,29,54,37
728,77,34,54,37
729,81,35,54,37
730,79,36,54,37
731,81,37,54,37
732,81,38,54,37
733,81,40,54,37
734,81,41,54,37
735,75,42,54,37
736,80,43,54,37
737,82,43,54,37
738,81,43,54,37
739,81,43,54,37
740,83,43,54,37
741,83,44,54,37
742,75,45,54,37
743,75,45,54,37
744,78,46,54,37
745,78,47,54,37
746,78,47,54,37
747,80,48,54,37
748,84,48,54,37
749,76,49,54,37
750,76,51,54,37
751,76,51,54,37
752,88,51,54,37
753,80,52,54,37
754,94,53,54,37
755,94,53,54,37
756,90,54,54,37
757,92,54,54,37
758,92,54,54,37
759,92,54,54,37
760,92,54,54,37
761,87,53,54,37
762,83,53,54,37
763,86,52,54,37
764,88,50,54,37
765,91,49,54,37
766,93,48,54,37
767,88,47,54,37
768,89,45,54,37
769,89,43,54,37
770,88,41,54,37
771,88,40,54,37
772,103,37,54,37
773,104,35,54,37
774,104,33,54,37
775,104,32,54,37
776,104,30,54,37
777,102,29,54,37
778,102,27,54,37
779,99,25,54,37
780,99,24,54,37
781,90,22,54,37
782,93,20,54,37
783,95,19,54,37
784,93,17,54,37
785,93,17,54,37
786,93,16,54,37
787,94,15,54,37
788,104,13,54,37
789,117,12,54,37
790,119,11,54,37
791,119,11,54,37
792,117,10,54,37
793,114,9,54,37
794,113,9,54,37
795,97,8,54,37
796,118,5,54,37
797,134,4,54,37
798,136,3,54,37
799,140,2,54,37
800,172,1,54,37
801,154,0,54,37
802,154,0,54,37
803,153,0,54,37
804,150,0,54,37
805,149,0,54,37
806,124,0,54,37
807,120,0,54,37
808,120,0,54,37
809,121,0,54,37
810,97,0,54,37
811,97,0,54,37
812,97,0,54,37
813,97,0,54,37
814,90,47,54,37
815,89,46,54,37
816,84,45,54,37
817,82,45,54,37
818,81,44,54,37
819,80,42,54,37
820,79,41,54,37
821,74,39,54,37
822,79,37,54,37
823,81,35,54,37
824,81,33,54,37
825,83,32,54,37
826,83,32,54,37
827,83,32,54,37
828,83,32,54,37
829,82,32,54,37
830,83,32,54,37
831,65,32,54,37
832,81,32,54,37
833,81,32,54,37
834,77,32,54,37
835,77,32,54,37
836,72,32,54,37
837,72,32,54,37
838,73,32,54,37
839,73,32,54,37
840,63,33,54,37
841,65,33,54,37
842,64,34,54,37
843,72,35,54,37
844,71,35,54,37
845,85,35,54,37
846,87,35,54,37
847,95,36,54,37
848,98,36,54,37
849,101,36,54,37
850,117,37,54,37
851,144,39,54,37
852,146,39,54,37
853,165,40,54,37
854,175,41,54,37
855,195,43,54,37
856,203,94,54,37
857,213,95,54,37
858,231,96,54,37
859,193,1,54,37
860,195,2,54,37
861,205,3,54,37
862,208,3,54,37
863,220,6,54,37
864,228,7,54,37
865,233,8,54,37
866,61,10,54,37
867,65,11,54,37
868,57,12,54,37
869,57,13,54,37
870,45,16,54,37
871,46,17,54,37
872,46,18,54,37
873,69,20,54,37
874,62,22,54,37
875,62,24,54,37
876,61,26,54,37
877,53,28,54,37
878,66,30,54,37
879,66,33,54,37
880,66,33,54,37
881,66,35,54,37
882,74,37,54,37
883,75,38,54,37
884,77,39,54,37
885,93,40,54,37
886,112,40,54,37
887,132,40,54,37
888,143,40,54,37
889,160,40,54,37
890,226,41,54,37
891,226,41,54,37
892,225,41,54,37
893,226,41,54,37
894,134,40,54,37
895,134,40,54,37
896,136,38,54,37
897,134,35,54,37
898,143,31,54,37
899,114,25,54,37
900,142,14,54,37
901,152,5,54,37
902,114,44,54,37
903,128,36,54,37
904,133,177,54,37
905,160,168,54,37
906,202,160,54,37
907,8,136,54,37
908,24,129,54,37
909,56,114,54,37
910,129,101,54,37
911,157,95,54,37
912,163,84,54,37
913,163,80,54,37
914,179,79,54,37
915,203,81,54,37
916,221,85,54,37
917,217,95,54,37
918,222,98,54,37
919,0,107,54,37
920,37,112,54,37
921,106,121,54,37
922,128,127,54,37
923,108,133,54,37
924,143,136,54,37
925,167,143,54,37
926,200,147,54,37
927,214,151,54,37
928,214,151,54,37
929,66,150,54,37
930,86,151,54,37
931,112,153,54,37
932,158,155,54,37
933,171,155,54,37
934,78,151,54,37
935,134,150,54,37
936,134,150,54,37
937,132,147,54,37
938,148,146,54,37
939,168,143,54,37
940,19,74,54,37
941,36,73,54,37
942,67,72,54,37
943,69,71,54,37
944,65,67,54,37
945,96,66,54,37
946,38,63,54,37
947,49,59,54,37
948,65,57,54,37
949,70,56,54,37
950,69,53,54,37
951,66,48,54,37
952,90,47,54,37
953,72,42,54,37
954,40,39,54,37
955,74,38,54,37
956,113,38,54,37
957,116,38,54,37
958,109,38,54,37
959,101,38,54,37
960,115,39,54,37
961,117,40,54,37
962,25,38,54,37
963,40,39,54,37
964,65,40,54,37
965,54,39,54,37
966,70,39,54,37
967,89,39,54,37
968,110,39,54,37
969,113,39,54,37
970,109,38,54,37
971,97,37,54,37
972,111,37,54,37
973,97,36,54,37
974,95,35,54,37
975,105,35,54,37
976,111,35,54,37
977,111,35,54,37
978,82,131,54,37
979,113,133,54,37
980,124,129,54,37
981,160,128,54,37
982,182,129,54,37
983,110,53,54,37
984,149,57,54,37
985,176,59,54,37
986,202,58,54,37
987,15,165,54,37
988,23,156,54,37
989,39,147,54,37
990,57,147,54,37
991,83,137,54,37
992,51,88,54,37
993,73,89,54,37
994,172,126,54,37
995,47,35,54,37
996,88,40,54,37
997,114,46,54,37
998,127,50,54,37
999,190,85,54,37
1000,191,85,54,37
1001,192,85,54,37
1002,192,85,54,37
1003,202,87,54,37
1004,208,88,54,37
1005,218,90,54,37
1006,226,91,54,37
1007,231,92,54,37
1008,209,73,54,37
1009,217,74,54,37
1010,229,75,54,37
1011,234,76,54,37
1012,0,74,54,37
1013,2,76,54,37
1014,5,78,54,37
1015,7,79,54,37
1016,9,80,54,37
1017,13,82,54,37
1018,16,83,54,37
1019,19,84,54,37
1020,22,85,54,37
1021,24,85,54,37
1022,34,87,54,37
1023,38,88,54,37
1024,40,88,54,37
1025,44,89,54,37
1026,48,90,54,37
1027,55,91,54,37
1028,61,92,54,37
1029,65,93,54,37
1030,70,94,54,37
1031,73,94,54,37
1032,83,95,54,37
1033,87,96,54,37
1034,90,96,54,37
1035,96,96,54,37
1036,105,97,54,37
1037,108,97,54,37
1038,115,97,54,37
1039,122,96,54,37
1040,125,96,54,37
1041,126,96,54,37
1042,129,95,54,37
1043,131,95,54,37
1044,132,95,54,37
1045,133,95,54,37
1046,136,94,54,37
1047,137,94,54,37
1048,139,93,54,37
1049,141,92,54,37
1050,143,91,54,37
1051,145,90,54,37
1052,147,89,54,37
1053,149,88,54,37
1054,150,87,54,37
1055,156,86,54,37
1056,161,86,54,37
1057,162,86,54,37
1058,180,85,54,37
1059,185,84,54,37
1060,186,84,54,37
1061,186,83,54,37
1062,186,83,54,37
1063,186,83,54,37
1064,186,82,54,37
1065,186,81,54,37
1066,186,81,54,37
1067,186,79,54,37
1068,186,78,54,37
1069,186,78,54,37
1070,186,77,54,37
1071,186,76,54,37
1072,186,75,54,37
1073,187,74,54,37
1074,188,73,54,37
1075,189,72,54,37
1076,190,71,54,37
1077,191,70,54,37
1078,192,69,54,37
1079,192,69,54,37
1080,197,67,54,37
1081,199,66,54,37
1082,200,66,54,37
1083,205,64,54,37
1084,207,63,54,37
1085,208,63,54,37
1086,211,62,54,37
1087,212,61,54,37
1088,216,60,54,37
1089,219,59,54,37
1090,220,59,54,37
1091,224,58,54,37
1092,227,58,54,37
1093,229,58,54,37
1094,232,58,54,37
1095,0,59,54,37
1096,2,59,54,37
1097,5,59,54,37
1098,6,59,54,37
1099,11,59,54,37
1100,14,59,54,37
1101,15,59,54,37
1102,19,59,54,37
1103,21,59,54,37
1104,25,59,54,37
1105,28,59,54,37
1106,30,59,54,37
1107,33,59,54,37
1108,36,60,54,37
1109,38,60,54,37
1110,48,61,54,37
1111,48,61,54,37
1112,62,62,54,37
1113,65,63,54,37
1114,66,63,54,37
1115,70,65,54,37
1116,72,66,54,37
1117,73,66,54,37
1118,75,67,54,37
1119,78,68,54,37
1120,79,68,54,37
1121,83,69,54,37
1122,85,69,54,37
1123,86,69,54,37
1124,88,69,54,37
1125,90,69,54,37
1126,92,69,54,37
1127,96,69,54,37
1128,97,69,54,37
1129,101,69,54,37
1130,105,68,54,37
1131,107,67,54,37
1132,112,65,54,37
1133,117,63,54,37
1134,119,62,54,37
1135,121,61,54,37
1136,122,59,54,37
1137,123,58,54,37
1138,124,57,54,37
1139,125,56,54,37
1140,126,54,54,37
1141,127,53,54,37
1142,128,52,54,37
1143,128,51,54,37
1144,129,49,54,37
1145,130,49,54,37
1146,131,48,54,37
1147,132,48,54,37
1148,133,47,54,37
1149,134,46,54,37
1150,136,44,54,37
1151,136,44,54,37
1152,137,43,54,37
1153,139,41,54,37
1154,139,41,54,37
1155,140,40,54,37
1156,141,39,54,37
1157,142,38,54,37
1158,143,38,54,37
1159,144,38,54,37
1160,147,39,54,37
1161,148,39,54,37
1162,150,40,54,37
1163,152,41,54,37
1164,155,43,54,37
1165,157,44,54,37
1166,159,45,54,37
1167,161,47,54,37
1168,162,48,54,37
1169,163,49,54,37
1170,164,50,54,37
1171,165,50,54,37
1172,166,50,54,37
1173,167,50,54,37
1174,168,50,54,37
1175,169,50,54,37
1176,170,50,54,37
1177,171,50,54,37
1178,172,50,54,37
1179,175,51,54,37
1180,176,51,54,37
1181,177,51,54,37
1182,179,52,54,37
1183,180,52,54,37
1184,180,52,54,37
1185,182,52,54,37
1186,184,52,54,37
1187,184,52,54,37
1188,186,52,54,37
1189,187,52,54,37
1190,189,52,54,37
1191,191,52,54,37
1192,193,52,54,37
1193,195,52,54,37
1194,197,52,54,37
1195,199,52,54,37
1196,200,52,54,37
1197,200,52,54,37
1198,202,52,54,37
1199,202,52,54,37
1200,202,52,54,37
1201,202,52,54,37
1202,202,52,54,37
1203,202,53,54,37
1204,201,54,54,37
1205,201,55,54,37
1206,201,55,54,37
1207,200,57,54,37
1208,198,60,54,37
1209,198,60,54,37
1210,197,62,54,37
1211,197,63,54,37
1212,196,65,54,37
1213,195,67,54,37
1214,194,68,54,37
1215,193,69,54,37
1216,193,69,54,37
1217,191,71,54,37
1218,191,71,54,37
1219,191,71,54,37
1220,188,73,54,37
1221,187,74,54,37
1222,186,74,54,37
1223,185,74,54,37
1224,184,74,54,37
1225,184,74,54,37
1226,182,74,54,37
1227,180,74,54,37
1228,179,74,54,37
1229,178,73,54,37
1230,176,72,54,37
1231,175,72,54,37
1232,174,71,54,37
1233,172,70,54,37
1234,171,70,54,37
1235,170,69,54,37
1236,169,69,54,37
1237,168,68,54,37
1238,167,67,54,37
1239,166,66,54,37
1240,165,65,54,37
1241,163,64,54,37
1242,162,64,54,37
1243,160,63,54,37
1244,158,63,54,37
1245,157,63,54,37
1246,155,63,54,37
1247,154,63,54,37
1248,151,63,54,37
1249,149,63,54,37
1250,148,63,54,37
1251,145,62,54,37
1252,143,62,54,37
1253,142,62,54,37
1254,138,61,54,37
1255,136,61,54,37
1256,133,60,54,37
1257,132,59,54,37
1258,130,58,54,37
1259,134,57,54,37
1260,136,56,54,37
1261,139,55,54,37
1262,139,55,54,37
1263,143,55,54,37
1264,147,55,54,37
1265,147,55,54,37
1266,152,56,54,37
1267,154,57,54,37
1268,154,57,54,37
1269,158,59,54,37
1270,160,60,54,37
1271,161,61,54,37
1272,193,62,54,37
1273,208,63,54,37
1274,136,117,54,37
1275,171,119,54,37
1276,188,120,54,37
1277,225,122,54,37
1278,232,123,54,37
1279,170,124,54,37
1280,182,125,54,37
1281,195,125,54,37
1282,202,126,54,37
1283,211,126,54,37
1284,220,126,54,37
1285,102,128,54,37
1286,123,127,54,37
1287,138,126,54,37
1288,170,125,54,37
1289,83,126,54,37
1290,127,124,54,37
1291,152,123,54,37
1292,181,122,54,37
1293,181,122,54,37
1294,209,121,54,37
1295,217,121,54,37
1296,0,122,54,37
1297,4,123,54,37
1298,9,124,54,37
1299,12,124,54,37
1300,24,125,54,37
1301,30,126,54,37
1302,35,127,54,37
1303,45,128,54,37
1304,51,129,54,37
1305,56,130,54,37
1306,59,130,54,37
1307,68,130,54,37
1308,79,131,54,37
1309,82,131,54,37
1310,97,131,54,37
1311,97,131,54,37
1312,106,131,54,37
1313,115,131,54,37
1314,127,130,54,37
1315,130,130,54,37
1316,139,129,54,37
1317,150,128,54,37
1318,153,128,54,37
1319,162,127,54,37
1320,168,126,54,37
1321,176,125,54,37
1322,184,124,54,37
1323,189,123,54,37
1324,194,122,54,37
1325,196,122,54,37
1326,207,119,54,37
1327,212,118,54,37
1328,215,117,54,37
1329,224,114,54,37
1330,229,113,54,37
1331,231,113,54,37
1332,0,113,54,37
1333,4,113,54,37
1334,7,113,54,37
1335,28,113,54,37
1336,38,113,54,37
1337,43,113,54,37
1338,64,113,54,37
1339,75,113,54,37
1340,93,113,54,37
1341,103,113,54,37
1342,108,113,54,37
1343,110,113,54,37
1344,177,111,54,37
1345,180,111,54,37
1346,180,111,54,37
1347,187,111,54,37
1348,195,111,54,37
1349,195,111,54,37
1350,203,111,54,37
1351,189,112,54,37
1352,191,112,54,37
1353,195,112,54,37
1354,201,112,54,37
1355,202,112,54,37
1356,201,112,54,37
1357,201,112,54,37
1358,204,112,54,37
1359,207,112,54,37
1360,207,112,54,37
1361,214,112,54,37
1362,215,112,54,37
1363,193,113,54,37
1364,193,113,54,37
1365,207,113,54,37
1366,215,113,54,37
1367,220,113,54,37
1368,208,114,54,37
1369,202,115,54,37
1370,207,115,54,37
1371,219,115,54,37
1372,225,115,54,37
1373,211,116,54,37
1374,217,116,54,37
1375,221,116,54,37
1376,226,116,54,37
1377,234,116,54,37
1378,0,117,54,37
1379,21,116,54,37
1380,20,116,54,37
1381,17,116,54,37
1382,39,115,54,37
1383,39,115,54,37
1384,68,114,54,37
1385,95,113,54,37
1386,117,112,54,37
1387,169,110,54,37
1388,176,110,54,37
1389,179,110,54,37
1390,171,111,54,37
1391,179,111,54,37
1392,182,111,54,37
1393,191,111,54,37
1394,185,112,54,37
1395,192,112,54,37
1396,165,114,54,37
1397,173,116,54,37
1398,173,117,54,37
1399,130,122,54,37
1400,129,126,54,37
1401,111,128,54,37
1402,111,131,54,37
1403,112,132,54,37
1404,122,134,54,37
1405,133,135,54,37
1406,147,135,54,37
1407,137,136,54,37
1408,129,136,54,37
1409,120,134,54,37
1410,119,133,54,37
1411,173,127,54,37
1412,181,122,54,37
1413,182,120,54,37
1414,168,116,54,37
1415,188,113,54,37
1416,229,107,54,37
1417,231,103,54,37
1418,213,99,54,37
1419,215,98,54,37
1420,219,97,54,37
1421,222,97,54,37
1422,64,104,54,37
1423,65,105,54,37
1424,84,105,54,37
1425,86,106,54,37
1426,96,106,54,37
1427,96,106,54,37
1428,96,105,54,37
1429,80,105,54,37
1430,70,102,54,37
1431,75,100,54,37
1432,80,99,54,37
1433,88,97,54,37
1434,92,96,54,37
1435,99,95,54,37
1436,102,95,54,37
1437,58,97,54,37
1438,70,98,54,37
1439,55,101,54,37
1440,71,104,54,37
1441,74,106,54,37
1442,70,109,54,37
1443,84,112,54,37
1444,86,114,54,37
1445,84,116,54,37
1446,84,117,54,37
1447,90,117,54,37
1448,77,117,54,37
1449,77,116,54,37
1450,76,115,54,37
1451,82,114,54,37
1452,69,113,54,37
1453,71,112,54,37
1454,67,111,54,37
1455,69,110,54,37
1456,68,109,54,37
1457,65,108,54,37
1458,61,107,54,37
1459,46,107,54,37
1460,55,107,54,37
1461,44,106,54,37
1462,48,106,54,37
1463,46,106,54,37
1464,45,106,54,37
1465,41,106,54,37
1466,40,106,54,37
1467,34,106,54,37
1468,24,106,54,37
1469,206,108,54,37
1470,21,107,54,37
1471,31,108,54,37
1472,31,109,54,37
1473,31,110,54,37
1474,25,110,54,37
1475,184,114,54,37
1476,216,115,54,37
1477,214,115,54,37
1478,218,115,54,37
1479,205,114,54,37
1480,190,112,54,37
1481,190,109,54,37
1482,190,107,54,37
1483,197,105,54,37
1484,194,101,54,37
1485,192,99,54,37
1486,192,97,54,37
1487,199,94,54,37
1488,210,93,54,37
1489,169,90,54,37
1490,169,90,54,37
1491,0,84,54,37
1492,19,84,54,37
1493,19,83,54,37
1494,6,82,54,37
1495,16,82,54,37
1496,19,82,54,37
1497,10,81,54,37
1498,18,81,54,37
1499,18,81,54,37
1500,18,81,54,37
1501,18,81,54,37
1502,18,81,54,37
1503,6,80,54,37
1504,16,80,54,37
1505,0,79,54,37
1506,6,79,54,37
1507,0,78,54,37
1508,0,78,54,37
1509,0,78,54,37
1510,196,84,54,37
1511,190,85,54,37
1512,185,85,54,37
1513,186,86,54,37
1514,210,88,54,37
1515,212,88,54,37
1516,167,87,54,37
1517,171,88,54,37
1518,174,89,54,37
1519,178,90,54,37
1520,181,91,54,37
1521,184,92,54,37
1522,186,92,54,37
1523,188,92,54,37
1524,190,92,54,37
1525,191,92,54,37
1526,195,92,54,37
1527,198,92,54,37
1528,200,92,54,37
1529,202,91,54,37
1530,204,90,54,37
1531,206,89,54,37
1532,208,89,54,37
1533,210,89,54,37
1534,212,88,54,37
1535,213,88,54,37
1536,213,87,54,37
1537,215,86,54,37
1538,216,86,54,37
1539,216,85,54,37
1540,216,85,54,37
1541,216,85,54,37
1542,217,85,54,37
1543,217,85,54,37
1544,218,85,54,37
1545,219,85,54,37
1546,219,85,54,37
1547,221,85,54,37
1548,222,85,54,37
1549,222,85,54,37
1550,224,85,54,37
1551,226,85,54,37
1552,226,85,54,37
1553,227,86,54,37
1554,228,86,54,37
1555,230,87,54,37
1556,229,88,54,37
1557,229,89,54,37
1558,228,90,54,37
1559,232,91,54,37
1560,225,93,54,37
1561,224,94,54,37
1562,226,95,54,37
1563,221,96,54,37
1564,219,98,54,37
1565,218,98,54,37
1566,217,99,54,37
1567,215,100,54,37
1568,215,100,54,37
1569,214,101,54,37
1570,214,102,54,37
1571,214,103,54,37
1572,214,103,54,37
1573,214,104,54,37
1574,214,105,54,37
1575,214,105,54,37
1576,215,106,54,37
1577,217,107,54,37
1578,222,108,54,37
1579,221,109,54,37
1580,222,110,54,37
1581,227,111,54,37
1582,226,111,54,37
1583,229,112,54,37
1584,235,113,54,37
1585,235,113,54,37
1586,0,114,54,37
1587,31,115,54,37
1588,34,115,54,37
1589,34,114,54,37
1590,61,115,54,37
1591,94,116,54,37
1592,73,113,54,37
1593,233,20,54,37
1594,235,20,54,37
1595,0,20,54,37
1596,5,19,54,37
1597,11,17,54,37
1598,16,15,54,37
1599,19,14,54,37
1600,21,13,54,37
1601,25,12,54,37
1602,28,11,54,37
1603,30,11,54,37
1604,31,11,54,37
1605,38,9,54,37
1606,41,8,54,37
1607,42,8,54,37
1608,46,7,54,37
1609,52,6,54,37
1610,53,6,54,37
1611,61,6,54,37
1612,64,6,54,37
1613,70,6,54,37
1614,73,6,54,37
1615,76,6,54,37
1616,81,6,54,37
1617,85,6,54,37
1618,88,6,54,37
1619,89,6,54,37
1620,94,6,54,37
1621,100,6,54,37
1622,101,6,54,37
1623,105,6,54,37
1624,109,6,54,37
1625,112,6,54,37
1626,113,6,54,37
1627,8,101,54,37
1628,30,103,54,37
1629,218,136,54,37
1630,71,85,54,37
1631,92,87,54,37
1632,64,25,54,37
1633,223,148,54,37
1634,214,124,54,37
1635,40,33,54,37
1636,61,34,54,37
1637,81,36,54,37
1638,93,36,54,37
1639,118,32,54,37
1640,118,0,54,37
1641,130,0,54,37
1642,0,51,54,37
1643,0,51,54,37
1644,0,51,54,37
1645,0,51,54,37
1646,0,51,54,37
1647,0,51,54,37
1648,25,53,54,37
1649,23,53,54,37
1650,212,70,54,37
1651,222,71,54,37
1652,222,71,54,37
1653,222,71,54,37
1654,230,72,54,37
1655,0,74,54,37
1656,18,76,54,37
1657,18,76,54,37
1658,15,76,54,37
1659,13,76,54,37
1660,12,76,54,37
1661,17,77,54,37
1662,25,78,54,37
1663,25,78,54,37
1664,221,97,54,37
1665,218,97,54,37
1666,210,97,54,37
1667,216,98,54,37
1668,222,99,54,37
1669,231,100,54,37
1670,0,101,54,37
1671,1,101,54,37
1672,2,101,54,37
1673,4,101,54,37
1674,5,101,54,37
1675,5,101,54,37
1676,10,101,54,37
1677,12,101,54,37
1678,13,101,54,37
1679,14,101,54,37
1680,17,101,54,37
1681,17,101,54,37
1682,181,117,54,37
1683,183,117,54,37
1684,184,117,54,37
1685,186,117,54,37
1686,186,117,54,37
1687,186,117,54,37
1688,187,117,54,37
1689,188,117,54,37
1690,196,118,54,37
1691,186,117,54,37
1692,194,118,54,37
1693,233,122,54,37
1694,235,122,54,37
1695,0,123,54,37
1696,23,125,54,37
1697,64,129,54,37
1698,83,131,54,37
1699,112,134,54,37
1700,130,136,54,37
1701,181,141,54,37
1702,195,142,54,37
1703,205,143,54,37
1704,172,139,54,37
1705,188,140,54,37
1706,230,143,54,37
1707,235,143,54,37
1708,201,144,54,37
1709,201,144,54,37
1710,201,144,54,37
1711,200,144,54,37
1712,200,144,54,37
1713,200,144,54,37
1714,199,144,54,37
1715,195,144,54,37
1716,194,144,54,37
1717,199,145,54,37
1718,230,149,54,37
1719,0,151,54,37
1720,48,157,54,37
1721,90,162,54,37
1722,139,168,54,37
1723,202,14,54,37
1724,205,14,54,37
1725,210,15,54,37
1726,223,17,54,37
1727,230,17,54,37
1728,235,18,54,37
1729,235,18,54,37
1730,235,18,54,37
1731,0,19,54,37
1732,45,25,54,37
1733,64,28,54,37
1734,86,31,54,37
1735,92,32,54,37
1736,120,36,54,37
1737,158,42,54,37
1738,164,43,54,37
1739,164,43,54,37
1740,165,45,54,37
1741,169,47,54,37
1742,169,48,54,37
1743,170,50,54,37
1744,170,50,54,37
1745,172,51,54,37
1746,172,52,54,37
1747,171,52,54,37
1748,173,53,54,37
1749,173,54,54,37
1750,173,54,54,37
1751,174,54,54,37
1752,175,55,54,37
1753,179,56,54,37
1754,183,57,54,37
1755,182,57,54,37
1756,182,57,54,37
1757,182,57,54,37
1758,183,57,54,37
1759,183,57,54,37
1760,184,57,54,37
1761,185,57,54,37
1762,187,57,54,37
1763,188,57,54,37
1764,186,56,54,37
1765,188,55,54,37
1766,189,55,54,37
1767,189,54,54,37
1768,190,53,54,37
1769,191,52,54,37
1770,193,51,54,37
1771,197,51,54,37
1772,200,51,54,37
1773,203,51,54,37
1774,203,52,54,37
1775,205,53,54,37
1776,207,53,54,37
1777,207,53,54,37
1778,208,53,54,37
1779,208,53,54,37
1780,209,53,54,37
1781,209,53,54,37
1782,210,53,54,37
1783,211,53,54,37
1784,211,53,54,37
1785,211,53,54,37
1786,211,53,54,37
1787,211,53,54,37
1788,211,53,54,37
1789,210,53,54,37
1790,209,53,54,37
1791,208,53,54,37
1792,207,53,54,37
1793,207,53,54,37
1794,205,53,54,37
1795,204,53,54,37
1796,203,53,54,37
1797,203,53,54,37
1798,199,52,54,37
1799,199,52,54,37
1800,199,52,54,37
1801,198,52,54,37
1802,195,51,54,37
1803,195,51,54,37
1804,193,50,54,37
1805,192,50,54,37
1806,191,50,54,37
1807,188,49,54,37
1808,187,49,54,37
1809,186,49,54,37
1810,186,49,54,37
1811,181,48,54,37
1812,180,48,54,37
1813,180,48,54,37
1814,179,48,54,37
1815,189,125,54,37
1816,200,127,54,37
1817,233,133,54,37
1818,148,21,54,37
1819,160,23,54,37
1820,103,48,54,37
1821,100,48,54,37
1822,99,48,54,37
1823,95,47,54,37
1824,94,47,54,37
1825,93,47,54,37
1826,88,46,54,37
1827,88,46,54,37
1828,85,45,54,37
1829,83,45,54,37
1830,81,45,54,37
1831,81,45,54,37
1832,80,45,54,37
1833,78,45,54,37
1834,77,45,54,37
1835,77,45,54,37
1836,79,46,54,37
1837,81,47,54,37
1838,83,48,54,37
1839,84,48,54,37
1840,98,51,54,37
1841,101,52,54,37
1842,101,52,54,37
1843,113,55,54,37
1844,116,56,54,37
1845,117,56,54,37
1846,131,59,54,37
1847,135,60,54,37
1848,142,62,54,37
1849,148,63,54,37
1850,152,64,54,37
1851,153,64,54,37
1852,160,66,54,37
1853,171,69,54,37
1854,172,69,54,37
1855,178,70,54,37
1856,184,71,54,37
1857,189,72,54,37
1858,198,74,54,37
1859,205,76,54,37
1860,210,77,54,37
1861,220,79,54,37
1862,226,80,54,37
1863,231,81,54,37
1864,232,81,54,37
1865,0,83,54,37
1866,4,84,54,37
1867,4,84,54,37
1868,4,84,54,37
1869,5,84,54,37
1870,5,84,54,37
1871,6,84,54,37
1872,7,84,54,37
1873,8,84,54,37
1874,8,84,54,37
1875,10,84,54,37
1876,10,84,54,37
1877,10,84,54,37
1878,10,84,54,37
1879,10,84,54,37
1880,11,84,54,37
1881,11,84,54,37
1882,12,84,54,37
1883,12,84,54,37
1884,11,83,54,37
1885,10,82,54,37
1886,10,82,54,37
1887,9,81,54,37
1888,8,80,54,37
1889,7,79,54,37
1890,8,79,54,37
1891,6,78,54,37
1892,7,78,54,37
1893,6,77,54,37
1894,4,76,54,37
1895,5,76,54,37
1896,5,76,54,37
1897,6,76,54,37
1898,6,76,54,37
1899,6,76,54,37
1900,7,76,54,37
1901,7,76,54,37
1902,7,76,54,37
1903,7,76,54,37
1904,6,76,54,37
1905,5,76,54,37
1906,5,76,54,37
1907,1,76,54,37
1908,0,76,54,37
1909,0,76,54,37
1910,14,80,54,37
1911,21,82,54,37
1912,20,82,54,37
1913,57,91,54,37
1914,54,91,54,37
1915,50,91,54,37
1916,57,93,54,37
1917,65,95,54,37
1918,77,98,54,37
1919,85,100,54,37
1920,98,103,54,37
1921,111,106,54,37
1922,111,106,54,37
1923,120,108,54,37
1924,120,108,54,37
1925,182,122,54,37
1926,182,122,54,37
1927,182,122,54,37
1928,191,124,54,37
1929,204,127,54,37
1930,204,127,54,37
1931,208,128,54,37
1932,216,130,54,37
1933,217,130,54,37
1934,217,130,54,37
1935,222,131,54,37
1936,227,132,54,37
1937,233,134,54,37
1938,235,136,54,37
1939,0,142,54,37
1940,45,152,54,37
1941,94,163,54,37
1942,103,165,54,37
1943,96,164,54,37
1944,108,166,54,37
1945,109,166,54,37
1946,103,164,54,37
1947,104,164,54,37
1948,104,164,54,37
1949,104,164,54,37
1950,106,164,54,37
1951,106,164,54,37
1952,150,174,54,37
1953,160,176,54,37
1954,161,176,54,37
1955,164,176,54,37
1956,167,176,54,37
1957,169,176,54,37
1958,170,176,54,37
1959,174,176,54,37
1960,57,147,54,37
1961,58,147,54,37
1962,44,143,54,37
1963,47,143,54,37
1964,67,147,54,37
1965,107,156,54,37
1966,109,156,54,37
1967,111,156,54,37
1968,112,156,54,37
1969,165,168,54,37
1970,171,169,54,37
1971,172,169,54,37
1972,174,169,54,37
1973,177,169,54,37
1974,155,163,54,37
1975,157,163,54,37
1976,160,163,54,37
1977,170,165,54,37
1978,177,166,54,37
1979,180,166,54,37
1980,193,169,54,37
1981,47,131,54,37
1982,51,132,54,37
1983,118,149,54,37
1984,133,153,54,37
1985,122,150,54,37
1986,145,156,54,37
1987,154,158,54,37
1988,191,168,54,37
1989,198,170,54,37
1990,220,176,54,37
1991,224,177,54,37
1992,164,177,54,37
1993,171,179,54,37
1994,172,179,54,37
1995,138,71,54,37
1996,156,77,54,37
1997,101,23,54,37
1998,120,30,54,37
1999,136,36,54,37
2000,43,67,54,37
2001,61,73,54,37
2002,79,79,54,37
2003,85,81,54,37
2004,85,81,54,37
2005,180,102,54,37
2006,175,105,54,37
2007,87,132,54,37
2008,105,139,54,37
2009,214,18,54,37
2010,224,86,54,37
2011,231,94,54,37
2012,234,101,54,37
2013,232,103,54,37
2014,232,103,54,37
2015,232,103,54,37
2016,230,103,54,37
2017,175,168,54,37
2018,192,173,54,37
2019,235,179,54,37
2020,235,146,54,37
2021,0,147,54,37
2022,0,147,54,37
2023,7,147,54,37
2024,10,147,54,37
2025,11,147,54,37
2026,11,146,54,37
2027,23,148,54,37
2028,16,145,54,37
2029,36,149,54,37
2030,53,152,54,37
2031,75,156,54,37
2032,108,163,54,37
2033,131,167,54,37
2034,148,170,54,37
2035,159,172,54,37
2036,111,157,54,37
2037,124,159,54,37
2038,130,160,54,37
2039,119,155,54,37
2040,125,153,54,37
2041,127,153,54,37
2042,112,147,54,37
2043,131,150,54,37
2044,209,169,54,37
2045,211,169,54,37
2046,217,167,54,37
2047,223,167,54,37
2048,229,168,54,37
2049,70,124,54,37
2050,65,120,54,37
2051,70,121,54,37
2052,108,130,54,37
2053,128,134,54,37
2054,139,136,54,37
2055,127,132,54,37
2056,141,135,54,37
2057,154,138,54,37
2058,155,138,54,37
2059,175,142,54,37
2060,191,146,54,37
2061,199,148,54,37
2062,187,144,54,37
2063,195,146,54,37
2064,169,139,54,37
2065,202,148,54,37
2066,216,152,54,37
2067,198,147,54,37
2068,197,147,54,37
2069,203,149,54,37
2070,213,152,54,37
2071,213,152,54,37
2072,189,146,54,37
2073,181,144,54,37
2074,181,144,54,37
2075,188,146,54,37
2076,18,99,54,37
2077,18,99,54,37
2078,10,97,54,37
2079,10,97,54,37
2080,10,97,54,37
2081,9,97,54,37
2082,9,97,54,37
2083,41,106,54,37
2084,30,103,54,37
2085,44,107,54,37
2086,44,107,54,37
2087,44,107,54,37
2088,43,107,54,37
2089,11,98,54,37
2090,11,98,54,37
2091,101,124,54,37
2092,100,124,54,37
2093,100,124,54,37
2094,82,119,54,37
2095,103,125,54,37
2096,93,122,54,37
2097,93,122,54,37
2098,107,126,54,37
2099,128,132,54,37
2100,129,132,54,37
2101,130,132,54,37
2102,130,132,54,37
2103,130,132,54,37
2104,131,132,54,37
2105,131,132,54,37
2106,135,133,54,37
2107,142,135,54,37
2108,159,140,54,37
2109,166,142,54,37
2110,213,156,54,37
2111,118,128,54,37
2112,131,132,54,37
2113,131,132,54,37
2114,149,138,54,37
2115,165,143,54,37
2116,201,154,54,37
2117,216,159,54,37
2118,42,107,54,37
2119,42,107,54,37
2120,41,107,54,37
2121,64,114,54,37
2122,208,158,54,37
2123,207,158,54,37
2124,177,149,54,37
2125,166,146,54,37
2126,158,144,54,37
2127,157,144,54,37
2128,133,137,54,37
2129,131,137,54,37
2130,143,141,54,37
2131,165,148,54,37
2132,165,148,54,37
2133,38,110,54,37
2134,66,119,54,37
2135,11,103,54,37
2136,29,109,54,37
2137,57,118,54,37
2138,60,119,54,37
2139,126,140,54,37
2140,188,160,54,37
2141,194,162,54,37
2142,56,120,54,37
2143,78,127,54,37
2144,78,127,54,37
2145,77,127,54,37
2146,93,132,54,37
2147,77,127,54,37
2148,77,127,54,37
2149,93,131,54,37
2150,120,139,54,37
2151,200,163,54,37
2152,208,165,54,37
2153,54,116,54,37
2154,54,116,54,37
2155,61,116,54,37
2156,63,116,54,37
2157,64,116,54,37
2158,87,121,54,37
2159,118,130,54,37
2160,119,130,54,37
2161,201,155,54,37
2162,73,113,54,37
2163,115,125,54,37
2164,126,128,54,37
2165,128,128,54,37
2166,129,128,54,37
2167,38,98,54,37
2168,40,98,54,37
2169,41,98,54,37
2170,45,98,54,37
2171,56,101,54,37
2172,56,101,54,37
2173,51,99,54,37
2174,72,105,54,37
2175,64,102,54,37
2176,67,102,54,37
2177,90,109,54,37
2178,90,109,54,37
2179,133,122,54,37
2180,208,145,54,37
2181,214,147,54,37
2182,71,102,54,37
2183,94,109,54,37
2184,94,109,54,37
2185,93,109,54,37
2186,108,114,54,37
2187,123,119,54,37
2188,123,119,54,37
2189,124,120,54,37
2190,123,120,54,37
2191,123,120,54,37
2192,110,116,54,37
2193,94,111,54,37
2194,100,113,54,37
2195,33,92,54,37
2196,45,96,54,37
2197,45,96,54,37
2198,78,107,54,37
2199,70,105,54,37
2200,70,105,54,37
2201,69,105,54,37
2202,81,109,54,37
2203,62,103,54,37
2204,105,117,54,37
2205,166,137,54,37
2206,230,158,54,37
2207,229,158,54,37
2208,44,98,54,37
2209,56,102,54,37
2210,56,102,54,37
2211,55,102,54,37
2212,76,109,54,37
2213,76,109,54,37
2214,76,109,54,37
2215,91,114,54,37
2216,91,114,54,37
2217,92,114,54,37
2218,108,119,54,37
2219,108,119,54,37
2220,103,117,54,37
2221,14,88,54,37
2222,45,98,54,37
2223,58,102,54,37
2224,77,108,54,37
2225,100,115,54,37
2226,110,118,54,37
2227,126,123,54,37
2228,126,123,54,37
2229,121,122,54,37
2230,135,127,54,37
2231,135,127,54,37
2232,133,127,54,37
2233,130,127,54,37
2234,130,127,54,37
2235,172,142,54,37
2236,183,146,54,37
2237,183,146,54,37
2238,55,104,54,37
2239,65,108,54,37
2240,64,108,54,37
2241,61,108,54,37
2242,59,108,54,37
2243,58,108,54,37
2244,56,108,54,37
2245,73,114,54,37
2246,72,114,54,37
2247,71,114,54,37
2248,88,120,54,37
2249,87,120,54,37
2250,92,122,54,37
2251,100,125,54,37
2252,112,129,54,37
2253,112,129,54,37
2254,120,132,54,37
2255,125,134,54,37
2256,133,137,54,37
2257,141,140,54,37
2258,144,141,54,37
2259,153,144,54,37
2260,10,98,54,37
2261,16,100,54,37
2262,28,104,54,37
2263,27,104,54,37
2264,39,108,54,37
2265,39,108,54,37
2266,39,108,54,37
2267,39,108,54,37
2268,40,108,54,37
2269,51,111,54,37
2270,53,111,54,37
2271,55,111,54,37
2272,78,117,54,37
2273,99,123,54,37
2274,116,128,54,37
2275,120,129,54,37
2276,177,145,54,37
2277,201,152,54,37
2278,202,152,54,37
2279,117,122,54,37
2280,129,125,54,37
2281,130,125,54,37
2282,52,97,54,37
2283,55,97,54,37
2284,56,97,54,37
2285,57,95,54,37
2286,69,98,54,37
2287,70,98,54,37
2288,77,98,54,37
2289,79,98,54,37
2290,80,98,54,37
2291,84,98,54,37
2292,105,104,54,37
2293,108,104,54,37
2294,96,98,54,37
2295,107,101,54,37
2296,108,101,54,37
2297,133,108,54,37
2298,144,111,54,37
2299,158,115,54,37
2300,170,118,54,37
2301,181,121,54,37
2302,191,124,54,37
2303,196,125,54,37
2304,203,127,54,37
2305,214,130,54,37
2306,222,132,54,37
2307,235,136,54,37
2308,234,135,54,37
2309,235,135,54,37
2310,42,73,54,37
2311,61,79,54,37
2312,89,88,54,37
2313,126,100,54,37
2314,151,108,54,37
2315,169,114,54,37
2316,188,120,54,37
2317,203,126,54,37
2318,213,130,54,37
2319,219,132,54,37
2320,223,135,54,37
2321,215,134,54,37
2322,214,134,54,37
2323,211,134,54,37
2324,217,137,54,37
2325,224,140,54,37
2326,221,140,54,37
2327,218,140,54,37
2328,215,140,54,37
2329,212,140,54,37
2330,216,143,54,37
2331,216,143,54,37
2332,216,144,54,37
2333,213,144,54,37
2334,217,146,54,37
2335,216,146,54,37
2336,210,146,54,37
2337,208,146,54,37
2338,207,146,54,37
2339,186,140,54,37
2340,182,140,54,37
2341,181,140,54,37
2342,163,135,54,37
2343,177,140,54,37
2344,207,150,54,37
2345,76,109,54,37
2346,84,112,54,37
2347,96,116,54,37
2348,107,120,54,37
2349,112,122,54,37
2350,124,126,54,37
2351,124,126,54,37
2352,142,132,54,37
2353,156,137,54,37
2354,159,138,54,37
2355,158,138,54,37
2356,165,141,54,37
2357,165,141,54,37
2358,148,136,54,37
2359,154,138,54,37
2360,153,138,54,37
2361,133,132,54,37
2362,181,147,54,37
2363,191,150,54,37
2364,192,150,54,37
2365,198,151,54,37
2366,199,151,54,37
2367,208,153,54,37
2368,215,154,54,37
2369,224,156,54,37
2370,231,158,54,37
2371,235,159,54,37
2372,169,138,54,37
2373,169,138,54,37
2374,169,138,54,37
2375,152,133,54,37
2376,161,136,54,37
2377,170,139,54,37
2378,179,142,54,37
2379,192,146,54,37
2380,204,150,54,37
2381,225,157,54,37
2382,228,158,54,37
2383,20,95,54,37
2384,18,95,54,37
2385,18,95,54,37
2386,29,99,54,37
2387,37,102,54,37
2388,42,104,54,37
2389,40,104,54,37
2390,45,106,54,37
2391,50,108,54,37
2392,43,107,54,37
2393,41,107,54,37
2394,52,111,54,37
2395,49,111,54,37
2396,57,114,54,37
2397,65,117,54,37
2398,64,117,54,37
2399,60,117,54,37
2400,68,120,54,37
2401,67,120,54,37
2402,83,126,54,37
2403,83,127,54,37
2404,82,127,54,37
2405,92,131,54,37
2406,98,134,54,37
2407,98,134,54,37
2408,2,108,54,37
2409,7,110,54,37
2410,22,115,54,37
2411,33,119,54,37
2412,45,123,54,37
2413,53,126,54,37
2414,52,126,54,37
2415,61,130,54,37
2416,76,135,54,37
2417,79,136,54,37
2418,112,147,54,37
2419,12,117,54,37
2420,18,119,54,37
2421,15,119,54,37
2422,38,127,54,37
2423,37,127,54,37
2424,50,132,54,37
2425,49,132,54,37
2426,49,132,54,37
2427,68,138,54,37
2428,74,140,54,37
2429,74,140,54,37
2430,52,133,54,37
2431,52,133,54,37
2432,65,137,54,37
2433,65,137,54,37
2434,81,142,54,37
2435,81,142,54,37
2436,81,142,54,37
2437,82,142,54,37
2438,83,142,54,37
2439,83,142,54,37
2440,85,142,54,37
2441,190,174,54,37
2442,191,174,54,37
2443,194,174,54,37
2444,196,174,54,37
2445,208,177,54,37
2446,58,128,54,37
2447,66,129,54,37
2448,87,133,54,37
2449,104,135,54,37
2450,113,136,54,37
2451,119,136,54,37
2452,122,133,54,37
2453,130,134,54,37
2454,137,134,54,37
2455,156,137,54,37
2456,161,137,54,37
2457,172,139,54,37
2458,174,139,54,37
2459,185,139,54,37
2460,198,142,54,37
2461,131,119,54,37
2462,134,119,54,37
2463,137,119,54,37
2464,143,119,54,37
2465,146,119,54,37
2466,149,119,54,37
2467,150,119,54,37
2468,157,119,54,37
2469,160,119,54,37
2470,161,119,54,37
2471,158,117,54,37
2472,162,117,54,37
2473,171,119,54,37
2474,201,127,54,37
2475,32,73,54,37
2476,41,75,54,37
2477,42,75,54,37
2478,56,77,54,37
2479,59,77,54,37
2480,60,77,54,37
2481,78,81,54,37
2482,86,83,54,37
2483,87,83,54,37
2484,186,114,54,37
2485,186,114,54,37
2486,186,114,54,37
2487,35,66,54,37
2488,36,66,54,37
2489,36,66,54,37
2490,52,70,54,37
2491,60,72,54,37
2492,62,72,54,37
2493,70,74,54,37
2494,77,76,54,37
2495,223,122,54,37
2496,224,122,54,37
2497,225,122,54,37
2498,225,122,54,37
2499,226,122,54,37
2500,226,122,54,37
2501,226,122,54,37
2502,226,122,54,37
2503,226,122,54,37
2504,226,122,54,37
2505,226,122,54,37
2506,226,122,54,37
2507,226,122,54,37
2508,226,122,54,37
2509,204,115,54,37
2510,204,115,54,37
2511,204,115,54,37
2512,205,115,54,37
2513,205,115,54,37
2514,205,115,54,37
2515,205,115,54,37
2516,205,115,54,37
2517,205,115,54,37
2518,205,115,54,37
2519,205,115,54,37
2520,206,115,54,37
2521,206,115,54,37
2522,207,115,54,37
2523,208,115,54,37
2524,208,115,54,37
2525,210,115,54,37
2526,213,115,54,37
2527,213,115,54,37
2528,221,117,54,37
2529,223,117,54,37
2530,223,117,54,37
2531,225,117,54,37
2532,227,117,54,37
2533,228,117,54,37
2534,231,117,54,37
2535,235,117,54,37
2536,0,118,54,37
2537,26,125,54,37
2538,41,129,54,37
2539,56,133,54,37
2540,85,140,54,37
2541,100,144,54,37
2542,115,148,54,37
2543,138,153,54,37
2544,153,157,54,37
2545,166,160,54,37
2546,170,161,54,37
2547,184,163,54,37
2548,194,163,54,37
2549,198,164,54,37
2550,209,165,54,37
2551,219,168,54,37
2552,219,168,54,37
2553,224,170,54,37
2554,230,172,54,37
2555,233,173,54,37
2556,234,174,54,37
2557,235,175,54,37
2558,234,175,54,37
2559,0,178,54,37
2560,3,179,54,37
2561,3,179,54,37
2562,2,179,54,37
2563,2,179,54,37
2564,2,179,54,37
2565,2,179,54,37
2566,2,179,54,37
2567,2,179,54,37
2568,47,34,54,37
2569,49,34,54,37
2570,51,34,54,37
2571,54,34,54,37
2572,56,34,54,37
2573,59,34,54,37
2574,62,34,54,37
2575,66,34,54,37
2576,66,34,54,37
2577,69,34,54,37
2578,72,34,54,37
2579,73,34,54,37
2580,76,34,54,37
2581,77,34,54,37
2582,77,33,54,37
2583,77,32,54,37
2584,76,31,54,37
2585,75,30,54,37
2586,75,30,54,37
2587,70,27,54,37
2588,66,25,54,37
2589,66,25,54,37
2590,57,21,54,37
2591,55,20,54,37
2592,55,20,54,37
2593,50,18,54,37
2594,44,16,54,37
2595,43,16,54,37
2596,38,15,54,37
2597,34,15,54,37
2598,33,15,54,37
2599,29,15,54,37
2600,23,15,54,37
2601,22,15,54,37
2602,18,16,54,37
2603,13,18,54,37
2604,12,18,54,37
2605,8,21,54,37
2606,7,22,54,37
2607,6,22,54,37
2608,3,24,54,37
2609,1,24,54,37
2610,1,24,54,37
2611,0,25,54,37
2612,0,26,54,37
2613,0,26,54,37
2614,0,27,54,37
2615,0,28,54,37
2616,0,28,54,37
2617,0,29,54,37
2618,0,30,54,37
2619,0,30,54,37
2620,0,31,54,37
2621,0,31,54,37
2622,0,32,54,37
2623,0,33,54,37
2624,0,33,54,37
2625,0,33,54,37
2626,0,33,54,37
2627,0,33,54,37
2628,0,33,54,37
2629,0,33,54,37
2630,0,33,54,37
2631,0,33,54,37
2632,0,33,54,37
2633,0,33,54,37
2634,0,33,54,37
2635,0,33,54,37
2636,0,33,54,37
2637,0,33,54,37
2638,0,33,54,37
2639,0,33,54,37
2640,0,33,54,37
2641,0,33,54,37
2642,0,33,54,37
2643,0,33,54,37
2644,0,32,54,37
2645,0,32,54,37
2646,0,32,54,37
2647,0,32,54,37
2648,0,32,54,37
2649,0,32,54,37
2650,0,32,54,37
2651,0,33,54,37
2652,0,34,54,37
2653,0,34,54,37
2654,0,34,54,37
2655,0,35,54,37
2656,0,36,54,37
2657,0,37,54,37
2658,0,38,54,37
2659,0,38,54,37
2660,0,38,54,37
2661,0,38,54,37
2662,0,39,54,37
2663,0,39,54,37
2664,0,39,54,37
2665,0,40,54,37
2666,0,41,54,37
2667,0,41,54,37
2668,0,42,54,37
2669,0,43,54,37
2670,0,43,54,37
2671,0,44,54,37
2672,0,45,54,37
2673,0,45,54,37
2674,0,47,54,37
2675,0,48,54,37
2676,0,48,54,37
2677,0,49,54,37
2678,0,49,54,37
2679,0,49,54,37
2680,0,49,54,37
2681,0,49,54,37
2682,0,49,54,37
2683,0,49,54,37
2684,0,48,54,37
2685,0,48,54,37
2686,0,47,54,37
2687,0,46,54,37
2688,0,46,54,37
2689,0,46,54,37
2690,0,46,54,37
2691,0,46,54,37
2692,0,46,54,37
2693,0,46,54,37
2694,0,46,54,37
2695,0,46,54,37
2696,9,49,54,37
2697,21,53,54,37
2698,21,53,54,37
2699,46,61,54,37
2700,55,64,54,37
2701,55,64,54,37
2702,74,70,54,37
2703,80,72,54,37
2704,27,56,54,37
2705,27,56,54,37
2706,43,61,54,37
2707,43,61,54,37
2708,42,61,54,37
2709,41,61,54,37
2710,41,61,54,37
2711,40,61,54,37
2712,46,63,54,37
2713,46,63,54,37
2714,55,66,54,37
2715,71,71,54,37
2716,84,75,54,37
2717,83,75,54,37
2718,82,75,54,37
2719,82,75,54,37
2720,81,75,54,37
2721,81,75,54,37
2722,81,75,54,37
2723,82,75,54,37
2724,82,75,54,37
2725,82,75,54,37
2726,82,75,54,37
2727,79,74,54,37
2728,79,74,54,37
2729,78,74,54,37
2730,77,74,54,37
2731,77,74,54,37
2732,77,74,54,37
2733,67,71,54,37
2734,73,73,54,37
2735,73,73,54,37
2736,73,73,54,37
2737,73,73,54,37
2738,67,71,54,37
2739,67,71,54,37
2740,68,71,54,37
2741,70,71,54,37
2742,67,70,54,37
2743,67,70,54,37
2744,67,70,54,37
2745,67,70,54,37
2746,53,66,54,37
2747,53,66,54,37
2748,52,66,54,37
2749,47,65,54,37
2750,47,65,54,37
2751,45,65,54,37
2752,58,69,54,37
2753,63,71,54,37
2754,61,71,54,37
2755,60,71,54,37
2756,59,71,54,37
2757,59,71,54,37
2758,53,70,54,37
2759,52,70,54,37
2760,60,73,54,37
2761,58,73,54,37
2762,60,74,54,37
2763,46,71,54,37
2764,45,71,54,37
2765,44,71,54,37
2766,44,71,54,37
2767,41,71,54,37
2768,40,71,54,37
2769,40,71,54,37
2770,39,71,54,37
2771,49,74,54,37
2772,56,76,54,37
2773,70,80,54,37
2774,70,80,54,37
2775,70,80,54,37
2776,70,80,54,37
2777,204,118,54,37
2778,205,118,54,37
2779,205,118,54,37
2780,208,118,54,37
2781,209,117,54,37
2782,212,117,54,37
2783,213,117,54,37
2784,218,117,54,37
2785,225,117,54,37
2786,226,117,54,37
2787,231,117,54,37
2788,234,117,54,37
2789,234,116,54,37
2790,235,115,54,37
2791,234,114,54,37
2792,234,113,54,37
2793,235,112,54,37
2794,234,110,54,37
2795,232,109,54,37
2796,230,107,54,37
2797,232,107,54,37
2798,234,107,54,37
2799,235,107,54,37
2800,235,106,54,37
2801,235,106,54,37
2802,235,106,54,37
2803,86,65,54,37
2804,86,65,54,37
2805,86,65,54,37
2806,86,65,54,37
2807,86,65,54,37
2808,86,65,54,37
2809,86,65,54,37
2810,86,65,54,37
2811,86,65,54,37
2812,86,65,54,37
2813,86,65,54,37
2814,83,64,54,37
2815,83,64,54,37
2816,84,64,54,37
