01-Light 1
1,1013,188,67,82
2,1022,184,67,82
3,1030,180,67,82
4,1036,177,67,82
5,1040,174,67,82
6,1043,171,67,82
7,1044,168,67,82
8,1043,166,67,82
9,1040,164,67,82
10,1035,163,67,82
11,1029,162,67,82
12,1021,162,67,82
13,1012,162,67,82
14,1003,162,67,82
15,992,163,67,82
16,982,163,67,82
17,972,163,67,82
18,961,165,67,82
19,950,168,67,82
20,940,173,67,82
21,930,178,67,82
22,920,182,67,82
23,910,185,67,82
24,901,186,67,82
25,893,186,67,82
26,886,184,67,82
27,881,182,67,82
28,877,179,67,82
29,874,175,67,82
30,873,169,67,82
31,872,163,67,82
32,872,158,67,82
33,872,153,67,82
34,872,147,67,82
35,872,141,67,82
36,872,134,67,82
37,871,125,67,82
38,871,115,67,82
39,871,105,67,82
40,872,96,67,82
41,874,89,67,82
42,876,84,67,82
43,876,80,67,82
44,874,76,67,82
45,870,72,67,82
46,867,70,67,82
47,863,70,67,82
48,859,72,67,82
49,853,76,67,82
50,847,82,67,82
51,841,89,67,82
52,833,96,67,82
53,825,103,67,82
54,815,109,67,82
55,804,117,67,82
56,794,124,67,82
57,782,130,67,82
58,773,135,67,82
59,769,137,67,82
60,764,139,67,82
61,761,142,67,82
62,759,143,67,82
63,759,142,67,82
64,760,139,67,82
65,763,136,67,82
66,767,134,67,82
67,772,133,67,82
68,777,133,67,82
69,782,134,67,82
70,787,136,67,82
71,793,137,67,82
72,799,137,67,82
73,806,134,67,82
74,813,129,67,82
75,821,121,67,82
76,830,111,67,82
77,839,99,67,82
78,848,86,67,82
79,854,73,67,82
80,856,62,67,82
81,855,52,67,82
82,851,43,67,82
83,844,38,67,82
84,836,36,67,82
85,829,37,67,82
86,822,40,67,82
87,815,44,67,82
88,808,48,67,82
89,800,52,67,82
90,791,56,67,82
91,781,60,67,82
