01-Light 20
1,151,117,62,81
2,153,116,62,81
3,156,114,62,81
4,158,111,62,81
5,159,109,62,81
6,161,108,62,81
7,163,109,62,81
8,165,112,62,81
9,167,117,62,81
10,168,123,62,81
11,169,128,62,81
12,170,131,62,81
13,170,132,62,81
14,170,130,62,81
15,169,126,62,81
16,167,122,62,81
17,164,118,62,81
18,161,115,62,81
19,158,114,62,81
20,155,115,62,81
21,152,118,62,81
22,149,122,62,81
23,146,128,62,81
24,144,134,62,81
25,144,139,62,81
26,145,143,62,81
27,145,145,62,81
28,146,145,62,81
29,146,144,62,81
30,145,139,62,81
31,143,132,62,81
32,141,127,62,81
33,139,124,62,81
34,136,122,62,81
35,133,122,62,81
36,129,125,62,81
37,125,129,62,81
38,120,134,62,81
39,114,140,62,81
40,109,141,62,81
41,105,141,62,81
42,102,141,62,81
43,99,141,62,81
44,97,140,62,81
45,95,139,62,81
46,94,137,62,81
47,93,135,62,81
48,94,133,62,81
49,96,132,62,81
50,95,131,62,81
51,95,130,62,81
52,97,129,62,81
53,100,129,62,81
54,103,129,62,81
55,106,129,62,81
56,108,129,62,81
57,112,129,62,81
58,112,129,62,81
59,112,129,62,81
60,114,129,62,81
61,121,128,62,81
62,123,124,62,81
63,125,118,62,81
64,126,115,62,81
65,126,115,62,81
66,127,116,62,81
67,128,118,62,81
68,128,122,62,81
69,128,127,62,81
70,129,132,62,81
71,130,135,62,81
72,132,135,62,81
73,134,132,62,81
74,136,125,62,81
75,138,118,62,81
76,139,112,62,81
77,139,109,62,81
78,138,111,62,81
79,136,115,62,81
80,138,117,62,81
81,135,123,62,81
82,129,134,62,81
83,130,138,62,81
84,130,141,62,81
85,131,141,62,81
86,131,139,62,81
87,130,135,62,81
88,128,128,62,81
89,127,123,62,81
90,127,116,62,81
91,129,107,62,81
92,131,102,62,81
93,133,100,62,81
94,136,101,62,81
95,138,105,62,81
96,140,112,62,81
97,142,120,62,81
98,145,127,62,81
99,147,131,62,81
100,147,131,62,81
101,146,125,62,81
102,144,115,62,81
103,142,104,62,81
104,140,94,62,81
105,138,85,62,81
106,136,78,62,81
107,135,76,62,81
108,133,79,62,81
109,131,86,62,81
110,130,93,62,81
111,130,99,62,81
112,131,105,62,81
113,133,109,62,81
114,134,111,62,81
115,135,110,62,81
116,136,106,62,81
117,137,100,62,81
118,137,92,62,81
119,139,85,62,81
120,142,79,62,81
121,145,77,62,81
122,146,78,62,81
123,147,84,62,81
124,145,91,62,81
125,140,96,62,81
126,134,101,62,81
127,127,104,62,81
128,121,104,62,81
129,116,101,62,81
130,113,94,62,81
131,110,87,62,81
132,108,79,62,81
133,106,73,62,81
