01-Light 32
120,152,165,41,149
121,152,165,41,149
122,157,165,41,149
123,157,165,41,149
124,162,165,41,149
125,162,165,41,149
126,162,165,41,149
127,172,165,41,149
128,172,165,41,149
129,179,164,41,149
130,183,161,41,149
131,183,161,41,149
132,191,160,41,149
133,191,160,41,149
134,191,160,41,149
135,201,157,41,149
136,201,157,41,149
137,207,156,41,149
138,207,156,41,149
139,207,156,41,149
140,216,156,41,149
141,216,156,41,149
142,216,156,41,149
143,216,156,41,149
144,216,155,41,149
145,233,155,41,149
146,233,155,41,149
147,240,154,41,149
148,240,154,41,149
149,240,154,41,149
150,240,154,41,149
151,240,154,41,149
152,255,151,41,149
153,255,151,41,149
154,255,151,41,149
155,265,152,41,149
156,265,152,41,149
157,271,153,41,149
158,271,153,41,149
159,278,152,41,149
160,278,152,41,149
161,278,152,41,149
162,291,151,41,149
163,291,151,41,149
164,298,150,41,149
165,301,150,41,149
166,301,150,41,149
167,307,146,41,149
168,307,146,41,149
169,313,145,41,149
170,316,145,41,149
171,316,145,41,149
172,321,145,41,149
173,321,145,41,149
174,327,145,41,149
175,330,145,41,149
176,330,145,41,149
177,330,145,41,149
178,330,145,41,149
179,344,144,41,149
180,347,144,41,149
181,347,144,41,149
182,347,144,41,149
183,347,144,41,149
184,359,143,41,149
185,359,142,41,149
186,359,142,41,149
187,365,143,41,149
188,365,143,41,149
189,371,142,41,149
190,374,141,41,149
191,374,141,41,149
192,382,141,41,149
193,382,141,41,149
194,382,141,41,149
195,373,125,41,149
196,373,125,41,149
197,373,125,41,149
198,373,125,41,149
199,373,125,41,149
200,363,106,41,149
201,363,106,41,149
202,363,106,41,149
203,363,106,41,149
204,363,106,41,149
205,363,106,41,149
206,363,106,41,149
207,363,106,41,149
208,363,106,41,149
209,363,106,41,149
210,363,106,41,149
211,363,106,41,149
212,363,106,41,149
213,363,106,41,149
214,363,106,41,149
215,363,106,41,149
216,363,106,41,149
217,363,106,41,149
218,363,106,41,149
219,363,106,41,149
220,363,106,41,149
221,363,106,41,149
222,363,106,41,149
223,363,106,41,149
224,363,106,41,149
225,363,106,41,149
226,363,106,41,149
227,363,106,41,149
228,363,106,41,149
229,363,106,41,149
230,363,106,41,149
231,363,106,41,149
232,362,106,41,149
233,362,106,41,149
234,362,106,41,149
235,362,106,41,149
236,362,106,41,149
237,362,106,41,149
238,362,106,41,149
239,362,106,41,149
240,362,106,41,149
241,363,106,41,149
242,363,106,41,149
243,363,106,41,149
244,363,106,41,149
245,363,106,41,149
246,363,106,41,149
247,363,106,41,149
248,363,106,41,149
249,363,106,41,149
250,363,106,41,149
