01-Light 21
4,81,25,68,99
5,84,25,68,99
6,86,25,68,99
7,88,26,68,99
8,89,26,68,99
9,90,26,68,99
10,90,26,68,99
11,90,26,68,99
12,89,25,68,99
13,88,25,68,99
14,87,25,68,99
15,86,25,68,99
16,85,25,68,99
17,84,25,68,99
18,83,25,68,99
19,82,25,68,99
20,81,26,68,99
21,80,27,68,99
22,79,28,68,99
23,78,29,68,99
24,77,30,68,99
25,77,30,68,99
26,77,30,68,99
27,77,30,68,99
28,78,30,68,99
29,79,30,68,99
30,80,30,68,99
31,81,30,68,99
32,82,29,68,99
33,83,28,68,99
34,84,28,68,99
35,85,28,68,99
36,86,28,68,99
37,87,28,68,99
38,88,28,68,99
39,89,28,68,99
40,90,28,68,99
41,91,28,68,99
42,92,28,68,99
43,93,28,68,99
44,94,28,68,99
45,95,28,68,99
46,96,28,68,99
47,97,28,68,99
48,98,28,68,99
49,99,28,68,99
50,100,29,68,99
51,100,29,68,99
52,100,29,68,99
53,100,29,68,99
54,100,29,68,99
55,100,29,68,99
56,100,29,68,99
57,100,29,68,99
58,100,29,68,99
59,100,29,68,99
60,100,29,68,99
61,100,29,68,99
62,100,29,68,99
63,99,29,68,99
64,98,29,68,99
65,97,29,68,99
66,96,29,68,99
67,95,29,68,99
68,94,29,68,99
69,93,29,68,99
70,92,29,68,99
71,91,29,68,99
72,90,29,68,99
73,89,29,68,99
74,88,29,68,99
75,87,29,68,99
76,87,29,68,99
77,86,29,68,99
78,86,29,68,99
79,86,29,68,99
80,86,29,68,99
81,86,29,68,99
82,86,29,68,99
83,86,29,68,99
84,86,29,68,99
85,86,29,68,99
86,86,29,68,99
87,86,29,68,99
88,86,29,68,99
89,86,29,68,99
90,86,29,68,99
91,86,29,68,99
92,86,29,68,99
93,86,29,68,99
94,86,29,68,99
95,86,29,68,99
96,86,29,68,99
97,86,29,68,99
98,86,29,68,99
99,86,29,68,99
100,86,29,68,99
101,86,29,68,99
102,86,29,68,99
103,86,29,68,99
104,86,29,68,99
105,86,29,68,99
106,86,29,68,99
107,86,29,68,99
108,86,29,68,99
109,86,29,68,99
110,86,29,68,99
111,86,29,68,99
112,86,29,68,99
113,86,29,68,99
114,86,29,68,99
115,86,29,68,99
116,86,29,68,99
117,86,29,68,99
118,86,29,68,99
119,86,29,68,99
120,86,29,68,99
121,86,29,68,99
122,86,29,68,99
123,86,29,68,99
124,86,29,68,99
125,86,29,68,99
126,86,29,68,99
127,86,29,68,99
128,86,29,68,99
129,86,29,68,99
130,86,29,68,99
131,86,29,68,99
132,86,29,68,99
133,86,29,68,99
134,86,29,68,99
135,86,29,68,99
136,86,29,68,99
137,86,29,68,99
138,86,29,68,99
139,86,29,68,99
140,86,29,68,99
141,86,29,68,99
142,86,29,68,99
143,86,29,68,99
144,86,29,68,99
145,86,29,68,99
146,86,29,68,99
147,86,29,68,99
148,86,29,68,99
149,86,29,68,99
150,86,29,68,99
151,86,29,68,99
152,86,29,68,99
153,86,29,68,99
154,86,29,68,99
155,86,29,68,99
156,86,29,68,99
157,86,29,68,99
158,86,29,68,99
159,86,29,68,99
160,86,29,68,99
161,86,29,68,99
162,86,29,68,99
163,86,29,68,99
164,85,29,68,99
165,84,29,68,99
166,83,29,68,99
167,82,29,68,99
168,81,29,68,99
169,81,29,68,99
170,81,29,68,99
171,81,29,68,99
172,81,29,68,99
173,81,29,68,99
174,81,29,68,99
175,81,29,68,99
176,81,29,68,99
177,81,29,68,99
178,81,29,68,99
179,81,29,68,99
180,81,29,68,99
181,81,29,68,99
182,81,29,68,99
183,81,29,68,99
184,81,29,68,99
185,81,29,68,99
186,82,29,68,99
187,83,29,68,99
188,84,29,68,99
189,85,29,68,99
190,86,29,68,99
191,87,29,68,99
192,88,29,68,99
193,90,29,68,99
194,92,29,68,99
195,94,29,68,99
196,95,29,68,99
197,96,29,68,99
198,97,29,68,99
199,98,29,68,99
200,99,29,68,99
201,100,29,68,99
202,100,29,68,99
203,100,29,68,99
204,100,29,68,99
205,99,29,68,99
206,98,28,68,99
207,97,27,68,99
208,96,26,68,99
209,95,26,68,99
210,94,26,68,99
211,92,26,68,99
212,90,26,68,99
213,88,26,68,99
214,86,26,68,99
215,84,26,68,99
216,83,26,68,99
217,81,26,68,99
218,80,26,68,99
219,79,25,68,99
220,78,24,68,99
221,78,24,68,99
222,78,24,68,99
223,78,24,68,99
224,78,24,68,99
225,78,23,68,99
226,79,22,68,99
227,80,21,68,99
228,81,21,68,99
229,82,21,68,99
230,83,21,68,99
231,84,21,68,99
232,86,21,68,99
233,88,21,68,99
234,91,21,68,99
235,94,22,68,99
236,98,22,68,99
237,102,22,68,99
238,107,22,68,99
239,112,22,68,99
240,118,22,68,99
241,124,22,68,99
242,130,22,68,99
243,136,21,68,99
244,142,21,68,99
245,148,21,68,99
246,153,21,68,99
247,158,21,68,99
248,163,21,68,99
249,168,21,68,99
250,172,21,68,99
251,176,21,68,99
252,180,21,68,99
253,183,21,68,99
254,186,21,68,99
255,188,21,68,99
256,190,21,68,99
257,192,21,68,99
258,193,21,68,99
259,194,21,68,99
260,194,21,68,99
261,194,21,68,99
262,194,21,68,99
263,194,21,68,99
264,193,21,68,99
265,192,21,68,99
266,191,21,68,99
267,190,21,68,99
268,188,21,68,99
269,186,21,68,99
270,184,21,68,99
271,181,21,68,99
272,178,21,68,99
273,175,21,68,99
274,172,21,68,99
275,168,21,68,99
276,164,21,68,99
277,160,21,68,99
278,155,21,68,99
279,150,21,68,99
280,145,21,68,99
281,140,21,68,99
282,135,21,68,99
283,130,21,68,99
284,125,21,68,99
285,120,21,68,99
286,115,21,68,99
287,111,21,68,99
288,107,21,68,99
289,103,21,68,99
290,100,21,68,99
291,97,21,68,99
292,94,21,68,99
293,92,21,68,99
294,90,21,68,99
295,88,21,68,99
296,86,21,68,99
297,85,21,68,99
298,84,21,68,99
299,83,21,68,99
300,82,21,68,99
301,81,21,68,99
302,81,21,68,99
303,81,21,68,99
304,81,21,68,99
305,81,21,68,99
306,82,21,68,99
307,83,21,68,99
308,84,21,68,99
309,85,21,68,99
310,87,21,68,99
311,89,21,68,99
312,91,21,68,99
313,94,21,68,99
314,97,21,68,99
315,100,21,68,99
316,103,21,68,99
317,107,21,68,99
318,111,21,68,99
319,115,21,68,99
320,119,21,68,99
321,124,21,68,99
322,129,21,68,99
323,134,21,68,99
324,139,21,68,99
325,144,21,68,99
326,149,21,68,99
327,154,21,68,99
328,158,21,68,99
329,162,21,68,99
330,166,21,68,99
331,170,21,68,99
332,174,21,68,99
333,178,21,68,99
334,181,21,68,99
335,184,21,68,99
336,187,21,68,99
337,190,21,68,99
338,193,21,68,99
339,195,21,68,99
340,197,21,68,99
341,199,21,68,99
342,200,21,68,99
343,201,21,68,99
344,202,21,68,99
345,203,21,68,99
346,203,21,68,99
347,203,21,68,99
348,203,21,68,99
349,203,21,68,99
350,202,21,68,99
351,201,21,68,99
352,200,21,68,99
353,199,21,68,99
354,198,21,68,99
355,196,21,68,99
356,194,21,68,99
357,192,21,68,99
358,190,21,68,99
359,188,21,68,99
360,186,21,68,99
361,184,21,68,99
362,181,21,68,99
363,178,21,68,99
364,175,21,68,99
365,172,21,68,99
366,169,21,68,99
367,166,21,68,99
368,163,21,68,99
369,160,21,68,99
370,157,20,68,99
371,154,20,68,99
372,151,20,68,99
373,148,20,68,99
374,145,20,68,99
375,143,20,68,99
376,141,20,68,99
377,139,20,68,99
378,137,20,68,99
379,135,20,68,99
380,133,20,68,99
381,131,20,68,99
382,130,20,68,99
383,129,20,68,99
384,128,19,68,99
385,127,19,68,99
386,126,19,68,99
387,125,19,68,99
388,125,19,68,99
389,125,19,68,99
390,125,19,68,99
391,125,19,68,99
392,125,19,68,99
393,126,19,68,99
394,127,19,68,99
395,128,19,68,99
396,129,19,68,99
397,130,19,68,99
398,132,19,68,99
399,134,19,68,99
400,136,19,68,99
401,138,19,68,99
402,141,19,68,99
403,144,19,68,99
404,147,19,68,99
405,150,19,68,99
406,154,19,68,99
407,158,19,68,99
408,162,19,68,99
409,166,19,68,99
410,170,19,68,99
411,174,19,68,99
412,178,19,68,99
413,182,19,68,99
414,186,19,68,99
415,190,19,68,99
416,194,19,68,99
417,198,19,68,99
418,201,19,68,99
419,204,19,68,99
420,207,19,68,99
421,210,19,68,99
422,213,19,68,99
423,216,19,68,99
424,218,19,68,99
425,220,19,68,99
426,222,19,68,99
427,224,19,68,99
428,225,19,68,99
429,226,19,68,99
430,227,19,68,99
431,227,19,68,99
432,227,19,68,99
433,227,19,68,99
434,226,19,68,99
435,225,19,68,99
436,224,19,68,99
437,223,19,68,99
438,221,19,68,99
439,219,19,68,99
440,217,19,68,99
441,214,19,68,99
442,211,19,68,99
443,208,19,68,99
444,205,19,68,99
445,201,19,68,99
446,197,19,68,99
447,193,18,68,99
448,189,18,68,99
449,185,18,68,99
450,181,18,68,99
451,177,18,68,99
452,173,18,68,99
453,169,18,68,99
454,165,18,68,99
455,161,18,68,99
456,157,18,68,99
457,153,18,68,99
458,150,18,68,99
459,147,18,68,99
460,144,18,68,99
461,141,18,68,99
462,138,18,68,99
463,136,18,68,99
464,134,18,68,99
465,132,18,68,99
466,131,18,68,99
467,130,18,68,99
468,129,18,68,99
469,128,18,68,99
470,128,18,68,99
471,128,18,68,99
472,128,18,68,99
473,129,19,68,99
474,130,20,68,99
475,131,21,68,99
476,132,21,68,99
477,134,21,68,99
478,136,21,68,99
479,138,21,68,99
480,140,21,68,99
481,142,22,68,99
482,144,23,68,99
483,146,24,68,99
484,147,25,68,99
485,148,26,68,99
486,149,27,68,99
487,150,28,68,99
488,151,29,68,99
489,152,30,68,99
490,153,30,68,99
491,153,30,68,99
492,153,30,68,99
493,153,30,68,99
494,153,30,68,99
495,153,30,68,99
496,153,30,68,99
497,153,30,68,99
498,152,30,68,99
499,151,30,68,99
500,150,30,68,99
501,149,30,68,99
502,148,30,68,99
503,146,30,68,99
504,144,30,68,99
505,142,30,68,99
506,140,30,68,99
507,138,30,68,99
508,135,30,68,99
509,132,30,68,99
510,129,30,68,99
511,126,30,68,99
512,123,30,68,99
513,120,30,68,99
514,117,31,68,99
515,114,32,68,99
516,111,33,68,99
517,108,33,68,99
518,105,34,68,99
519,102,34,68,99
520,99,34,68,99
521,97,34,68,99
522,95,34,68,99
523,93,34,68,99
524,91,34,68,99
525,89,34,68,99
526,88,34,68,99
527,87,34,68,99
528,86,34,68,99
529,85,34,68,99
530,84,34,68,99
531,83,34,68,99
532,83,34,68,99
533,83,34,68,99
534,83,34,68,99
535,83,34,68,99
536,83,34,68,99
537,83,34,68,99
538,83,34,68,99
539,83,34,68,99
540,84,34,68,99
541,85,34,68,99
542,86,34,68,99
543,87,34,68,99
544,88,34,68,99
545,89,34,68,99
546,90,34,68,99
547,91,34,68,99
548,93,34,68,99
549,95,34,68,99
550,97,34,68,99
551,99,34,68,99
552,101,34,68,99
553,103,34,68,99
554,105,34,68,99
