01-Light 8
125,962,243,53,90
126,962,238,53,90
127,960,233,53,90
128,957,230,53,90
129,957,230,53,90
130,956,238,53,90
131,957,250,53,90
132,958,246,53,90
133,956,237,53,90
134,954,233,53,90
135,952,237,53,90
136,951,243,53,90
137,951,251,53,90
138,950,243,53,90
139,950,240,53,90
140,951,239,53,90
141,950,238,53,90
142,948,244,53,90
143,949,255,53,90
144,949,248,53,90
145,949,247,53,90
146,949,256,53,90
147,950,262,53,90
148,950,252,53,90
149,948,244,53,90
150,946,240,53,90
151,943,236,53,90
152,940,236,53,90
153,941,246,53,90
154,945,255,53,90
155,947,253,53,90
156,948,250,53,90
157,947,256,53,90
158,946,258,53,90
159,944,249,53,90
160,941,250,53,90
161,938,259,53,90
162,937,260,53,90
163,938,253,53,90
164,938,244,53,90
165,938,240,53,90
166,938,226,53,90
167,939,215,53,90
168,939,211,53,90
169,934,213,53,90
170,929,222,53,90
171,927,237,53,90
172,928,253,53,90
173,930,250,53,90
174,933,252,53,90
175,934,262,53,90
176,930,267,53,90
177,925,257,53,90
178,925,245,53,90
179,925,249,53,90
180,925,251,53,90
181,925,246,53,90
182,925,239,53,90
183,923,242,53,90
184,920,244,53,90
185,919,243,53,90
186,919,248,53,90
187,919,261,53,90
188,917,267,53,90
189,915,268,53,90
190,914,272,53,90
191,914,276,53,90
192,914,267,53,90
193,915,260,53,90
194,916,251,53,90
195,915,240,53,90
196,913,236,53,90
197,912,241,53,90
198,911,249,53,90
199,910,250,53,90
200,909,252,53,90
201,907,258,53,90
202,906,257,53,90
203,905,249,53,90
204,904,254,53,90
205,904,256,53,90
206,905,247,53,90
207,907,229,53,90
208,908,235,53,90
209,907,244,53,90
210,905,249,53,90
211,904,255,53,90
212,904,263,53,90
213,904,264,53,90
214,903,256,53,90
215,902,254,53,90
216,902,256,53,90
217,902,255,53,90
218,902,250,53,90
219,900,254,53,90
220,898,259,53,90
221,898,264,53,90
222,900,246,53,90
223,903,243,53,90
224,905,250,53,90
225,907,250,53,90
226,910,243,53,90
227,912,239,53,90
228,912,240,53,90
229,909,231,53,90
230,910,231,53,90
231,912,238,53,90
232,914,245,53,90
233,915,254,53,90
234,916,265,53,90
235,915,274,53,90
236,914,274,53,90
237,915,273,53,90
238,916,267,53,90
239,917,257,53,90
240,916,249,53,90
241,917,239,53,90
242,917,238,53,90
243,917,245,53,90
244,914,254,53,90
245,911,258,53,90
246,911,256,53,90
247,911,258,53,90
248,911,252,53,90
249,910,255,53,90
250,907,246,53,90
251,907,246,53,90
252,908,252,53,90
253,908,262,53,90
254,908,272,53,90
255,906,273,53,90
256,903,273,53,90
257,902,281,53,90
258,904,281,53,90
259,905,273,53,90
260,906,262,53,90
261,905,258,53,90
262,903,252,53,90
263,903,255,53,90
264,905,255,53,90
265,908,249,53,90
266,910,244,53,90
267,911,232,53,90
268,913,227,53,90
269,913,236,53,90
270,913,240,53,90
271,916,242,53,90
272,920,247,53,90
273,922,251,53,90
274,922,253,53,90
275,922,253,53,90
276,923,243,53,90
277,925,238,53,90
278,926,240,53,90
279,927,241,53,90
280,927,240,53,90
281,927,246,53,90
282,929,262,53,90
283,931,262,53,90
284,934,262,53,90
285,937,268,53,90
286,938,276,53,90
287,936,272,53,90
288,935,263,53,90
289,934,256,53,90
290,934,249,53,90
291,936,241,53,90
292,937,241,53,90
293,936,236,53,90
294,933,238,53,90
295,932,252,53,90
296,933,262,53,90
297,936,266,53,90
298,940,263,53,90
299,943,263,53,90
300,946,258,53,90
301,950,247,53,90
302,954,237,53,90
303,956,224,53,90
304,957,214,53,90
305,957,210,53,90
306,957,211,53,90
307,958,218,53,90
308,963,219,53,90
309,968,222,53,90
310,973,230,53,90
311,975,235,53,90
312,975,239,53,90
313,975,243,53,90
314,976,249,53,90
315,976,250,53,90
316,977,247,53,90
317,978,244,53,90
318,980,234,53,90
319,983,231,53,90
320,984,229,53,90
321,983,219,53,90
322,982,212,53,90
323,981,215,53,90
324,981,219,53,90
325,981,223,53,90
326,980,232,53,90
327,979,240,53,90
328,977,236,53,90
329,978,231,53,90
330,981,234,53,90
331,983,235,53,90
332,983,224,53,90
333,982,216,53,90
334,981,217,53,90
335,982,217,53,90
336,985,211,53,90
337,989,207,53,90
338,991,206,53,90
339,991,209,53,90
340,992,216,53,90
341,993,221,53,90
342,993,222,53,90
343,992,226,53,90
344,990,227,53,90
345,988,229,53,90
346,987,234,53,90
347,987,235,53,90
348,989,240,53,90
349,990,246,53,90
350,989,249,53,90
351,989,243,53,90
352,993,244,53,90
353,997,244,53,90
354,999,236,53,90
355,1001,220,53,90
356,1002,208,53,90
357,999,201,53,90
358,995,208,53,90
359,990,226,53,90
360,991,240,53,90
361,992,247,53,90
362,993,258,53,90
363,994,264,53,90
364,995,262,53,90
365,995,250,53,90
366,991,242,53,90
367,990,235,53,90
368,990,238,53,90
369,991,247,53,90
370,991,255,53,90
371,992,253,53,90
372,993,252,53,90
373,994,254,53,90
374,996,250,53,90
375,998,248,53,90
376,1001,253,53,90
377,1000,246,53,90
378,997,244,53,90
379,997,242,53,90
380,997,240,53,90
381,1001,238,53,90
382,1004,240,53,90
383,1006,246,53,90
384,1008,242,53,90
385,1010,244,53,90
386,1014,247,53,90
387,1016,248,53,90
388,1016,249,53,90
389,1015,261,53,90
390,1016,277,53,90
391,1016,275,53,90
392,1018,279,53,90
393,1019,286,53,90
394,1019,284,53,90
395,1017,269,53,90
396,1015,258,53,90
397,1013,243,53,90
398,1013,232,53,90
399,1013,240,53,90
400,1012,256,53,90
401,1013,268,53,90
402,1013,265,53,90
403,1014,267,53,90
404,1015,271,53,90
405,1016,263,53,90
406,1018,251,53,90
407,1021,244,53,90
408,1022,234,53,90
409,1023,217,53,90
410,1025,214,53,90
411,1028,229,53,90
412,1030,239,53,90
413,1034,238,53,90
414,1039,237,53,90
415,1042,245,53,90
416,1043,246,53,90
417,1044,245,53,90
418,1046,255,53,90
419,1047,260,53,90
420,1048,262,53,90
421,1050,267,53,90
422,1051,265,53,90
423,1050,258,53,90
424,1049,260,53,90
425,1047,264,53,90
426,1045,273,53,90
427,1046,276,53,90
428,1050,285,53,90
429,1054,281,53,90
430,1054,276,53,90
431,1053,259,53,90
432,1051,250,53,90
433,1047,241,53,90
434,1045,250,53,90
435,49,83,53,90
436,33,82,53,90
437,102,85,53,90
438,81,81,53,90
439,76,84,53,90
440,59,91,53,90
441,44,100,53,90
442,28,110,53,90
443,13,115,53,90
444,1,117,53,90
445,255,109,53,90
446,236,111,53,90
447,219,105,53,90
448,288,101,53,90
449,270,94,53,90
450,252,97,53,90
451,236,99,53,90
452,216,104,53,90
453,199,106,53,90
454,184,106,53,90
455,166,110,53,90
456,146,118,53,90
457,124,105,53,90
458,102,99,53,90
459,81,105,53,90
460,61,110,53,90
461,37,113,53,90
462,17,118,53,90
463,0,122,53,90
464,109,118,53,90
465,85,116,53,90
