01-Light 22
65,200,330,54,87
66,201,326,54,87
67,200,322,54,87
68,198,318,54,87
69,197,313,54,87
70,194,311,54,87
71,191,309,54,87
72,188,306,54,87
73,184,304,54,87
74,183,301,54,87
75,182,298,54,87
76,179,298,54,87
77,176,297,54,87
78,174,298,54,87
79,173,298,54,87
80,171,296,54,87
81,169,295,54,87
82,167,295,54,87
83,166,298,54,87
84,163,303,54,87
85,162,307,54,87
86,160,312,54,87
87,158,316,54,87
88,160,317,54,87
89,163,316,54,87
90,163,315,54,87
91,162,313,54,87
92,161,312,54,87
93,161,311,54,87
94,163,310,54,87
95,166,308,54,87
96,169,305,54,87
97,170,303,54,87
98,171,303,54,87
99,174,304,54,87
100,179,304,54,87
101,182,303,54,87
102,183,302,54,87
103,186,299,54,87
104,189,296,54,87
105,189,296,54,87
106,191,297,54,87
107,194,300,54,87
108,197,303,54,87
109,199,305,54,87
110,199,306,54,87
111,199,306,54,87
112,199,307,54,87
113,199,308,54,87
114,200,307,54,87
115,201,305,54,87
116,201,303,54,87
117,202,301,54,87
118,204,299,54,87
119,204,297,54,87
120,203,298,54,87
121,202,301,54,87
122,203,303,54,87
123,206,303,54,87
124,206,303,54,87
125,204,303,54,87
126,202,303,54,87
127,200,303,54,87
128,198,303,54,87
129,197,305,54,87
130,197,306,54,87
131,198,305,54,87
132,197,304,54,87
133,193,304,54,87
134,192,304,54,87
135,193,305,54,87
136,193,306,54,87
137,193,306,54,87
138,192,306,54,87
139,192,306,54,87
140,191,308,54,87
141,190,311,54,87
142,191,312,54,87
143,193,311,54,87
144,193,310,54,87
145,193,309,54,87
146,194,309,54,87
147,194,310,54,87
148,193,314,54,87
149,195,319,54,87
150,199,324,54,87
151,201,327,54,87
152,202,328,54,87
153,203,328,54,87
154,202,328,54,87
155,202,328,54,87
156,204,327,54,87
157,205,325,54,87
158,205,322,54,87
159,206,319,54,87
160,207,316,54,87
161,206,315,54,87
162,204,316,54,87
163,206,317,54,87
164,209,317,54,87
165,209,318,54,87
166,208,319,54,87
167,209,319,54,87
168,209,319,54,87
169,209,319,54,87
170,210,318,54,87
171,210,317,54,87
172,210,315,54,87
173,209,313,54,87
174,209,312,54,87
175,210,313,54,87
176,212,314,54,87
177,214,314,54,87
178,215,312,54,87
179,215,309,54,87
180,214,308,54,87
181,214,308,54,87
182,214,309,54,87
183,214,310,54,87
184,214,311,54,87
185,214,311,54,87
186,213,310,54,87
187,212,311,54,87
188,212,313,54,87
189,214,313,54,87
190,214,311,54,87
191,214,307,54,87
192,215,303,54,87
193,215,300,54,87
194,215,298,54,87
195,216,297,54,87
196,217,297,54,87
197,218,296,54,87
198,218,296,54,87
199,217,298,54,87
200,216,302,54,87
201,215,306,54,87
202,216,307,54,87
203,217,306,54,87
204,216,303,54,87
205,215,300,54,87
206,214,298,54,87
207,212,298,54,87
208,212,298,54,87
209,213,297,54,87
210,213,295,54,87
211,212,295,54,87
212,211,297,54,87
213,210,298,54,87
214,210,297,54,87
215,209,296,54,87
216,209,293,54,87
217,209,289,54,87
218,207,288,54,87
219,205,290,54,87
220,204,295,54,87
221,205,301,54,87
222,205,307,54,87
223,204,310,54,87
224,202,312,54,87
225,201,315,54,87
226,202,317,54,87
227,204,316,54,87
228,204,311,54,87
229,204,305,54,87
230,203,304,54,87
231,201,306,54,87
232,200,309,54,87
233,201,314,54,87
234,202,317,54,87
235,204,316,54,87
236,204,312,54,87
237,202,307,54,87
238,198,303,54,87
239,196,302,54,87
240,198,300,54,87
241,200,297,54,87
242,200,297,54,87
243,200,299,54,87
244,200,302,54,87
245,200,305,54,87
246,201,306,54,87
247,202,306,54,87
248,203,305,54,87
249,203,302,54,87
250,201,303,54,87
251,201,305,54,87
252,203,306,54,87
253,204,304,54,87
254,203,303,54,87
255,202,305,54,87
256,204,306,54,87
257,204,307,54,87
258,202,308,54,87
259,202,309,54,87
260,204,309,54,87
261,202,310,54,87
262,199,311,54,87
263,199,311,54,87
264,200,308,54,87
265,200,303,54,87
266,199,298,54,87
267,197,296,54,87
268,193,297,54,87
269,190,297,54,87
270,191,296,54,87
271,194,295,54,87
272,196,295,54,87
273,196,296,54,87
274,193,300,54,87
275,190,304,54,87
276,191,307,54,87
277,194,308,54,87
278,196,308,54,87
279,197,307,54,87
280,195,307,54,87
281,192,308,54,87
282,192,308,54,87
283,192,309,54,87
284,192,311,54,87
285,192,312,54,87
286,192,313,54,87
287,192,312,54,87
288,192,309,54,87
289,193,306,54,87
290,193,302,54,87
291,192,299,54,87
292,190,300,54,87
293,191,301,54,87
294,194,301,54,87
295,193,301,54,87
296,191,302,54,87
297,192,303,54,87
298,191,306,54,87
299,190,310,54,87
300,191,315,54,87
301,192,319,54,87
302,192,321,54,87
303,192,324,54,87
304,193,326,54,87
305,194,327,54,87
306,195,326,54,87
307,196,321,54,87
308,198,314,54,87
309,198,310,54,87
310,196,308,54,87
311,192,312,54,87
312,194,318,54,87
313,198,319,54,87
314,199,320,54,87
315,198,321,54,87
316,197,322,54,87
317,195,323,54,87
318,194,323,54,87
319,194,322,54,87
320,194,320,54,87
321,192,319,54,87
322,191,320,54,87
323,191,321,54,87
324,191,322,54,87
325,191,322,54,87
326,190,324,54,87
327,189,326,54,87
328,187,328,54,87
329,184,332,54,87
330,184,336,54,87
331,186,337,54,87
332,186,335,54,87
333,184,331,54,87
334,183,328,54,87
335,183,327,54,87
336,182,326,54,87
337,181,325,54,87
338,181,322,54,87
339,181,320,54,87
340,180,321,54,87
341,179,324,54,87
342,179,327,54,87
343,179,327,54,87
344,178,327,54,87
345,178,327,54,87
346,179,327,54,87
347,177,328,54,87
348,176,329,54,87
349,177,328,54,87
350,177,325,54,87
351,176,322,54,87
352,175,321,54,87
353,174,322,54,87
354,175,324,54,87
355,177,325,54,87
356,178,324,54,87
357,178,322,54,87
358,177,322,54,87
359,175,326,54,87
360,175,330,54,87
361,175,333,54,87
362,174,336,54,87
363,174,339,54,87
364,174,340,54,87
365,173,340,54,87
366,170,342,54,87
367,171,344,54,87
368,174,343,54,87
369,175,341,54,87
370,172,343,54,87
371,171,346,54,87
372,175,350,54,87
373,178,352,54,87
374,177,353,54,87
375,178,353,54,87
376,180,353,54,87
377,179,355,54,87
378,178,358,54,87
379,179,360,54,87
380,180,360,54,87
381,179,360,54,87
382,179,361,54,87
383,179,362,54,87
384,176,363,54,87
385,173,365,54,87
386,172,366,54,87
387,172,364,54,87
388,171,361,54,87
389,170,358,54,87
390,170,355,54,87
391,170,354,54,87
392,168,355,54,87
393,166,354,54,87
394,165,355,54,87
395,163,359,54,87
396,164,364,54,87
397,166,368,54,87
398,164,370,54,87
399,160,371,54,87
400,159,371,54,87
401,160,371,54,87
402,158,375,54,87
403,155,384,54,87
404,154,392,54,87
405,160,392,54,87
406,161,392,54,87
407,160,392,54,87
408,162,392,54,87
409,163,388,54,87
410,162,392,54,87
411,164,392,54,87
412,165,392,54,87
413,165,391,54,87
414,164,392,54,87
415,164,392,54,87
416,166,392,54,87
417,167,392,54,87
418,168,392,54,87
419,168,392,54,87
420,167,392,54,87
421,166,392,54,87
422,166,392,54,87
423,168,392,54,87
424,168,392,54,87
425,168,392,54,87
426,167,391,54,87
427,165,392,54,87
428,162,392,54,87
429,164,392,54,87
430,163,392,54,87
431,161,392,54,87
432,163,392,54,87
433,164,392,54,87
434,163,392,54,87
435,161,392,54,87
436,162,392,54,87
437,163,392,54,87
438,163,392,54,87
439,163,391,54,87
440,162,392,54,87
441,161,392,54,87
442,163,392,54,87
443,165,392,54,87
444,167,392,54,87
445,167,391,54,87
446,166,388,54,87
447,167,386,54,87
448,168,384,54,87
449,169,382,54,87
450,171,379,54,87
451,173,376,54,87
452,173,372,54,87
453,172,370,54,87
454,171,373,54,87
455,173,378,54,87
456,175,382,54,87
457,174,385,54,87
458,175,386,54,87
459,175,386,54,87
460,173,388,54,87
461,171,391,54,87
462,172,392,54,87
463,172,392,54,87
464,171,390,54,87
465,171,388,54,87
466,170,387,54,87
467,168,388,54,87
468,167,390,54,87
469,165,392,54,87
470,165,392,54,87
471,166,392,54,87
472,163,392,54,87
473,161,392,54,87
474,162,392,54,87
475,162,392,54,87
476,157,392,54,87
477,153,392,54,87
478,155,392,54,87
479,156,391,54,87
480,153,388,54,87
481,149,386,54,87
482,147,386,54,87
483,146,389,54,87
484,144,392,54,87
485,141,390,54,87
486,140,382,54,87
487,138,375,54,87
488,135,371,54,87
489,133,371,54,87
490,132,370,54,87
491,128,369,54,87
492,124,369,54,87
493,123,369,54,87
494,124,371,54,87
495,123,373,54,87
496,119,376,54,87
497,116,378,54,87
498,115,381,54,87
499,115,384,54,87
500,115,386,54,87
501,116,387,54,87
502,115,387,54,87
503,115,386,54,87
504,116,385,54,87
505,117,385,54,87
506,119,385,54,87
507,122,384,54,87
508,124,382,54,87
509,125,380,54,87
510,124,379,54,87
511,126,379,54,87
512,127,379,54,87
513,127,379,54,87
514,129,377,54,87
515,131,376,54,87
516,131,377,54,87
517,133,379,54,87
518,136,380,54,87
519,137,381,54,87
520,136,382,54,87
521,138,383,54,87
522,141,382,54,87
523,142,379,54,87
524,143,374,54,87
525,144,371,54,87
526,142,371,54,87
527,143,372,54,87
528,144,374,54,87
529,144,376,54,87
530,146,375,54,87
531,148,373,54,87
532,148,374,54,87
533,146,378,54,87
534,145,382,54,87
535,145,386,54,87
536,145,387,54,87
537,145,387,54,87
538,145,386,54,87
539,146,386,54,87
540,146,387,54,87
541,145,390,54,87
542,145,391,54,87
543,146,390,54,87
544,147,387,54,87
545,147,384,54,87
546,147,380,54,87
547,148,375,54,87
548,149,370,54,87
549,148,368,54,87
550,145,370,54,87
551,145,371,54,87
552,147,369,54,87
553,146,368,54,87
554,144,366,54,87
555,145,362,54,87
556,145,360,54,87
557,141,361,54,87
558,137,365,54,87
559,138,368,54,87
560,139,367,54,87
561,137,366,54,87
562,135,364,54,87
563,133,363,54,87
564,132,362,54,87
565,131,361,54,87
566,128,362,54,87
567,129,360,54,87
568,131,357,54,87
569,132,353,54,87
570,132,351,54,87
571,132,350,54,87
572,133,349,54,87
573,132,350,54,87
574,132,354,54,87
575,134,359,54,87
576,137,363,54,87
577,139,364,54,87
578,138,365,54,87
579,134,368,54,87
580,133,372,54,87
581,135,375,54,87
582,135,376,54,87
583,135,375,54,87
584,135,374,54,87
585,134,375,54,87
586,133,377,54,87
587,133,376,54,87
588,133,373,54,87
589,131,374,54,87
590,131,375,54,87
591,135,373,54,87
592,138,367,54,87
593,137,364,54,87
594,137,364,54,87
595,134,368,54,87
596,134,368,54,87
597,138,368,54,87
598,138,370,54,87
599,140,369,54,87
600,144,366,54,87
601,145,364,54,87
602,143,364,54,87
603,143,365,54,87
604,143,365,54,87
605,145,364,54,87
606,147,359,54,87
607,148,353,54,87
608,147,351,54,87
609,148,349,54,87
610,150,346,54,87
611,149,345,54,87
612,152,344,54,87
613,153,346,54,87
614,152,345,54,87
615,156,339,54,87
616,154,340,54,87
617,148,344,54,87
618,150,343,54,87
619,149,343,54,87
620,145,342,54,87
621,143,342,54,87
622,144,342,54,87
623,145,343,54,87
624,144,345,54,87
625,142,348,54,87
626,140,355,54,87
627,141,361,54,87
628,146,361,54,87
629,149,358,54,87
630,148,353,54,87
631,150,347,54,87
632,154,341,54,87
633,156,338,54,87
634,156,338,54,87
635,157,337,54,87
636,159,336,54,87
637,158,341,54,87
638,160,344,54,87
639,163,345,54,87
640,162,347,54,87
641,161,348,54,87
642,161,349,54,87
643,160,350,54,87
644,159,351,54,87
645,156,355,54,87
646,153,360,54,87
647,150,366,54,87
648,149,371,54,87
649,151,372,54,87
650,151,372,54,87
651,150,372,54,87
652,148,371,54,87
653,147,369,54,87
654,146,368,54,87
655,146,366,54,87
656,146,362,54,87
657,146,357,54,87
658,146,354,54,87
659,145,354,54,87
660,143,355,54,87
661,139,356,54,87
662,138,354,54,87
663,138,350,54,87
664,134,359,54,87
665,131,364,54,87
666,130,364,54,87
667,126,370,54,87
668,123,376,54,87
669,124,379,54,87
670,125,379,54,87
671,125,377,54,87
672,125,375,54,87
673,125,375,54,87
674,125,377,54,87
675,124,380,54,87
676,126,379,54,87
677,127,377,54,87
678,126,377,54,87
679,126,374,54,87
680,124,373,54,87
681,121,375,54,87
682,117,384,54,87
683,117,390,54,87
684,122,390,54,87
685,120,391,54,87
686,116,392,54,87
687,119,392,54,87
688,123,392,54,87
689,122,392,54,87
690,121,390,54,87
691,121,385,54,87
692,122,381,54,87
693,123,379,54,87
694,123,381,54,87
695,122,386,54,87
696,123,390,54,87
697,125,391,54,87
698,125,390,54,87
699,125,386,54,87
700,122,383,54,87
701,122,380,54,87
702,122,377,54,87
703,119,377,54,87
704,120,374,54,87
705,122,371,54,87
706,120,369,54,87
707,118,368,54,87
708,118,368,54,87
709,119,371,54,87
710,121,374,54,87
711,124,374,54,87
712,126,374,54,87
713,125,375,54,87
714,124,377,54,87
715,126,377,54,87
716,129,377,54,87
717,132,378,54,87
718,136,378,54,87
719,142,378,54,87
720,146,378,54,87
721,147,378,54,87
722,147,379,54,87
723,148,380,54,87
724,150,378,54,87
725,153,375,54,87
726,153,372,54,87
727,152,370,54,87
728,152,372,54,87
729,152,378,54,87
730,153,382,54,87
731,156,383,54,87
732,157,384,54,87
733,159,382,54,87
734,162,381,54,87
735,163,380,54,87
736,164,377,54,87
737,165,375,54,87
738,166,373,54,87
739,164,372,54,87
740,163,371,54,87
741,161,370,54,87
742,158,372,54,87
743,157,375,54,87
744,158,380,54,87
745,160,385,54,87
746,162,388,54,87
747,162,390,54,87
748,162,390,54,87
749,164,389,54,87
750,164,388,54,87
751,164,386,54,87
752,166,383,54,87
753,170,378,54,87
754,171,374,54,87
755,170,372,54,87
756,167,376,54,87
757,165,379,54,87
758,166,380,54,87
759,166,381,54,87
760,164,381,54,87
761,164,378,54,87
762,164,374,54,87
763,162,372,54,87
764,157,373,54,87
765,155,375,54,87
766,155,376,54,87
767,155,376,54,87
768,154,375,54,87
769,152,376,54,87
770,149,379,54,87
771,149,379,54,87
772,152,374,54,87
773,153,371,54,87
774,151,370,54,87
775,152,366,54,87
776,154,363,54,87
777,153,365,54,87
778,153,367,54,87
779,154,368,54,87
780,155,366,54,87
781,154,363,54,87
782,152,360,54,87
783,151,358,54,87
784,148,361,54,87
785,147,364,54,87
786,148,365,54,87
787,149,363,54,87
788,148,362,54,87
789,146,362,54,87
790,145,364,54,87
791,145,366,54,87
792,144,367,54,87
793,142,367,54,87
794,142,363,54,87
795,139,359,54,87
