01-Light 18
100,763,434,40,69
101,761,433,40,69
102,759,432,40,69
103,757,431,40,69
104,755,430,40,69
105,753,428,40,69
106,750,427,40,69
107,747,426,40,69
108,744,424,40,69
109,741,422,40,69
110,739,419,40,69
111,737,416,40,69
112,735,412,40,69
113,734,408,40,69
114,732,405,40,69
115,730,402,40,69
116,728,398,40,69
117,727,394,40,69
118,726,390,40,69
119,725,386,40,69
120,725,382,40,69
121,725,378,40,69
122,725,374,40,69
123,725,370,40,69
124,725,366,40,69
125,725,362,40,69
126,725,358,40,69
127,725,353,40,69
128,725,349,40,69
129,725,345,40,69
130,724,341,40,69
131,723,336,40,69
132,722,332,40,69
133,721,328,40,69
134,720,324,40,69
135,719,320,40,69
136,717,316,40,69
137,714,313,40,69
138,711,310,40,69
139,708,307,40,69
140,705,304,40,69
141,702,301,40,69
142,698,298,40,69
143,694,295,40,69
144,690,292,40,69
145,686,289,40,69
146,682,286,40,69
147,678,283,40,69
148,675,280,40,69
149,671,277,40,69
150,667,275,40,69
151,663,272,40,69
152,659,270,40,69
153,655,268,40,69
154,652,267,40,69
155,649,267,40,69
156,646,266,40,69
157,643,266,40,69
158,640,266,40,69
159,637,266,40,69
160,635,266,40,69
161,633,266,40,69
162,631,266,40,69
163,629,267,40,69
164,627,268,40,69
165,626,268,40,69
166,625,268,40,69
167,624,268,40,69
168,623,269,40,69
169,622,270,40,69
170,622,271,40,69
171,622,272,40,69
172,622,273,40,69
173,622,274,40,69
174,623,275,40,69
175,624,276,40,69
176,625,277,40,69
177,626,278,40,69
178,627,279,40,69
179,629,280,40,69
180,631,281,40,69
