01-Light 31
59,471,343,84,69
60,470,341,84,69
61,469,341,84,69
62,467,340,84,69
63,465,335,84,69
64,464,339,84,69
65,463,336,84,69
66,462,333,84,69
67,461,335,84,69
68,459,336,84,69
69,457,336,84,69
70,455,334,84,69
71,453,340,84,69
72,450,338,84,69
73,448,335,84,69
74,446,339,84,69
75,445,337,84,69
76,443,333,84,69
77,441,332,84,69
78,439,336,84,69
79,436,331,84,69
80,433,332,84,69
81,432,337,84,69
82,430,332,84,69
83,428,330,84,69
84,426,334,84,69
85,424,331,84,69
86,422,329,84,69
87,420,330,84,69
88,418,330,84,69
89,416,328,84,69
90,413,328,84,69
91,410,330,84,69
92,408,329,84,69
93,405,329,84,69
94,402,329,84,69
95,399,328,84,69
96,396,327,84,69
97,392,329,84,69
98,389,329,84,69
99,386,327,84,69
100,383,329,84,69
101,379,326,84,69
102,376,328,84,69
103,372,330,84,69
104,368,326,84,69
105,364,328,84,69
106,360,330,84,69
107,354,327,84,69
108,349,326,84,69
109,344,330,84,69
110,338,326,84,69
111,333,326,84,69
112,329,328,84,69
113,324,327,84,69
114,316,328,84,69
115,309,328,84,69
116,302,332,84,69
117,294,332,84,69
