01-Light 30
1,570,539,71,69
2,570,539,71,69
3,570,540,71,69
4,570,540,71,69
5,570,539,71,69
6,570,539,71,69
7,570,538,71,69
8,571,536,71,69
9,572,538,71,69
10,573,539,71,69
11,574,541,71,69
12,575,542,71,69
13,575,543,71,69
14,575,543,71,69
15,576,543,71,69
16,576,542,71,69
17,576,540,71,69
18,576,538,71,69
19,576,537,71,69
20,577,536,71,69
21,578,536,71,69
22,579,537,71,69
23,580,538,71,69
24,581,538,71,69
25,582,538,71,69
26,583,538,71,69
27,584,538,71,69
28,584,537,71,69
29,584,539,71,69
30,584,540,71,69
31,583,540,71,69
32,584,542,71,69
33,583,541,71,69
34,583,539,71,69
35,582,538,71,69
36,582,536,71,69
37,581,535,71,69
38,580,535,71,69
39,579,534,71,69
40,579,534,71,69
41,578,534,71,69
42,578,533,71,69
43,578,533,71,69
44,577,532,71,69
45,578,533,71,69
46,576,534,71,69
47,576,538,71,69
48,576,540,71,69
49,574,538,71,69
50,574,538,71,69
51,573,537,71,69
52,572,537,71,69
53,573,536,71,69
54,571,534,71,69
55,571,534,71,69
56,570,534,71,69
57,568,532,71,69
58,567,532,71,69
59,567,533,71,69
60,565,534,71,69
61,565,534,71,69
62,564,535,71,69
63,563,536,71,69
64,563,536,71,69
65,563,536,71,69
66,563,534,71,69
67,563,534,71,69
68,562,533,71,69
69,563,532,71,69
70,563,534,71,69
71,563,533,71,69
72,565,534,71,69
73,565,533,71,69
74,564,533,71,69
75,564,533,71,69
76,564,532,71,69
77,565,535,71,69
78,564,533,71,69
79,565,532,71,69
80,565,531,71,69
81,566,529,71,69
82,567,528,71,69
83,568,527,71,69
84,570,527,71,69
85,571,527,71,69
86,573,529,71,69
87,574,531,71,69
88,575,534,71,69
89,576,535,71,69
90,577,535,71,69
91,579,536,71,69
92,579,534,71,69
93,583,535,71,69
94,581,533,71,69
95,581,532,71,69
96,583,534,71,69
97,581,533,71,69
98,583,534,71,69
99,582,532,71,69
100,580,533,71,69
101,581,533,71,69
102,580,533,71,69
103,579,533,71,69
104,579,535,71,69
105,575,535,71,69
106,579,538,71,69
107,575,534,71,69
108,574,534,71,69
109,574,530,71,69
110,574,530,71,69
111,573,529,71,69
112,571,526,71,69
113,571,529,71,69
114,570,529,71,69
115,567,530,71,69
116,567,530,71,69
117,566,530,71,69
118,564,530,71,69
119,563,528,71,69
120,562,528,71,69
121,562,526,71,69
122,559,524,71,69
123,558,526,71,69
124,556,525,71,69
125,554,527,71,69
126,553,528,71,69
127,551,529,71,69
128,550,530,71,69
129,547,530,71,69
130,547,530,71,69
131,545,529,71,69
132,544,528,71,69
133,543,527,71,69
134,542,526,71,69
135,541,525,71,69
136,539,525,71,69
137,538,526,71,69
138,537,526,71,69
139,537,526,71,69
140,535,526,71,69
141,537,526,71,69
142,536,526,71,69
143,537,526,71,69
144,536,527,71,69
145,538,527,71,69
146,537,527,71,69
147,540,528,71,69
148,537,527,71,69
149,539,529,71,69
150,538,527,71,69
151,539,527,71,69
152,539,525,71,69
153,539,527,71,69
154,537,529,71,69
155,541,534,71,69
156,539,532,71,69
157,539,534,71,69
158,542,532,71,69
159,537,531,71,69
160,540,530,71,69
161,543,524,71,69
162,538,527,71,69
163,544,523,71,69
164,540,529,71,69
165,538,532,71,69
166,544,534,71,69
167,534,538,71,69
168,543,536,71,69
169,534,539,71,69
170,541,539,71,69
171,541,537,71,69
172,537,538,71,69
173,541,534,71,69
174,537,537,71,69
175,539,536,71,69
176,539,536,71,69
177,537,536,71,69
178,540,535,71,69
179,538,537,71,69
180,541,534,71,69
181,541,535,71,69
182,542,535,71,69
183,542,537,71,69
184,541,540,71,69
185,545,541,71,69
186,546,543,71,69
187,547,544,71,69
188,547,545,71,69
189,549,543,71,69
190,550,542,71,69
191,551,542,71,69
192,552,541,71,69
193,553,543,71,69
194,557,543,71,69
195,559,543,71,69
196,560,542,71,69
197,563,541,71,69
198,564,539,71,69
199,566,536,71,69
200,569,536,71,69
201,571,534,71,69
202,573,535,71,69
203,574,535,71,69
204,576,537,71,69
205,578,537,71,69
206,580,539,71,69
207,581,539,71,69
208,581,541,71,69
209,582,542,71,69
210,582,542,71,69
211,582,545,71,69
212,583,544,71,69
213,584,544,71,69
214,584,544,71,69
215,584,544,71,69
216,584,544,71,69
217,584,543,71,69
218,584,542,71,69
219,584,541,71,69
220,585,540,71,69
221,585,541,71,69
222,585,541,71,69
223,586,542,71,69
224,585,542,71,69
225,586,543,71,69
226,586,542,71,69
227,586,541,71,69
228,586,542,71,69
229,587,542,71,69
230,587,542,71,69
231,587,542,71,69
232,587,541,71,69
233,586,542,71,69
234,586,541,71,69
235,587,540,71,69
236,586,539,71,69
237,586,539,71,69
238,585,538,71,69
239,585,537,71,69
240,584,536,71,69
