01-Light 15
4,150,83,21,39
5,150,84,21,39
6,150,86,21,39
7,151,88,21,39
8,152,90,21,39
9,153,92,21,39
10,154,93,21,39
11,155,94,21,39
12,156,94,21,39
13,157,94,21,39
14,157,94,21,39
15,157,94,21,39
16,157,94,21,39
17,156,94,21,39
18,155,94,21,39
19,154,95,21,39
20,153,95,21,39
21,152,95,21,39
22,151,95,21,39
23,150,95,21,39
24,149,95,21,39
25,147,95,21,39
26,145,95,21,39
27,143,95,21,39
28,143,96,21,39
29,144,97,21,39
30,147,98,21,39
31,151,99,21,39
32,155,101,21,39
33,159,103,21,39
34,163,105,21,39
35,167,107,21,39
36,170,110,21,39
37,171,113,21,39
38,169,116,21,39
39,165,118,21,39
40,160,119,21,39
41,160,119,21,39
42,155,118,21,39
43,149,117,21,39
44,143,115,21,39
45,138,112,21,39
46,133,108,21,39
47,130,104,21,39
48,129,100,21,39
49,130,96,21,39
50,133,93,21,39
51,138,91,21,39
52,144,90,21,39
53,150,90,21,39
54,156,90,21,39
55,162,90,21,39
56,168,90,21,39
57,174,90,21,39
58,180,89,21,39
59,186,88,21,39
60,193,88,21,39
61,200,89,21,39
62,207,91,21,39
63,213,94,21,39
64,219,97,21,39
65,224,100,21,39
66,226,103,21,39
67,225,106,21,39
68,221,108,21,39
69,214,109,21,39
70,205,109,21,39
71,197,108,21,39
72,189,108,21,39
73,182,108,21,39
74,176,108,21,39
75,171,107,21,39
76,166,106,21,39
77,161,104,21,39
78,157,102,21,39
79,153,100,21,39
80,150,98,21,39
81,147,97,21,39
82,145,96,21,39
83,143,96,21,39
84,141,96,21,39
85,139,96,21,39
86,138,96,21,39
87,137,96,21,39
88,135,96,21,39
89,133,96,21,39
90,132,95,21,39
91,131,94,21,39
92,130,94,21,39
93,128,93,21,39
94,126,92,21,39
95,125,91,21,39
96,124,90,21,39
97,123,89,21,39
98,122,89,21,39
99,121,89,21,39
100,121,89,21,39
101,121,89,21,39
102,121,89,21,39
103,120,89,21,39
104,119,89,21,39
105,118,89,21,39
106,117,89,21,39
107,117,89,21,39
108,118,90,21,39
109,120,90,21,39
110,122,90,21,39
111,124,90,21,39
112,127,90,21,39
113,130,90,21,39
114,132,90,21,39
115,135,90,21,39
116,137,90,21,39
117,139,90,21,39
118,141,90,21,39
119,142,89,21,39
120,143,89,21,39
121,144,89,21,39
122,145,89,21,39
123,146,88,21,39
124,147,88,21,39
125,147,87,21,39
126,147,86,21,39
127,147,85,21,39
128,147,84,21,39
129,147,83,21,39
130,147,82,21,39
131,147,81,21,39
132,146,79,21,39
133,146,77,21,39
134,146,75,21,39
135,146,73,21,39
136,147,72,21,39
137,148,71,21,39
138,148,71,21,39
139,148,71,21,39
140,149,71,21,39
141,150,71,21,39
142,151,71,21,39
143,151,71,21,39
144,151,71,21,39
145,151,71,21,39
146,151,71,21,39
147,150,71,21,39
148,149,71,21,39
149,147,71,21,39
150,145,72,21,39
151,143,72,21,39
152,142,73,21,39
153,141,74,21,39
154,140,75,21,39
155,139,76,21,39
156,138,78,21,39
157,138,80,21,39
158,138,81,21,39
159,139,83,21,39
160,141,85,21,39
161,143,87,21,39
162,146,90,21,39
163,150,93,21,39
164,154,96,21,39
165,159,99,21,39
166,164,102,21,39
167,169,104,21,39
168,175,105,21,39
169,180,104,21,39
170,184,102,21,39
171,187,98,21,39
172,188,93,21,39
173,188,88,21,39
174,186,83,21,39
175,182,78,21,39
176,176,75,21,39
177,169,73,21,39
178,161,73,21,39
179,153,76,21,39
180,147,81,21,39
181,142,87,21,39
182,139,94,21,39
183,137,100,21,39
184,136,105,21,39
185,137,109,21,39
186,140,113,21,39
187,143,116,21,39
188,147,119,21,39
189,148,121,21,39
190,148,121,21,39
191,148,121,21,39
192,148,121,21,39
193,148,121,21,39
194,148,121,21,39
195,148,121,21,39
196,148,121,21,39
197,148,121,21,39
198,148,121,21,39
199,148,121,21,39
200,148,121,21,39
201,148,121,21,39
202,148,121,21,39
203,148,121,21,39
204,148,121,21,39
205,148,121,21,39
206,148,121,21,39
207,148,121,21,39
208,148,121,21,39
209,148,121,21,39
210,148,121,21,39
211,148,121,21,39
212,148,121,21,39
213,148,121,21,39
214,148,121,21,39
215,148,121,21,39
216,148,121,21,39
217,148,121,21,39
218,148,121,21,39
219,148,121,21,39
220,148,121,21,39
221,148,121,21,39
222,148,121,21,39
223,148,121,21,39
224,148,121,21,39
225,148,121,21,39
226,148,121,21,39
227,148,121,21,39
228,148,121,21,39
229,148,121,21,39
230,148,121,21,39
231,148,121,21,39
232,148,121,21,39
233,148,121,21,39
234,148,121,21,39
235,148,121,21,39
236,148,121,21,39
237,150,121,21,39
238,152,121,21,39
239,152,121,21,39
240,152,121,21,39
241,151,121,21,39
242,149,121,21,39
243,147,121,21,39
244,147,121,21,39
245,148,121,21,39
246,149,121,21,39
247,149,121,21,39
248,148,121,21,39
249,148,121,21,39
250,148,121,21,39
251,148,121,21,39
252,148,121,21,39
253,147,121,21,39
254,147,121,21,39
255,147,121,21,39
256,147,121,21,39
257,147,128,21,39
258,147,128,21,39
259,147,128,21,39
260,147,128,21,39
261,147,128,21,39
262,147,128,21,39
263,147,128,21,39
264,147,128,21,39
265,147,128,21,39
266,145,125,21,39
267,146,120,21,39
268,147,114,21,39
269,147,108,21,39
270,147,103,21,39
271,148,98,21,39
272,151,94,21,39
273,155,91,21,39
274,160,88,21,39
275,166,85,21,39
276,173,83,21,39
277,180,81,21,39
278,187,80,21,39
279,194,79,21,39
280,200,78,21,39
281,203,76,21,39
282,203,73,21,39
283,200,69,21,39
284,195,65,21,39
285,189,60,21,39
286,183,56,21,39
287,176,52,21,39
288,169,49,21,39
289,162,47,21,39
