01-Light 12
1,531,72,62,40
2,527,74,62,40
3,523,76,62,40
4,519,78,62,40
5,515,80,62,40
6,510,82,62,40
7,506,84,62,40
8,502,86,62,40
9,497,88,62,40
10,493,89,62,40
11,489,90,62,40
12,485,92,62,40
13,481,94,62,40
14,477,95,62,40
15,473,97,62,40
16,469,98,62,40
17,465,100,62,40
18,461,102,62,40
19,457,104,62,40
20,454,106,62,40
21,451,109,62,40
22,447,112,62,40
23,443,115,62,40
24,440,118,62,40
25,438,121,62,40
26,436,124,62,40
27,434,127,62,40
28,432,130,62,40
29,431,133,62,40
30,431,136,62,40
31,431,139,62,40
32,431,142,62,40
33,431,145,62,40
34,431,148,62,40
35,431,151,62,40
36,432,154,62,40
37,432,157,62,40
38,433,161,62,40
39,434,165,62,40
40,435,169,62,40
41,435,173,62,40
42,437,177,62,40
43,437,181,62,40
44,437,185,62,40
45,438,190,62,40
46,439,194,62,40
47,439,198,62,40
48,439,202,62,40
49,438,206,62,40
50,437,210,62,40
51,435,214,62,40
52,433,218,62,40
53,430,222,62,40
54,427,226,62,40
55,425,230,62,40
56,422,234,62,40
57,418,238,62,40
58,414,242,62,40
59,411,246,62,40
60,408,250,62,40
61,405,254,62,40
62,402,257,62,40
63,398,261,62,40
64,394,264,62,40
65,390,267,62,40
66,386,270,62,40
67,383,273,62,40
68,380,275,62,40
69,377,277,62,40
70,373,278,62,40
71,369,279,62,40
72,365,279,62,40
73,361,279,62,40
74,357,279,62,40
75,353,279,62,40
76,348,279,62,40
77,342,278,62,40
78,336,277,62,40
79,331,276,62,40
80,327,275,62,40
81,322,274,62,40
82,317,273,62,40
83,312,272,62,40
84,307,270,62,40
85,302,268,62,40
86,297,266,62,40
87,292,265,62,40
88,287,264,62,40
89,283,262,62,40
90,279,260,62,40
91,275,259,62,40
92,271,257,62,40
93,268,255,62,40
94,265,253,62,40
95,262,251,62,40
96,260,249,62,40
97,258,247,62,40
98,256,245,62,40
99,255,242,62,40
100,254,240,62,40
101,254,238,62,40
102,255,236,62,40
103,256,234,62,40
104,257,231,62,40
105,258,228,62,40
106,260,226,62,40
107,262,224,62,40
108,264,222,62,40
109,267,220,62,40
110,270,218,62,40
111,273,216,62,40
112,276,214,62,40
113,279,212,62,40
114,282,210,62,40
115,285,208,62,40
116,288,206,62,40
117,290,204,62,40
118,292,202,62,40
119,295,201,62,40
120,298,200,62,40
121,301,199,62,40
122,304,198,62,40
123,307,197,62,40
124,310,196,62,40
125,313,194,62,40
126,316,192,62,40
127,319,191,62,40
128,321,190,62,40
129,323,189,62,40
130,325,188,62,40
131,327,187,62,40
132,329,186,62,40
133,331,185,62,40
134,333,184,62,40
135,335,183,62,40
136,337,182,62,40
137,339,181,62,40
138,341,181,62,40
139,343,181,62,40
140,345,181,62,40
141,347,181,62,40
142,349,181,62,40
143,350,181,62,40
144,351,181,62,40
145,353,181,62,40
146,354,181,62,40
147,354,180,62,40
148,354,179,62,40
149,354,178,62,40
150,355,177,62,40
151,355,176,62,40
152,355,175,62,40
153,354,174,62,40
154,353,172,62,40
155,352,170,62,40
156,350,168,62,40
