02-SurfaceCover 15
1,168,25,30,59
2,170,25,30,59
3,170,25,30,59
4,172,22,30,59
5,175,18,30,59
6,173,19,30,59
7,172,19,30,59
8,168,20,30,59
9,165,21,30,59
10,162,21,30,59
11,160,21,30,59
12,157,19,30,59
13,155,18,30,59
14,154,19,30,59
15,153,21,30,59
16,154,24,30,59
17,157,27,30,59
18,159,27,30,59
19,160,27,30,59
20,160,28,30,59
21,160,29,30,59
22,158,31,30,59
23,154,33,30,59
24,149,36,30,59
25,144,39,30,59
26,137,41,30,59
27,137,41,30,59
28,140,44,30,59
29,144,48,30,59
30,146,51,30,59
31,150,57,30,59
32,156,60,30,59
33,160,61,30,59
34,161,61,30,59
35,160,62,30,59
36,160,63,30,59
37,160,64,30,59
38,160,70,30,59
39,160,76,30,59
40,160,79,30,59
41,160,84,30,59
42,160,89,30,59
43,160,93,30,59
44,159,97,30,59
45,159,97,30,59
46,159,97,30,59
47,159,97,30,59
48,160,98,30,59
49,160,98,30,59
50,161,97,30,59
51,162,94,30,59
52,163,90,30,59
53,165,82,30,59
54,166,76,30,59
55,167,72,30,59
56,169,71,30,59
57,173,71,30,59
58,173,69,30,59
59,173,68,30,59
60,172,67,30,59
61,170,66,30,59
62,80,106,30,59
63,80,106,30,59
64,79,106,30,59
65,79,106,30,59
66,78,106,30,59
67,78,106,30,59
68,78,106,30,59
69,78,106,30,59
70,78,106,30,59
71,78,106,30,59
72,78,106,30,59
73,78,107,30,59
74,79,107,30,59
75,79,107,30,59
76,78,108,30,59
77,78,108,30,59
78,78,109,30,59
79,78,109,30,59
80,78,109,30,59
81,78,109,30,59
82,78,109,30,59
83,78,109,30,59
84,78,109,30,59
85,78,109,30,59
86,79,108,30,59
87,79,108,30,59
88,79,108,30,59
89,79,108,30,59
90,79,108,30,59
91,79,108,30,59
92,79,107,30,59
93,79,107,30,59
94,79,107,30,59
95,79,107,30,59
96,79,107,30,59
97,79,107,30,59
98,79,107,30,59
99,79,107,30,59
100,79,107,30,59
101,79,107,30,59
102,78,107,30,59
103,78,107,30,59
104,78,107,30,59
105,78,108,30,59
106,78,109,30,59
107,78,109,30,59
108,78,109,30,59
109,78,109,30,59
110,78,109,30,59
111,78,109,30,59
112,78,109,30,59
113,78,109,30,59
114,78,109,30,59
115,78,109,30,59
116,78,109,30,59
117,78,109,30,59
118,78,109,30,59
119,78,109,30,59
120,78,109,30,59
121,78,109,30,59
122,78,111,30,59
123,78,111,30,59
124,78,111,30,59
125,78,111,30,59
126,78,111,30,59
127,78,111,30,59
128,78,111,30,59
129,78,110,30,59
130,78,110,30,59
131,78,110,30,59
132,78,110,30,59
133,78,110,30,59
134,78,110,30,59
135,78,110,30,59
136,78,110,30,59
137,78,110,30,59
138,78,111,30,59
139,78,111,30,59
140,78,111,30,59
141,78,111,30,59
142,78,111,30,59
143,78,111,30,59
144,78,111,30,59
145,78,111,30,59
146,78,111,30,59
147,78,111,30,59
148,78,111,30,59
149,78,112,30,59
150,78,112,30,59
151,78,112,30,59
152,76,115,30,59
153,73,118,30,59
154,71,119,30,59
155,71,119,30,59
156,71,119,30,59
157,71,119,30,59
158,71,119,30,59
159,71,119,30,59
160,71,119,30,59
161,71,119,30,59
162,71,119,30,59
163,71,119,30,59
164,71,118,30,59
165,71,118,30,59
166,71,118,30,59
167,71,118,30,59
168,71,118,30,59
169,71,118,30,59
170,71,118,30,59
171,71,118,30,59
172,71,118,30,59
173,71,117,30,59
174,71,117,30,59
175,71,117,30,59
176,71,116,30,59
177,71,116,30,59
178,71,115,30,59
179,71,111,30,59
180,70,108,30,59
181,70,105,30,59
182,70,103,30,59
183,70,103,30,59
184,70,103,30,59
185,70,103,30,59
186,70,103,30,59
187,70,103,30,59
188,70,101,30,59
189,69,98,30,59
190,67,98,30,59
191,67,100,30,59
192,67,102,30,59
193,67,102,30,59
194,67,102,30,59
195,67,102,30,59
196,67,102,30,59
197,67,103,30,59
198,67,103,30,59
199,67,103,30,59
200,65,104,30,59
201,64,107,30,59
202,63,110,30,59
203,63,110,30,59
204,63,110,30,59
205,63,110,30,59
206,63,110,30,59
207,63,110,30,59
208,63,110,30,59
209,63,110,30,59
210,63,110,30,59
211,63,109,30,59
212,63,109,30,59
213,62,107,30,59
214,62,107,30,59
215,62,107,30,59
216,62,107,30,59
217,62,107,30,59
218,62,107,30,59
219,62,107,30,59
220,62,106,30,59
221,62,106,30,59
222,62,104,30,59
223,62,104,30,59
224,62,104,30,59
225,62,104,30,59
