03-Specularity 15
50,469,100,303,101
51,469,100,303,101
52,469,99,303,101
53,469,99,303,101
54,469,99,303,101
55,469,99,303,101
56,469,99,303,101
57,469,99,303,101
58,469,99,303,101
59,469,99,303,101
60,469,100,303,101
61,470,99,303,101
62,470,100,303,101
63,470,100,303,101
64,471,101,303,101
65,471,101,303,101
66,471,101,303,101
67,471,101,303,101
68,471,101,303,101
69,471,102,303,101
70,471,102,303,101
71,471,102,303,101
72,470,101,303,101
73,471,101,303,101
74,470,100,303,101
75,471,100,303,101
76,470,99,303,101
77,470,99,303,101
78,469,99,303,101
79,469,99,303,101
80,468,99,303,101
81,469,99,303,101
82,469,99,303,101
83,469,99,303,101
84,468,99,303,101
85,468,99,303,101
86,467,100,303,101
87,467,100,303,101
88,466,100,303,101
89,465,101,303,101
90,465,101,303,101
91,465,101,303,101
92,465,101,303,101
93,466,100,303,101
94,466,100,303,101
95,466,99,303,101
96,466,99,303,101
97,466,99,303,101
98,465,99,303,101
99,466,98,303,101
100,466,98,303,101
101,466,98,303,101
102,466,99,303,101
103,466,99,303,101
104,466,99,303,101
105,466,99,303,101
106,466,98,303,101
107,466,98,303,101
108,466,98,303,101
109,465,98,303,101
110,465,98,303,101
111,465,98,303,101
112,466,98,303,101
113,466,98,303,101
114,466,98,303,101
115,466,98,303,101
116,466,98,303,101
117,466,98,303,101
118,465,98,303,101
119,465,97,303,101
120,464,97,303,101
121,464,97,303,101
122,463,97,303,101
123,463,97,303,101
124,462,97,303,101
125,462,97,303,101
126,461,97,303,101
127,461,97,303,101
128,460,97,303,101
129,460,97,303,101
130,459,96,303,101
131,459,96,303,101
132,459,83,303,101
133,458,88,303,101
134,457,91,303,101
135,457,93,303,101
136,458,94,303,101
137,457,94,303,101
138,457,94,303,101
139,456,94,303,101
140,456,95,303,101
141,456,94,303,101
142,456,95,303,101
143,456,94,303,101
144,457,95,303,101
145,457,95,303,101
146,456,95,303,101
147,455,95,303,101
148,454,94,303,101
149,453,94,303,101
150,453,93,303,101
151,452,93,303,101
152,452,93,303,101
153,451,93,303,101
154,450,93,303,101
155,449,94,303,101
156,449,95,303,101
157,449,96,303,101
158,448,97,303,101
159,449,97,303,101
160,449,97,303,101
161,448,97,303,101
162,448,97,303,101
163,448,97,303,101
164,448,97,303,101
165,448,97,303,101
166,449,97,303,101
167,449,97,303,101
168,449,97,303,101
169,449,97,303,101
170,450,96,303,101
171,450,96,303,101
172,451,96,303,101
173,452,95,303,101
174,453,95,303,101
175,453,95,303,101
176,454,95,303,101
177,453,95,303,101
178,455,95,303,101
179,455,95,303,101
180,455,95,303,101
181,456,95,303,101
182,456,95,303,101
183,456,96,303,101
184,456,96,303,101
185,457,96,303,101
186,458,96,303,101
187,458,96,303,101
188,459,96,303,101
189,459,95,303,101
190,460,94,303,101
191,463,92,303,101
192,464,92,303,101
193,466,92,303,101
194,468,92,303,101
195,472,93,303,101
196,473,94,303,101
197,473,96,303,101
198,475,96,303,101
199,474,96,303,101
200,477,94,303,101
201,476,93,303,101
202,478,92,303,101
203,477,92,303,101
204,479,92,303,101
205,479,93,303,101
206,481,93,303,101
207,482,94,303,101
208,484,93,303,101
209,488,92,303,101
210,489,93,303,101
211,490,93,303,101
212,492,94,303,101
213,494,94,303,101
214,495,95,303,101
215,497,95,303,101
216,498,95,303,101
217,500,94,303,101
218,499,95,303,101
219,502,94,303,101
220,503,93,303,101
221,504,93,303,101
222,504,94,303,101
223,504,96,303,101
224,504,96,303,101
225,505,96,303,101
226,506,96,303,101
227,506,95,303,101
228,508,94,303,101
229,508,93,303,101
230,509,93,303,101
231,507,93,303,101
232,508,93,303,101
233,509,93,303,101
234,510,93,303,101
235,511,93,303,101
236,510,93,303,101
237,512,93,303,101
238,513,93,303,101
239,514,93,303,101
240,514,93,303,101
241,514,93,303,101
242,514,93,303,101
243,514,93,303,101
244,513,93,303,101
245,513,93,303,101
246,513,93,303,101
247,513,93,303,101
248,513,93,303,101
249,513,93,303,101
250,514,93,303,101
251,514,93,303,101
252,514,93,303,101
253,514,93,303,101
254,514,93,303,101
255,514,93,303,101
256,514,93,303,101
257,514,93,303,101
258,514,93,303,101
259,514,93,303,101
260,514,93,303,101
261,515,93,303,101
262,514,93,303,101
263,514,93,303,101
264,513,93,303,101
265,512,93,303,101
266,512,92,303,101
267,511,93,303,101
268,510,93,303,101
269,509,93,303,101
270,509,93,303,101
271,507,93,303,101
272,507,93,303,101
273,506,93,303,101
274,506,93,303,101
275,506,93,303,101
276,506,93,303,101
277,506,93,303,101
278,506,93,303,101
279,506,93,303,101
280,506,93,303,101
281,506,93,303,101
282,506,93,303,101
283,505,93,303,101
284,504,93,303,101
285,504,93,303,101
286,503,93,303,101
287,503,93,303,101
288,502,93,303,101
289,502,93,303,101
290,502,93,303,101
291,502,93,303,101
292,502,93,303,101
293,503,93,303,101
294,503,93,303,101
295,503,93,303,101
296,503,93,303,101
297,502,93,303,101
298,503,94,303,101
299,503,94,303,101
300,504,94,303,101
301,504,94,303,101
302,504,94,303,101
303,503,94,303,101
304,502,94,303,101
305,502,94,303,101
306,503,94,303,101
307,501,94,303,101
308,500,94,303,101
309,498,95,303,101
310,497,95,303,101
311,497,95,303,101
312,496,94,303,101
313,498,93,303,101
314,497,93,303,101
315,496,93,303,101
316,496,93,303,101
317,496,93,303,101
318,495,94,303,101
319,494,95,303,101
320,495,95,303,101
321,496,95,303,101
322,495,95,303,101
323,495,95,303,101
324,494,95,303,101
325,494,95,303,101
326,493,95,303,101
327,493,95,303,101
328,492,96,303,101
329,492,96,303,101
330,491,97,303,101
331,491,97,303,101
332,491,97,303,101
333,491,97,303,101
334,491,96,303,101
335,491,96,303,101
336,491,96,303,101
337,491,96,303,101
338,492,96,303,101
339,492,96,303,101
340,494,96,303,101
341,496,97,303,101
342,498,97,303,101
343,501,97,303,101
344,503,96,303,101
345,505,96,303,101
346,508,95,303,101
347,510,94,303,101
348,512,94,303,101
349,514,94,303,101
350,516,94,303,101
351,518,94,303,101
352,519,94,303,101
353,520,94,303,101
354,521,94,303,101
355,523,94,303,101
356,524,94,303,101
357,524,95,303,101
358,525,95,303,101
359,525,95,303,101
360,525,95,303,101
361,525,94,303,101
362,525,93,303,101
363,524,94,303,101
364,524,93,303,101
365,525,93,303,101
366,525,93,303,101
367,525,93,303,101
368,525,93,303,101
369,524,93,303,101
370,524,94,303,101
371,523,93,303,101
372,523,94,303,101
373,522,93,303,101
374,522,94,303,101
375,521,93,303,101
376,521,94,303,101
377,520,94,303,101
378,519,95,303,101
379,519,95,303,101
380,519,96,303,101
381,519,96,303,101
382,519,97,303,101
383,519,97,303,101
384,519,97,303,101
385,519,97,303,101
386,519,97,303,101
387,520,97,303,101
388,520,98,303,101
389,520,98,303,101
390,520,98,303,101
391,520,98,303,101
392,520,97,303,101
393,520,96,303,101
394,520,95,303,101
395,520,95,303,101
396,521,94,303,101
397,520,95,303,101
398,519,96,303,101
399,518,97,303,101
400,518,97,303,101
401,517,97,303,101
402,517,96,303,101
403,516,96,303,101
404,516,96,303,101
405,515,96,303,101
406,515,96,303,101
407,515,95,303,101
408,516,96,303,101
409,516,95,303,101
410,517,96,303,101
411,516,96,303,101
412,515,97,303,101
413,514,97,303,101
414,513,97,303,101
415,513,96,303,101
416,513,97,303,101
417,514,96,303,101
418,513,97,303,101
419,514,96,303,101
420,512,96,303,101
421,512,96,303,101
422,510,95,303,101
423,510,96,303,101
424,510,95,303,101
425,510,96,303,101
426,511,95,303,101
427,511,96,303,101
428,511,96,303,101
429,510,98,303,101
430,511,99,303,101
431,511,99,303,101
432,511,100,303,101
433,511,99,303,101
434,511,100,303,101
435,511,98,303,101
436,511,98,303,101
437,511,97,303,101
438,510,97,303,101
439,510,96,303,101
440,509,95,303,101
441,508,96,303,101
442,508,95,303,101
443,507,96,303,101
444,509,96,303,101
445,508,96,303,101
446,507,96,303,101
447,507,96,303,101
448,506,97,303,101
449,504,97,303,101
450,504,97,303,101
451,502,98,303,101
452,500,100,303,101
453,499,101,303,101
454,497,102,303,101
455,499,101,303,101
456,495,102,303,101
457,498,99,303,101
458,496,99,303,101
459,497,99,303,101
460,496,97,303,101
461,497,98,303,101
462,498,97,303,101
463,497,98,303,101
464,497,97,303,101
465,497,96,303,101
