04-Transparency 4
1,193,171,48,102
2,193,171,48,102
3,196,171,48,102
4,200,172,48,102
5,199,172,48,102
6,199,172,48,102
7,202,174,48,102
8,204,176,48,102
9,204,176,48,102
10,205,177,48,102
11,205,177,48,102
12,204,177,48,102
13,204,177,48,102
14,197,174,48,102
15,183,168,48,102
16,183,168,48,102
17,183,168,48,102
18,165,160,48,102
19,150,153,48,102
20,136,146,48,102
21,136,146,48,102
22,136,146,48,102
23,128,141,48,102
24,125,140,48,102
25,125,140,48,102
26,125,140,48,102
27,124,139,48,102
28,124,139,48,102
29,124,139,48,102
30,124,139,48,102
31,124,139,48,102
32,124,139,48,102
33,124,139,48,102
34,125,139,48,102
35,125,139,48,102
36,125,139,48,102
37,125,139,48,102
38,125,139,48,102
39,125,139,48,102
40,125,140,48,102
41,125,140,48,102
42,125,140,48,102
43,125,141,48,102
44,125,141,48,102
45,125,142,48,102
46,125,143,48,102
47,125,143,48,102
48,125,143,48,102
49,125,143,48,102
50,126,143,48,102
51,126,143,48,102
52,126,143,48,102
53,126,143,48,102
54,126,143,48,102
55,126,143,48,102
56,126,143,48,102
57,126,143,48,102
58,126,143,48,102
59,127,143,48,102
60,127,143,48,102
61,128,143,48,102
62,128,143,48,102
63,128,143,48,102
64,128,143,48,102
65,128,143,48,102
66,128,143,48,102
67,128,143,48,102
68,128,143,48,102
69,128,143,48,102
70,128,143,48,102
71,128,143,48,102
72,128,143,48,102
73,128,143,48,102
74,128,143,48,102
75,128,143,48,102
76,128,143,48,102
77,128,143,48,102
78,128,143,48,102
79,128,143,48,102
80,127,143,48,102
81,126,143,48,102
82,126,143,48,102
83,126,143,48,102
84,126,143,48,102
85,125,143,48,102
86,125,143,48,102
87,125,143,48,102
88,123,143,48,102
89,121,144,48,102
90,121,144,48,102
91,119,145,48,102
92,119,145,48,102
93,118,146,48,102
94,118,146,48,102
95,118,146,48,102
96,118,146,48,102
97,118,146,48,102
98,118,146,48,102
99,118,146,48,102
100,118,146,48,102
101,118,146,48,102
102,118,146,48,102
103,118,146,48,102
104,118,146,48,102
105,117,146,48,102
106,117,146,48,102
107,117,146,48,102
108,116,146,48,102
109,115,146,48,102
110,115,147,48,102
111,115,147,48,102
112,115,147,48,102
113,115,147,48,102
114,115,147,48,102
115,115,147,48,102
116,115,147,48,102
