04-Transparency 7
15,964,310,232,238
16,964,311,232,238
17,964,312,232,238
18,964,313,232,238
19,964,313,232,238
20,964,314,232,238
21,964,315,232,238
22,964,316,232,238
23,965,316,232,238
24,965,316,232,238
25,965,316,232,238
26,965,316,232,238
27,965,316,232,238
28,965,317,232,238
29,965,318,232,238
30,965,319,232,238
31,965,319,232,238
32,965,320,232,238
33,965,321,232,238
34,965,322,232,238
35,965,323,232,238
36,965,324,232,238
37,965,324,232,238
38,965,325,232,238
39,965,326,232,238
40,965,327,232,238
41,965,328,232,238
42,965,329,232,238
43,965,330,232,238
44,965,331,232,238
45,965,332,232,238
46,965,332,232,238
47,965,333,232,238
48,965,334,232,238
49,965,334,232,238
50,965,335,232,238
51,965,336,232,238
52,965,337,232,238
53,965,339,232,238
54,965,340,232,238
55,965,340,232,238
56,965,341,232,238
57,965,342,232,238
58,965,343,232,238
59,965,344,232,238
60,965,345,232,238
61,965,345,232,238
62,965,346,232,238
63,965,347,232,238
64,965,348,232,238
65,965,349,232,238
66,965,350,232,238
67,965,350,232,238
68,965,350,232,238
69,965,351,232,238
70,965,349,232,238
71,965,350,232,238
72,964,351,232,238
73,964,351,232,238
74,964,352,232,238
75,964,353,232,238
76,963,354,232,238
77,963,355,232,238
78,963,356,232,238
79,963,356,232,238
80,963,357,232,238
81,963,358,232,238
82,963,359,232,238
83,963,360,232,238
84,963,361,232,238
85,963,361,232,238
86,963,362,232,238
87,963,363,232,238
88,963,364,232,238
89,963,365,232,238
90,963,366,232,238
91,963,366,232,238
92,963,367,232,238
93,963,368,232,238
94,963,369,232,238
95,963,370,232,238
96,963,371,232,238
97,963,372,232,238
98,962,372,232,238
99,961,373,232,238
100,961,374,232,238
101,960,375,232,238
102,960,376,232,238
103,959,377,232,238
104,959,377,232,238
105,959,378,232,238
106,959,379,232,238
107,959,380,232,238
108,958,381,232,238
109,958,382,232,238
110,958,382,232,238
111,957,383,232,238
112,956,384,232,238
113,955,385,232,238
114,955,385,232,238
115,954,385,232,238
116,954,385,232,238
117,953,386,232,238
118,952,387,232,238
119,951,388,232,238
120,950,388,232,238
121,949,389,232,238
122,949,388,232,238
123,948,388,232,238
124,947,388,232,238
125,947,389,232,238
126,947,389,232,238
127,945,390,232,238
128,945,390,232,238
129,944,390,232,238
130,943,390,232,238
131,942,390,232,238
132,941,390,232,238
133,940,390,232,238
134,940,390,232,238
135,939,390,232,238
136,938,390,232,238
137,937,390,232,238
138,936,390,232,238
139,935,390,232,238
140,935,390,232,238
141,934,390,232,238
142,934,390,232,238
143,933,390,232,238
144,932,390,232,238
145,932,390,232,238
146,932,390,232,238
147,932,390,232,238
148,931,390,232,238
149,930,390,232,238
150,929,390,232,238
151,928,390,232,238
152,928,390,232,238
153,927,391,232,238
154,926,391,232,238
155,925,391,232,238
156,924,392,232,238
157,923,392,232,238
158,923,392,232,238
159,922,392,232,238
160,921,392,232,238
161,920,393,232,238
162,919,394,232,238
163,918,395,232,238
164,918,395,232,238
165,918,396,232,238
166,918,396,232,238
167,917,396,232,238
168,916,397,232,238
169,915,397,232,238
170,915,397,232,238
171,915,397,232,238
172,915,397,232,238
173,914,398,232,238
174,913,398,232,238
175,913,398,232,238
176,913,398,232,238
177,913,398,232,238
178,913,398,232,238
179,912,398,232,238
180,911,398,232,238
181,910,399,232,238
182,910,399,232,238
183,909,399,232,238
184,909,399,232,238
185,908,399,232,238
186,908,399,232,238
187,908,399,232,238
188,908,399,232,238
189,908,399,232,238
190,908,400,232,238
191,907,400,232,238
192,906,400,232,238
193,906,399,232,238
194,906,399,232,238
195,906,398,232,238
196,906,397,232,238
197,906,396,232,238
198,906,395,232,238
199,906,394,232,238
200,906,394,232,238
201,906,393,232,238
202,906,392,232,238
203,906,391,232,238
204,906,390,232,238
205,906,389,232,238
206,906,389,232,238
207,906,388,232,238
208,906,387,232,238
209,906,387,232,238
210,906,387,232,238
211,906,386,232,238
212,906,386,232,238
213,906,385,232,238
214,906,384,232,238
215,906,383,232,238
216,906,382,232,238
217,906,381,232,238
218,906,381,232,238
219,906,379,232,238
220,906,378,232,238
221,906,376,232,238
222,905,374,232,238
223,905,371,232,238
224,905,371,232,238
225,905,369,232,238
226,905,368,232,238
227,905,367,232,238
228,905,364,232,238
229,905,362,232,238
230,905,362,232,238
231,906,360,232,238
232,906,359,232,238
233,906,358,232,238
234,906,356,232,238
235,906,355,232,238
236,906,355,232,238
237,907,352,232,238
238,907,350,232,238
239,907,349,232,238
240,907,347,232,238
241,907,347,232,238
242,907,347,232,238
243,908,345,232,238
244,909,343,232,238
245,910,341,232,238
246,910,341,232,238
247,911,339,232,238
248,911,340,232,238
249,912,338,232,238
250,913,336,232,238
251,914,334,232,238
252,915,332,232,238
253,916,332,232,238
254,916,332,232,238
255,917,330,232,238
256,918,325,232,238
257,919,322,232,238
258,921,320,232,238
259,922,318,232,238
260,922,318,232,238
261,923,315,232,238
262,924,313,232,238
263,925,311,232,238
264,927,309,232,238
265,928,307,232,238
266,928,307,232,238
267,929,305,232,238
268,930,303,232,238
269,931,301,232,238
270,932,300,232,238
271,934,297,232,238
272,934,298,232,238
273,936,296,232,238
274,938,293,232,238
275,940,290,232,238
276,942,288,232,238
277,944,285,232,238
278,944,286,232,238
279,945,285,232,238
280,946,283,232,238
281,948,281,232,238
282,950,279,232,238
283,951,277,232,238
284,951,277,232,238
285,953,274,232,238
286,955,271,232,238
287,956,269,232,238
288,957,266,232,238
289,959,263,232,238
290,959,263,232,238
291,961,260,232,238
292,963,256,232,238
293,965,254,232,238
294,967,251,232,238
295,969,248,232,238
296,971,245,232,238
297,971,245,232,238
298,972,243,232,238
299,975,240,232,238
300,976,237,232,238
301,979,236,232,238
302,980,233,232,238
303,980,233,232,238
304,980,232,232,238
305,980,229,232,238
306,981,225,232,238
307,982,223,232,238
308,984,220,232,238
309,984,220,232,238
310,984,217,232,238
311,985,215,232,238
312,986,212,232,238
313,988,209,232,238
314,990,209,232,238
315,990,209,232,238
316,991,206,232,238
317,992,203,232,238
318,994,197,232,238
319,995,194,232,238
320,996,191,232,238
321,996,191,232,238
322,997,187,232,238
323,998,183,232,238
324,999,180,232,238
325,1000,176,232,238
326,1001,173,232,238
327,1001,173,232,238
328,1002,170,232,238
329,1003,168,232,238
330,1004,164,232,238
331,1005,161,232,238
332,1006,158,232,238
333,1006,158,232,238
334,1006,157,232,238
335,1006,154,232,238
336,1007,152,232,238
337,1008,149,232,238
338,1009,147,232,238
339,1009,147,232,238
340,1010,144,232,238
341,1011,141,232,238
342,1012,138,232,238
343,1013,137,232,238
344,1013,135,232,238
345,1013,135,232,238
346,1014,132,232,238
347,1015,129,232,238
348,1016,125,232,238
349,1017,122,232,238
350,1017,120,232,238
351,1017,120,232,238
352,1017,118,232,238
353,1017,117,232,238
354,1018,115,232,238
355,1018,113,232,238
356,1018,111,232,238
357,1018,111,232,238
358,1018,109,232,238
359,1018,107,232,238
360,1018,105,232,238
361,1018,104,232,238
362,1018,102,232,238
363,1018,102,232,238
364,1018,100,232,238
365,1018,98,232,238
366,1018,96,232,238
367,1018,95,232,238
368,1018,94,232,238
369,1018,94,232,238
370,1018,93,232,238
371,1018,92,232,238
372,1018,91,232,238
373,1018,90,232,238
374,1018,89,232,238
375,1018,89,232,238
