04-Transparency 3
1,195,213,35,105
2,195,213,35,105
3,195,213,35,105
4,195,213,35,105
5,195,213,35,105
6,195,213,35,105
7,195,213,35,105
8,195,213,35,105
9,195,213,35,105
10,195,213,35,105
11,195,213,35,105
12,195,213,35,105
13,195,213,35,105
14,195,213,35,105
15,195,213,35,105
16,195,213,35,105
17,195,213,35,105
18,195,213,35,105
19,195,213,35,105
20,195,213,35,105
21,195,213,35,105
22,195,213,35,105
23,195,213,35,105
24,195,213,35,105
25,195,213,35,105
26,195,213,35,105
27,195,213,35,105
28,195,213,35,105
29,195,213,35,105
30,195,213,35,105
31,195,213,35,105
32,195,213,35,105
33,195,213,35,105
34,195,213,35,105
35,195,213,35,105
36,195,213,35,105
37,195,213,35,105
38,195,213,35,105
39,195,213,35,105
40,195,213,35,105
41,195,213,35,105
42,195,213,35,105
43,195,213,35,105
44,195,213,35,105
45,195,213,35,105
46,195,213,35,105
47,195,213,35,105
48,195,213,35,105
49,195,213,35,105
50,195,213,35,105
51,195,213,35,105
52,195,213,35,105
53,195,213,35,105
54,195,213,35,105
55,195,213,35,105
56,195,213,35,105
57,195,213,35,105
58,195,213,35,105
59,195,213,35,105
60,195,213,35,105
61,195,213,35,105
62,195,213,35,105
63,195,213,35,105
64,195,213,35,105
65,195,213,35,105
66,195,213,35,105
67,195,213,35,105
68,195,213,35,105
69,195,213,35,105
70,195,213,35,105
71,195,213,35,105
72,195,213,35,105
73,195,213,35,105
74,195,213,35,105
75,195,213,35,105
76,195,213,35,105
77,194,213,35,105
78,194,213,35,105
79,194,213,35,105
80,194,213,35,105
81,194,213,35,105
82,194,213,35,105
83,194,213,35,105
84,194,213,35,105
85,194,213,35,105
86,194,213,35,105
87,194,213,35,105
88,194,213,35,105
89,194,213,35,105
90,194,213,35,105
91,194,213,35,105
92,194,213,35,105
93,194,213,35,105
94,194,213,35,105
95,194,213,35,105
96,194,213,35,105
97,194,213,35,105
98,194,213,35,105
99,194,213,35,105
100,194,213,35,105
101,194,213,35,105
102,194,213,35,105
103,194,213,35,105
104,194,213,35,105
105,194,213,35,105
106,194,213,35,105
107,194,213,35,105
108,194,213,35,105
109,194,213,35,105
110,194,213,35,105
111,194,213,35,105
112,194,213,35,105
113,194,213,35,105
114,194,213,35,105
115,194,213,35,105
116,194,213,35,105
117,194,213,35,105
118,194,213,35,105
119,194,213,35,105
120,194,213,35,105
121,194,213,35,105
122,194,213,35,105
123,194,213,35,105
124,194,213,35,105
125,194,213,35,105
126,194,213,35,105
127,194,213,35,105
128,194,213,35,105
129,194,213,35,105
130,194,213,35,105
131,194,213,35,105
132,194,213,35,105
133,194,213,35,105
134,194,213,35,105
135,194,213,35,105
136,194,213,35,105
137,194,213,35,105
138,194,213,35,105
139,194,213,35,105
140,194,213,35,105
141,194,213,35,105
142,194,213,35,105
143,194,213,35,105
144,194,213,35,105
145,194,213,35,105
146,194,213,35,105
147,194,213,35,105
148,194,213,35,105
149,194,213,35,105
150,194,213,35,105
151,195,213,35,105
152,195,213,35,105
153,195,213,35,105
154,195,213,35,105
155,195,213,35,105
156,196,213,35,105
157,196,213,35,105
158,196,213,35,105
159,196,212,35,105
160,196,209,35,105
161,196,209,35,105
162,195,198,35,105
163,195,198,35,105
164,195,183,35,105
165,195,171,35,105
166,195,171,35,105
167,195,171,35,105
168,197,169,35,105
169,136,186,35,105
170,136,186,35,105
171,136,186,35,105
172,136,186,35,105
173,136,186,35,105
174,136,186,35,105
175,136,186,35,105
176,136,186,35,105
177,136,186,35,105
178,136,186,35,105
179,136,186,35,105
180,136,186,35,105
181,136,186,35,105
182,136,186,35,105
183,136,186,35,105
184,136,186,35,105
185,136,186,35,105
186,136,186,35,105
187,136,186,35,105
188,136,186,35,105
189,136,186,35,105
190,135,186,35,105
191,135,186,35,105
192,135,186,35,105
193,134,186,35,105
194,134,186,35,105
195,134,186,35,105
196,134,186,35,105
197,134,186,35,105
198,134,186,35,105
199,134,186,35,105
200,134,186,35,105
201,134,186,35,105
202,134,186,35,105
203,134,186,35,105
204,134,186,35,105
205,134,186,35,105
206,134,186,35,105
207,134,186,35,105
208,134,186,35,105
209,134,186,35,105
210,134,186,35,105
211,134,186,35,105
212,134,186,35,105
213,134,186,35,105
214,134,186,35,105
215,134,186,35,105
216,134,186,35,105
217,134,186,35,105
218,134,186,35,105
219,134,186,35,105
220,134,186,35,105
221,134,186,35,105
222,134,186,35,105
223,134,186,35,105
224,134,186,35,105
225,134,186,35,105
226,134,186,35,105
227,134,186,35,105
228,134,186,35,105
229,134,186,35,105
230,134,186,35,105
231,134,186,35,105
232,134,186,35,105
233,134,186,35,105
234,134,186,35,105
235,134,186,35,105
236,134,186,35,105
237,134,186,35,105
238,134,186,35,105
239,134,186,35,105
240,134,186,35,105
241,134,186,35,105
242,134,186,35,105
243,134,186,35,105
244,134,186,35,105
245,134,186,35,105
246,134,186,35,105
247,134,186,35,105
248,134,186,35,105
249,134,186,35,105
250,134,186,35,105
251,134,186,35,105
252,134,186,35,105
253,134,186,35,105
254,134,186,35,105
255,134,186,35,105
256,134,186,35,105
257,134,186,35,105
258,134,186,35,105
259,134,186,35,105
260,134,186,35,105
261,134,186,35,105
262,134,186,35,105
263,134,186,35,105
264,134,186,35,105
265,134,186,35,105
266,134,186,35,105
267,134,186,35,105
268,134,186,35,105
269,134,186,35,105
270,134,186,35,105
271,134,186,35,105
