04-Transparency 5
126,54,47,68,54
127,55,48,68,54
128,55,48,68,54
129,53,48,68,54
130,51,48,68,54
131,50,48,68,54
132,48,48,68,54
133,46,48,68,54
134,46,48,68,54
135,44,47,68,54
136,43,47,68,54
137,40,45,68,54
138,40,45,68,54
139,38,44,68,54
140,37,43,68,54
141,36,42,68,54
142,34,42,68,54
143,34,42,68,54
144,34,42,68,54
145,33,41,68,54
146,32,41,68,54
147,32,46,68,54
148,31,46,68,54
149,31,46,68,54
150,31,46,68,54
151,31,46,68,54
152,30,46,68,54
153,30,46,68,54
154,29,46,68,54
155,29,46,68,54
156,29,46,68,54
157,26,47,68,54
158,26,47,68,54
159,27,47,68,54
160,27,47,68,54
161,27,47,68,54
162,29,50,68,54
163,30,51,68,54
164,30,51,68,54
165,31,51,68,54
166,31,51,68,54
167,32,51,68,54
168,32,51,68,54
169,32,51,68,54
170,32,51,68,54
171,32,51,68,54
172,32,50,68,54
173,32,50,68,54
174,32,50,68,54
175,32,50,68,54
176,31,50,68,54
177,29,50,68,54
178,29,50,68,54
179,29,50,68,54
180,29,50,68,54
181,29,50,68,54
182,28,50,68,54
183,28,50,68,54
184,28,50,68,54
185,28,50,68,54
186,27,50,68,54
187,26,49,68,54
188,26,49,68,54
189,26,48,68,54
190,26,48,68,54
191,26,48,68,54
192,26,48,68,54
193,26,48,68,54
194,26,48,68,54
195,26,48,68,54
196,26,48,68,54
197,25,48,68,54
198,25,48,68,54
199,25,48,68,54
200,25,48,68,54
201,25,48,68,54
202,25,49,68,54
203,25,49,68,54
204,26,50,68,54
205,27,50,68,54
206,26,51,68,54
207,26,53,68,54
208,26,53,68,54
209,26,53,68,54
210,26,53,68,54
211,25,53,68,54
212,24,54,68,54
213,24,54,68,54
214,24,54,68,54
215,25,54,68,54
216,25,54,68,54
217,23,55,68,54
218,23,55,68,54
219,24,55,68,54
220,26,56,68,54
221,27,57,68,54
222,33,58,68,54
223,33,59,68,54
224,33,59,68,54
225,33,59,68,54
226,33,59,68,54
227,33,59,68,54
228,33,59,68,54
229,33,59,68,54
230,33,59,68,54
231,33,59,68,54
232,32,59,68,54
233,32,59,68,54
234,32,59,68,54
235,32,59,68,54
236,32,59,68,54
237,33,59,68,54
238,34,59,68,54
239,34,59,68,54
240,34,59,68,54
241,35,60,68,54
242,34,61,68,54
243,34,61,68,54
244,34,61,68,54
245,34,61,68,54
246,35,61,68,54
247,35,61,68,54
248,35,61,68,54
249,35,61,68,54
250,35,61,68,54
251,35,61,68,54
252,34,61,68,54
253,34,61,68,54
254,34,61,68,54
255,34,61,68,54
256,34,61,68,54
257,35,61,68,54
258,35,61,68,54
259,35,61,68,54
260,35,61,68,54
261,35,61,68,54
262,36,61,68,54
263,36,61,68,54
264,37,61,68,54
265,38,61,68,54
266,38,61,68,54
267,38,61,68,54
268,38,61,68,54
269,38,61,68,54
270,38,61,68,54
271,38,61,68,54
272,39,61,68,54
273,39,61,68,54
274,39,61,68,54
275,39,61,68,54
276,39,61,68,54
277,39,61,68,54
278,39,61,68,54
279,39,61,68,54
280,39,61,68,54
281,39,61,68,54
282,40,61,68,54
283,40,61,68,54
284,40,61,68,54
285,40,61,68,54
286,40,61,68,54
287,41,61,68,54
288,41,61,68,54
289,41,61,68,54
290,41,61,68,54
291,42,61,68,54
292,43,62,68,54
293,43,62,68,54
294,44,62,68,54
295,45,62,68,54
296,45,62,68,54
297,47,62,68,54
298,47,62,68,54
299,47,62,68,54
300,47,62,68,54
301,47,62,68,54
302,48,62,68,54
303,48,62,68,54
304,49,61,68,54
305,49,61,68,54
306,49,61,68,54
307,50,61,68,54
308,50,61,68,54
309,50,61,68,54
310,50,61,68,54
311,50,61,68,54
312,50,62,68,54
313,50,62,68,54
314,50,62,68,54
315,50,62,68,54
316,50,62,68,54
317,50,62,68,54
318,50,62,68,54
319,50,62,68,54
320,50,62,68,54
321,50,62,68,54
322,50,62,68,54
323,50,62,68,54
324,50,62,68,54
325,50,62,68,54
326,50,62,68,54
327,50,62,68,54
328,50,62,68,54
329,50,62,68,54
330,50,62,68,54
331,50,62,68,54
332,50,61,68,54
333,50,61,68,54
334,50,60,68,54
335,50,60,68,54
336,50,60,68,54
337,51,60,68,54
338,51,60,68,54
339,52,60,68,54
340,53,60,68,54
341,54,60,68,54
342,55,60,68,54
343,56,60,68,54
344,56,60,68,54
345,57,60,68,54
346,58,60,68,54
347,58,60,68,54
348,58,60,68,54
349,58,60,68,54
350,59,60,68,54
351,59,60,68,54
352,58,60,68,54
353,58,60,68,54
354,58,60,68,54
