05-Shape 2
95,597,235,95,286
96,598,238,95,286
97,598,240,95,286
98,599,242,95,286
99,600,244,95,286
100,602,244,95,286
101,603,244,95,286
102,604,243,95,286
103,604,241,95,286
104,603,238,95,286
105,602,236,95,286
106,601,234,95,286
107,601,234,95,286
108,600,233,95,286
109,600,231,95,286
110,600,230,95,286
111,600,229,95,286
112,600,229,95,286
113,600,229,95,286
114,600,229,95,286
115,601,229,95,286
116,601,229,95,286
117,601,230,95,286
118,601,231,95,286
119,601,232,95,286
120,601,233,95,286
121,601,234,95,286
122,601,235,95,286
123,601,236,95,286
124,601,236,95,286
125,602,236,95,286
126,603,237,95,286
127,603,239,95,286
128,603,239,95,286
129,603,244,95,286
130,603,247,95,286
131,604,250,95,286
132,604,252,95,286
133,605,253,95,286
134,607,254,95,286
135,609,253,95,286
136,611,252,95,286
137,613,252,95,286
138,615,251,95,286
139,617,251,95,286
140,620,251,95,286
141,622,250,95,286
142,626,251,95,286
143,630,251,95,286
144,635,251,95,286
145,641,251,95,286
146,647,250,95,286
147,655,250,95,286
148,661,249,95,286
149,666,249,95,286
150,672,249,95,286
151,678,249,95,286
152,683,249,95,286
153,689,248,95,286
154,695,247,95,286
155,701,247,95,286
156,706,245,95,286
157,711,244,95,286
158,718,243,95,286
159,723,241,95,286
160,729,240,95,286
161,735,239,95,286
162,742,237,95,286
163,749,235,95,286
164,756,234,95,286
165,761,233,95,286
166,769,233,95,286
167,777,234,95,286
168,786,235,95,286
169,797,237,95,286
170,808,237,95,286
171,819,237,95,286
172,829,237,95,286
173,838,236,95,286
174,846,235,95,286
175,855,233,95,286
176,863,231,95,286
177,872,229,95,286
178,884,227,95,286
179,891,226,95,286
180,903,229,95,286
181,916,233,95,286
182,928,236,95,286
183,939,239,95,286
184,951,244,95,286
185,961,246,95,286
186,972,247,95,286
187,982,248,95,286
188,992,248,95,286
189,1003,249,95,286
190,1013,250,95,286
191,1026,250,95,286
192,1040,250,95,286
193,1054,251,95,286
194,1068,253,95,286
195,1083,256,95,286
196,1098,260,95,286
197,1114,266,95,286
198,1131,274,95,286
199,1146,283,95,286
200,1161,290,95,286
201,1173,297,95,286
202,1181,302,95,286
203,1182,309,95,286
204,1181,318,95,286
205,1179,323,95,286
206,1182,329,95,286
207,1181,334,95,286
208,1179,341,95,286
209,1184,344,95,286
210,1184,349,95,286
211,1183,352,95,286
212,547,63,95,286
213,560,60,95,286
214,575,56,95,286
215,586,50,95,286
216,592,43,95,286
217,600,37,95,286
218,610,29,95,286
219,608,22,95,286
220,619,14,95,286
221,628,6,95,286
222,636,0,95,286
223,649,0,95,286
224,665,0,95,286
225,680,0,95,286
226,690,0,95,286
227,696,0,95,286
228,705,0,95,286
229,710,0,95,286
230,715,0,95,286
231,720,0,95,286
232,723,0,95,286
233,725,0,95,286
234,725,0,95,286
235,725,0,95,286
236,725,0,95,286
237,725,0,95,286
238,725,0,95,286
239,724,0,95,286
240,724,0,95,286
241,727,0,95,286
