05-Shape 22
20,110,88,137,107
21,110,88,137,107
22,110,88,137,107
23,110,88,137,107
24,110,88,137,107
25,110,88,137,107
26,110,88,137,107
27,109,88,137,107
28,109,88,137,107
29,109,88,137,107
30,109,88,137,107
31,109,88,137,107
32,108,88,137,107
33,106,88,137,107
34,103,88,137,107
35,101,88,137,107
36,100,88,137,107
37,100,88,137,107
38,100,88,137,107
39,100,88,137,107
40,99,89,137,107
41,98,89,137,107
42,98,89,137,107
43,98,89,137,107
44,98,90,137,107
45,98,90,137,107
46,98,90,137,107
47,98,90,137,107
48,98,90,137,107
49,98,90,137,107
50,98,91,137,107
51,98,91,137,107
52,98,91,137,107
53,98,91,137,107
54,98,91,137,107
55,98,91,137,107
56,98,92,137,107
57,98,93,137,107
58,97,94,137,107
59,96,95,137,107
60,94,95,137,107
61,92,95,137,107
62,90,96,137,107
63,90,96,137,107
64,90,96,137,107
65,88,96,137,107
66,84,96,137,107
67,80,97,137,107
68,75,97,137,107
69,71,97,137,107
70,69,97,137,107
71,67,97,137,107
72,65,97,137,107
73,63,97,137,107
74,61,97,137,107
75,59,97,137,107
76,57,97,137,107
77,55,97,137,107
78,53,97,137,107
79,52,97,137,107
80,51,97,137,107
81,51,97,137,107
82,53,97,137,107
83,56,97,137,107
84,59,97,137,107
85,62,97,137,107
86,65,97,137,107
87,69,97,137,107
88,72,97,137,107
89,75,97,137,107
90,78,97,137,107
91,81,97,137,107
92,84,97,137,107
93,87,97,137,107
94,91,97,137,107
95,96,98,137,107
96,100,98,137,107
97,105,99,137,107
98,109,99,137,107
99,111,99,137,107
100,113,99,137,107
101,115,99,137,107
102,116,99,137,107
103,117,99,137,107
104,117,99,137,107
105,118,100,137,107
106,117,100,137,107
107,114,100,137,107
108,112,101,137,107
109,111,101,137,107
110,110,101,137,107
111,109,101,137,107
112,108,101,137,107
113,107,101,137,107
114,107,101,137,107
115,107,101,137,107
116,107,102,137,107
117,107,102,137,107
118,107,102,137,107
119,107,102,137,107
120,106,102,137,107
121,105,102,137,107
122,103,102,137,107
123,100,102,137,107
124,95,102,137,107
125,89,102,137,107
126,83,102,137,107
127,78,102,137,107
128,72,102,137,107
129,67,102,137,107
130,62,102,137,107
131,56,102,137,107
132,50,102,137,107
133,45,102,137,107
134,40,102,137,107
135,37,101,137,107
136,34,101,137,107
137,32,101,137,107
138,31,101,137,107
139,31,101,137,107
140,31,100,137,107
141,31,100,137,107
142,32,99,137,107
143,33,98,137,107
144,34,98,137,107
145,34,97,137,107
146,34,97,137,107
147,34,97,137,107
148,34,97,137,107
149,34,97,137,107
150,34,97,137,107
151,34,97,137,107
152,34,97,137,107
153,34,96,137,107
154,34,96,137,107
155,35,96,137,107
156,36,96,137,107
157,39,96,137,107
158,44,96,137,107
159,53,96,137,107
160,65,95,137,107
161,77,95,137,107
162,87,95,137,107
163,95,95,137,107
164,102,95,137,107
165,108,95,137,107
166,110,95,137,107
167,108,95,137,107
168,105,95,137,107
169,101,95,137,107
170,98,95,137,107
171,97,95,137,107
172,96,95,137,107
173,94,95,137,107
174,93,95,137,107
175,92,95,137,107
176,92,95,137,107
177,92,95,137,107
178,91,95,137,107
179,90,95,137,107
180,89,95,137,107
181,88,95,137,107
182,87,95,137,107
183,85,94,137,107
184,84,94,137,107
185,83,94,137,107
186,83,94,137,107
187,82,94,137,107
188,81,94,137,107
189,81,94,137,107
190,81,94,137,107
191,81,94,137,107
192,81,94,137,107
193,81,94,137,107
194,81,94,137,107
195,81,94,137,107
196,81,94,137,107
197,81,94,137,107
198,81,94,137,107
199,81,94,137,107
200,81,94,137,107
201,81,94,137,107
202,82,94,137,107
203,84,94,137,107
204,86,94,137,107
205,88,94,137,107
206,90,94,137,107
207,92,94,137,107
208,94,94,137,107
209,96,94,137,107
210,98,94,137,107
211,100,94,137,107
212,102,94,137,107
213,104,94,137,107
214,106,94,137,107
215,108,94,137,107
216,109,94,137,107
217,110,94,137,107
218,111,94,137,107
219,113,94,137,107
220,114,94,137,107
221,115,94,137,107
222,117,94,137,107
223,117,94,137,107
224,118,94,137,107
225,118,94,137,107
226,118,94,137,107
227,117,94,137,107
228,116,94,137,107
229,115,94,137,107
230,114,94,137,107
231,112,94,137,107
232,111,94,137,107
233,110,94,137,107
234,109,94,137,107
235,108,94,137,107
236,107,94,137,107
237,107,94,137,107
238,107,94,137,107
239,107,94,137,107
240,107,94,137,107
241,107,94,137,107
242,107,94,137,107
243,107,94,137,107
244,107,94,137,107
245,106,94,137,107
246,106,94,137,107
247,106,94,137,107
248,105,94,137,107
249,104,94,137,107
250,103,94,137,107
251,102,94,137,107
252,101,94,137,107
253,100,94,137,107
254,99,94,137,107
255,97,94,137,107
256,96,94,137,107
257,94,94,137,107
258,92,94,137,107
259,90,94,137,107
260,88,94,137,107
261,86,94,137,107
262,85,94,137,107
263,83,94,137,107
264,81,94,137,107
265,79,94,137,107
266,77,94,137,107
267,75,94,137,107
268,73,94,137,107
269,72,94,137,107
270,71,94,137,107
271,70,94,137,107
272,69,94,137,107
273,68,94,137,107
274,67,94,137,107
275,66,94,137,107
276,65,94,137,107
277,65,94,137,107
278,65,94,137,107
279,65,94,137,107
280,65,94,137,107
281,65,94,137,107
282,65,94,137,107
283,65,94,137,107
284,65,94,137,107
285,65,94,137,107
286,65,94,137,107
287,65,94,137,107
288,65,94,137,107
289,65,94,137,107
290,65,94,137,107
291,65,94,137,107
292,65,94,137,107
293,65,94,137,107
294,65,94,137,107
295,66,94,137,107
296,66,94,137,107
297,66,94,137,107
298,66,94,137,107
299,66,94,137,107
300,66,94,137,107
301,66,94,137,107
302,66,94,137,107
303,64,94,137,107
304,62,94,137,107
305,61,94,137,107
306,61,94,137,107
307,62,94,137,107
308,62,94,137,107
309,63,94,137,107
310,63,94,137,107
311,63,94,137,107
312,63,94,137,107
313,63,94,137,107
314,63,94,137,107
315,63,94,137,107
316,63,94,137,107
317,62,94,137,107
318,61,94,137,107
319,59,94,137,107
320,57,94,137,107
321,53,94,137,107
322,48,94,137,107
323,45,94,137,107
324,43,94,137,107
325,42,94,137,107
326,41,94,137,107
327,40,94,137,107
328,39,94,137,107
329,38,94,137,107
330,38,94,137,107
331,38,94,137,107
332,38,94,137,107
333,38,94,137,107
334,38,94,137,107
335,38,94,137,107
336,39,94,137,107
337,39,94,137,107
338,39,94,137,107
339,40,94,137,107
340,41,94,137,107
341,43,94,137,107
342,46,94,137,107
343,49,94,137,107
344,53,94,137,107
345,57,94,137,107
346,60,94,137,107
347,63,94,137,107
348,66,94,137,107
349,69,94,137,107
350,72,94,137,107
351,75,94,137,107
352,77,94,137,107
353,79,94,137,107
354,81,94,137,107
355,83,94,137,107
356,85,94,137,107
357,87,94,137,107
358,89,94,137,107
359,90,94,137,107
360,91,94,137,107
361,91,94,137,107
362,90,94,137,107
363,90,94,137,107
364,90,94,137,107
365,90,94,137,107
366,89,94,137,107
367,88,94,137,107
368,87,94,137,107
369,86,94,137,107
370,85,94,137,107
371,84,94,137,107
372,83,94,137,107
373,83,94,137,107
374,83,94,137,107
375,83,93,137,107
376,83,93,137,107
377,83,92,137,107
378,83,92,137,107
379,83,92,137,107
380,83,92,137,107
381,83,92,137,107
382,83,92,137,107
383,83,92,137,107
384,83,92,137,107
385,83,92,137,107
386,84,92,137,107
387,84,92,137,107
388,84,92,137,107
389,84,92,137,107
390,84,92,137,107
391,84,92,137,107
392,84,92,137,107
393,85,92,137,107
394,85,92,137,107
395,85,92,137,107
396,85,92,137,107
397,85,92,137,107
398,85,92,137,107
399,85,92,137,107
400,85,92,137,107
401,86,92,137,107
402,87,92,137,107
403,87,92,137,107
404,87,92,137,107
405,87,92,137,107
406,87,92,137,107
407,87,92,137,107
408,87,92,137,107
409,87,92,137,107
410,87,92,137,107
411,87,92,137,107
412,87,92,137,107
413,87,92,137,107
414,87,92,137,107
415,87,92,137,107
416,87,92,137,107
417,87,92,137,107
418,87,92,137,107
419,87,92,137,107
420,87,92,137,107
421,87,92,137,107
422,87,92,137,107
423,87,92,137,107
424,87,92,137,107
425,87,92,137,107
426,87,92,137,107
427,87,92,137,107
428,87,92,137,107
429,87,92,137,107
430,87,92,137,107
431,87,92,137,107
432,87,92,137,107
433,87,92,137,107
434,87,92,137,107
435,87,92,137,107
436,87,92,137,107
437,87,92,137,107
438,87,92,137,107
439,87,92,137,107
440,87,92,137,107
441,87,92,137,107
442,87,92,137,107
443,87,92,137,107
444,87,92,137,107
445,87,92,137,107
446,87,92,137,107
447,87,92,137,107
448,87,92,137,107
449,87,92,137,107
450,87,92,137,107
451,87,91,137,107
452,87,90,137,107
453,87,89,137,107
454,87,88,137,107
455,87,86,137,107
456,87,85,137,107
457,87,83,137,107
458,87,82,137,107
459,87,81,137,107
460,87,80,137,107
461,87,79,137,107
462,87,78,137,107
463,87,77,137,107
464,87,76,137,107
465,88,75,137,107
466,88,74,137,107
467,88,73,137,107
468,88,73,137,107
469,88,73,137,107
470,88,73,137,107
471,88,73,137,107
472,88,73,137,107
473,88,73,137,107
474,88,73,137,107
475,88,73,137,107
476,88,73,137,107
477,88,73,137,107
478,88,73,137,107
479,88,73,137,107
480,88,73,137,107
481,88,73,137,107
482,88,73,137,107
483,89,73,137,107
484,89,73,137,107
485,90,73,137,107
486,90,73,137,107
487,90,73,137,107
488,90,73,137,107
489,91,73,137,107
490,91,73,137,107
491,91,73,137,107
492,91,73,137,107
493,91,73,137,107
494,91,73,137,107
495,91,73,137,107
496,91,73,137,107
497,91,73,137,107
498,91,73,137,107
499,91,73,137,107
500,91,73,137,107
501,91,73,137,107
502,91,73,137,107
503,91,73,137,107
504,91,73,137,107
505,91,73,137,107
506,91,73,137,107
507,91,73,137,107
508,91,73,137,107
509,91,73,137,107
510,91,73,137,107
511,91,73,137,107
512,91,73,137,107
513,91,73,137,107
514,91,73,137,107
515,91,73,137,107
516,91,73,137,107
517,91,73,137,107
518,92,73,137,107
519,92,73,137,107
520,92,73,137,107
521,92,73,137,107
522,92,73,137,107
523,92,73,137,107
524,92,73,137,107
525,92,73,137,107
526,92,73,137,107
527,92,73,137,107
528,92,73,137,107
529,92,73,137,107
530,92,73,137,107
531,92,73,137,107
532,92,73,137,107
533,92,73,137,107
534,92,73,137,107
535,92,73,137,107
536,92,73,137,107
537,92,73,137,107
538,92,73,137,107
539,92,73,137,107
540,92,73,137,107
541,92,73,137,107
