05-Shape 17
1,501,326,569,292
2,499,325,569,292
3,498,323,569,292
4,499,321,569,292
5,498,318,569,292
6,499,315,569,292
7,499,313,569,292
8,499,311,569,292
9,499,308,569,292
10,499,306,569,292
11,498,304,569,292
12,497,306,569,292
13,497,308,569,292
14,498,307,569,292
15,496,307,569,292
16,494,305,569,292
17,490,305,569,292
18,488,307,569,292
19,484,307,569,292
20,481,306,569,292
21,479,307,569,292
22,477,308,569,292
23,472,307,569,292
24,468,307,569,292
25,465,306,569,292
26,463,303,569,292
27,462,302,569,292
28,461,301,569,292
29,457,300,569,292
30,455,298,569,292
31,454,297,569,292
32,453,295,569,292
33,452,293,569,292
34,451,291,569,292
35,450,289,569,292
36,448,288,569,292
37,445,286,569,292
38,445,285,569,292
39,449,284,569,292
40,446,280,569,292
41,445,279,569,292
42,450,278,569,292
43,451,276,569,292
44,448,272,569,292
45,447,268,569,292
46,446,268,569,292
47,446,268,569,292
48,449,262,569,292
49,450,249,569,292
50,452,245,569,292
51,453,246,569,292
52,454,245,569,292
53,456,245,569,292
54,459,245,569,292
55,463,245,569,292
56,468,245,569,292
57,476,246,569,292
58,481,248,569,292
59,488,253,569,292
60,493,259,569,292
61,497,266,569,292
62,501,272,569,292
63,504,277,569,292
64,508,283,569,292
65,512,288,569,292
66,513,290,569,292
67,516,293,569,292
68,517,297,569,292
69,519,302,569,292
70,523,308,569,292
71,526,315,569,292
72,530,322,569,292
73,534,334,569,292
74,538,347,569,292
75,542,360,569,292
76,546,375,569,292
77,552,390,569,292
78,557,403,569,292
79,561,407,569,292
80,565,408,569,292
81,569,414,569,292
82,571,416,569,292
83,580,419,569,292
84,584,425,569,292
85,586,425,569,292
86,593,427,569,292
87,595,426,569,292
88,597,426,569,292
89,599,425,569,292
90,602,423,569,292
91,604,421,569,292
92,605,417,569,292
93,604,408,569,292
94,605,396,569,292
95,607,383,569,292
96,606,379,569,292
97,607,377,569,292
98,609,372,569,292
99,611,370,569,292
100,613,368,569,292
101,614,367,569,292
102,615,368,569,292
103,616,371,569,292
104,618,374,569,292
105,623,380,569,292
106,624,388,569,292
107,621,397,569,292
108,620,406,569,292
109,613,410,569,292
110,607,413,569,292
111,602,415,569,292
112,599,410,569,292
113,599,395,569,292
114,602,386,569,292
115,598,374,569,292
116,600,359,569,292
117,600,359,569,292
118,605,359,569,292
119,611,351,569,292
120,617,344,569,292
121,621,342,569,292
122,621,342,569,292
123,624,336,569,292
124,627,333,569,292
125,632,328,569,292
126,636,325,569,292
127,638,323,569,292
128,642,322,569,292
129,646,322,569,292
130,650,321,569,292
131,646,317,569,292
132,644,314,569,292
133,644,314,569,292
134,642,315,569,292
135,640,315,569,292
136,640,316,569,292
137,639,318,569,292
138,635,319,569,292
139,634,320,569,292
140,635,322,569,292
141,634,324,569,292
142,633,325,569,292
143,639,328,569,292
144,642,329,569,292
145,651,332,569,292
146,658,336,569,292
147,665,340,569,292
148,666,343,569,292
149,675,349,569,292
150,684,354,569,292
151,688,359,569,292
152,697,365,569,292
153,708,371,569,292
154,0,378,569,292
155,12,382,569,292
156,24,387,569,292
157,39,394,569,292
158,51,398,569,292
159,68,402,569,292
160,84,405,569,292
161,95,409,569,292
162,97,411,569,292
163,111,418,569,292
164,131,424,569,292
165,135,424,569,292
166,137,424,569,292
167,142,425,569,292
168,143,423,569,292
169,145,425,569,292
170,151,423,569,292
171,164,426,569,292
172,167,425,569,292
173,175,423,569,292
174,186,423,569,292
175,197,427,569,292
176,199,427,569,292
177,200,427,569,292
178,203,427,569,292
179,203,427,569,292
180,201,427,569,292
181,203,424,569,292
182,206,420,569,292
183,208,417,569,292
184,213,420,569,292
185,219,419,569,292
186,219,414,569,292
187,225,411,569,292
188,230,410,569,292
189,229,408,569,292
190,232,411,569,292
191,238,415,569,292
192,237,417,569,292
193,242,418,569,292
194,241,417,569,292
195,246,416,569,292
196,251,416,569,292
197,252,415,569,292
198,251,417,569,292
199,248,417,569,292
200,236,415,569,292
201,232,415,569,292
202,231,417,569,292
203,225,416,569,292
204,220,413,569,292
205,219,410,569,292
206,219,411,569,292
207,219,411,569,292
208,221,413,569,292
209,218,426,569,292
210,218,425,569,292
211,220,423,569,292
212,221,426,569,292
213,219,427,569,292
214,215,427,569,292
215,212,427,569,292
216,203,427,569,292
217,199,427,569,292
218,196,423,569,292
219,198,425,569,292
220,198,425,569,292
221,192,412,569,292
222,187,404,569,292
223,188,398,569,292
224,193,390,569,292
225,194,378,569,292
226,198,372,569,292
227,198,368,569,292
228,198,366,569,292
229,193,366,569,292
230,179,369,569,292
231,177,383,569,292
232,176,384,569,292
233,173,395,569,292
234,173,409,569,292
235,171,414,569,292
236,171,422,569,292
237,173,425,569,292
238,177,425,569,292
239,185,423,569,292
240,199,427,569,292
241,206,420,569,292
242,209,425,569,292
243,220,424,569,292
244,230,427,569,292
245,237,427,569,292
246,248,427,569,292
247,252,425,569,292
248,256,425,569,292
249,262,421,569,292
250,272,422,569,292
251,277,418,569,292
252,285,411,569,292
253,292,412,569,292
254,296,419,569,292
255,292,423,569,292
256,295,427,569,292
257,302,427,569,292
258,303,426,569,292
259,303,426,569,292
