06-MotionSmoothness 16
4,143,112,49,76
5,143,114,49,76
6,143,116,49,76
7,143,117,49,76
8,143,118,49,76
9,143,119,49,76
10,143,120,49,76
11,143,120,49,76
12,143,120,49,76
13,143,120,49,76
14,143,120,49,76
15,143,120,49,76
16,141,120,49,76
17,141,120,49,76
18,141,120,49,76
19,141,120,49,76
20,141,120,49,76
21,141,119,49,76
22,141,118,49,76
23,141,117,49,76
24,141,116,49,76
25,141,116,49,76
26,141,115,49,76
27,141,115,49,76
28,141,114,49,76
29,141,113,49,76
30,141,112,49,76
31,141,112,49,76
32,141,112,49,76
33,142,111,49,76
34,143,110,49,76
35,144,109,49,76
36,145,109,49,76
37,146,109,49,76
38,146,109,49,76
39,146,109,49,76
40,147,109,49,76
41,149,108,49,76
42,151,107,49,76
43,153,107,49,76
44,155,107,49,76
45,158,107,49,76
46,161,107,49,76
47,164,108,49,76
48,166,109,49,76
49,168,110,49,76
50,170,111,49,76
51,171,112,49,76
52,173,111,49,76
53,175,110,49,76
54,177,108,49,76
55,179,106,49,76
56,181,104,49,76
57,183,103,49,76
58,184,102,49,76
59,185,101,49,76
60,186,100,49,76
61,187,99,49,76
62,188,99,49,76
63,189,99,49,76
64,190,100,49,76
65,191,101,49,76
66,192,102,49,76
67,193,103,49,76
68,193,104,49,76
69,193,104,49,76
70,193,104,49,76
71,193,104,49,76
72,193,104,49,76
73,193,104,49,76
74,193,104,49,76
75,193,104,49,76
76,193,104,49,76
77,192,104,49,76
78,191,104,49,76
79,190,104,49,76
80,189,104,49,76
81,188,104,49,76
82,187,104,49,76
83,186,104,49,76
84,185,104,49,76
85,184,104,49,76
86,183,103,49,76
87,182,103,49,76
88,181,103,49,76
89,180,103,49,76
90,179,103,49,76
91,178,103,49,76
92,178,102,49,76
93,178,102,49,76
94,178,102,49,76
95,178,103,49,76
96,178,103,49,76
97,177,103,49,76
98,176,103,49,76
99,175,104,49,76
100,174,105,49,76
101,173,106,49,76
102,173,106,49,76
103,173,106,49,76
104,173,106,49,76
105,173,106,49,76
106,173,106,49,76
107,173,105,49,76
108,172,105,49,76
109,172,105,49,76
110,172,105,49,76
111,172,105,49,76
112,172,105,49,76
113,172,105,49,76
114,171,105,49,76
115,171,105,49,76
116,170,106,49,76
117,169,106,49,76
118,169,106,49,76
119,169,105,49,76
120,169,104,49,76
121,169,103,49,76
122,169,103,49,76
123,169,102,49,76
124,169,101,49,76
125,169,100,49,76
126,169,99,49,76
127,169,98,49,76
128,169,97,49,76
129,169,96,49,76
130,169,95,49,76
131,169,94,49,76
132,169,93,49,76
133,169,92,49,76
134,169,91,49,76
135,169,90,49,76
136,169,89,49,76
137,169,88,49,76
138,169,87,49,76
139,169,86,49,76
140,169,86,49,76
141,169,86,49,76
142,169,85,49,76
143,169,84,49,76
144,169,83,49,76
145,169,83,49,76
146,169,83,49,76
147,169,83,49,76
148,169,83,49,76
149,169,83,49,76
150,169,83,49,76
151,169,83,49,76
152,169,83,49,76
153,169,83,49,76
154,169,83,49,76
155,169,83,49,76
156,169,82,49,76
157,169,81,49,76
158,169,80,49,76
159,169,79,49,76
160,169,79,49,76
161,169,79,49,76
162,169,79,49,76
163,169,79,49,76
164,169,79,49,76
165,169,79,49,76
166,169,79,49,76
167,169,79,49,76
168,169,79,49,76
169,169,79,49,76
170,169,79,49,76
171,169,79,49,76
172,169,79,49,76
173,169,79,49,76
174,169,79,49,76
175,168,82,49,76
176,168,83,49,76
177,168,83,49,76
178,168,83,49,76
179,168,83,49,76
180,168,86,49,76
181,168,86,49,76
182,168,86,49,76
183,168,87,49,76
184,168,87,49,76
185,168,88,49,76
186,168,89,49,76
187,168,90,49,76
188,168,91,49,76
189,168,92,49,76
190,168,93,49,76
191,168,94,49,76
192,168,95,49,76
193,168,96,49,76
194,168,97,49,76
195,168,98,49,76
196,168,99,49,76
197,168,100,49,76
198,168,101,49,76
199,168,102,49,76
200,168,102,49,76
201,168,103,49,76
202,168,104,49,76
203,168,105,49,76
204,168,106,49,76
205,168,107,49,76
206,168,108,49,76
207,168,109,49,76
208,168,110,49,76
209,168,111,49,76
210,168,112,49,76
211,168,113,49,76
212,168,114,49,76
213,168,115,49,76
214,168,116,49,76
215,168,117,49,76
216,168,118,49,76
217,168,119,49,76
218,168,120,49,76
219,168,121,49,76
220,168,122,49,76
221,168,123,49,76
222,168,125,49,76
223,168,127,49,76
224,168,128,49,76
225,168,129,49,76
226,168,130,49,76
227,168,131,49,76
228,168,132,49,76
229,168,133,49,76
230,168,134,49,76
231,168,134,49,76
232,168,134,49,76
233,168,134,49,76
234,168,134,49,76
235,168,134,49,76
236,168,134,49,76
237,168,134,49,76
238,168,134,49,76
239,168,134,49,76
240,168,134,49,76
241,168,134,49,76
242,168,133,49,76
243,168,132,49,76
244,168,131,49,76
245,168,129,49,76
246,167,127,49,76
247,166,125,49,76
248,166,123,49,76
249,166,121,49,76
250,166,119,49,76
251,166,117,49,76
252,166,116,49,76
253,166,115,49,76
254,166,114,49,76
255,166,113,49,76
256,167,112,49,76
257,167,112,49,76
258,167,112,49,76
259,167,112,49,76
260,167,111,49,76
261,166,110,49,76
262,165,110,49,76
263,164,110,49,76
264,163,110,49,76
265,162,109,49,76
266,161,108,49,76
267,161,107,49,76
268,161,106,49,76
269,161,105,49,76
270,161,104,49,76
271,161,103,49,76
272,161,102,49,76
273,161,101,49,76
274,161,100,49,76
275,161,99,49,76
276,161,99,49,76
277,161,99,49,76
278,161,99,49,76
279,162,99,49,76
280,162,99,49,76
281,162,99,49,76
282,162,99,49,76
283,163,99,49,76
284,164,99,49,76
285,165,99,49,76
286,165,99,49,76
287,165,99,49,76
288,165,99,49,76
289,165,99,49,76
290,165,99,49,76
291,165,99,49,76
292,165,99,49,76
293,165,99,49,76
294,165,99,49,76
295,165,99,49,76
296,165,99,49,76
297,165,99,49,76
298,165,99,49,76
299,165,99,49,76
300,165,99,49,76
301,165,99,49,76
302,165,99,49,76
303,165,99,49,76
304,165,99,49,76
305,165,100,49,76
306,165,100,49,76
307,165,100,49,76
308,165,100,49,76
309,165,100,49,76
310,165,100,49,76
311,165,100,49,76
312,165,100,49,76
313,165,100,49,76
314,165,100,49,76
315,165,100,49,76
316,165,100,49,76
317,165,100,49,76
318,165,100,49,76
319,165,100,49,76
320,165,100,49,76
321,165,100,49,76
322,165,100,49,76
323,165,100,49,76
324,165,100,49,76
325,165,100,49,76
326,165,100,49,76
327,166,100,49,76
328,167,100,49,76
329,168,100,49,76
330,169,100,49,76
331,169,100,49,76
332,169,100,49,76
333,169,100,49,76
334,169,100,49,76
335,169,100,49,76
336,170,100,49,76
337,170,100,49,76
338,170,100,49,76
339,171,100,49,76
340,172,100,49,76
341,172,100,49,76
342,172,100,49,76
343,172,100,49,76
344,172,100,49,76
345,172,100,49,76
346,172,100,49,76
347,172,100,49,76
348,172,100,49,76
349,172,100,49,76
350,172,100,49,76
351,172,100,49,76
352,172,100,49,76
353,172,100,49,76
354,172,100,49,76
355,172,100,49,76
356,172,100,49,76
357,172,100,49,76
358,172,100,49,76
359,172,100,49,76
360,172,100,49,76
361,172,100,49,76
362,173,100,49,76
363,174,100,49,76
364,174,100,49,76
365,174,100,49,76
366,174,100,49,76
367,174,100,49,76
368,174,100,49,76
369,174,100,49,76
370,174,100,49,76
371,174,100,49,76
372,174,100,49,76
373,174,100,49,76
374,174,100,49,76
375,174,100,49,76
376,174,100,49,76
377,174,100,49,76
378,174,100,49,76
379,174,100,49,76
380,174,100,49,76
381,174,100,49,76
382,174,100,49,76
383,174,100,49,76
384,174,100,49,76
385,174,100,49,76
386,174,100,49,76
387,174,100,49,76
388,174,100,49,76
389,174,100,49,76
390,174,100,49,76
391,174,100,49,76
392,174,100,49,76
393,174,100,49,76
394,174,100,49,76
395,174,100,49,76
396,174,100,49,76
397,174,100,49,76
398,174,100,49,76
399,174,100,49,76
400,174,100,49,76
