06-MotionSmoothness 9
65,1672,461,242,166
66,1610,480,242,166
67,1550,505,242,166
68,1504,527,242,166
69,1477,538,242,166
70,1441,550,242,166
71,1391,565,242,166
72,1341,576,242,166
73,1296,583,242,166
74,1253,583,242,166
75,1207,584,242,166
76,1163,588,242,166
77,1121,592,242,166
78,1074,594,242,166
79,1031,593,242,166
80,990,589,242,166
81,949,585,242,166
82,911,582,242,166
83,870,575,242,166
84,821,567,242,166
85,752,562,242,166
86,679,559,242,166
87,614,557,242,166
88,547,558,242,166
89,468,560,242,166
90,404,557,242,166
91,326,556,242,166
92,252,551,242,166
93,170,536,242,166
94,1305,371,242,166
95,1282,362,242,166
