06-MotionSmoothness 17
4,154,44,66,97
5,154,44,66,97
6,154,44,66,97
7,154,44,66,97
8,154,44,66,97
9,154,44,66,97
10,154,44,66,97
11,154,44,66,97
12,154,44,66,97
13,154,44,66,97
14,154,44,66,97
15,154,44,66,97
16,154,44,66,97
17,154,44,66,97
18,154,44,66,97
19,154,44,66,97
20,154,44,66,97
21,154,44,66,97
22,154,43,66,97
23,154,43,66,97
24,154,43,66,97
25,154,43,66,97
26,154,43,66,97
27,154,43,66,97
28,154,43,66,97
29,154,43,66,97
30,155,43,66,97
31,155,43,66,97
32,155,43,66,97
33,155,43,66,97
34,155,43,66,97
35,155,43,66,97
36,155,43,66,97
37,155,42,66,97
38,155,42,66,97
39,156,42,66,97
40,156,42,66,97
41,156,42,66,97
42,156,42,66,97
43,156,42,66,97
44,156,42,66,97
45,155,42,66,97
46,154,42,66,97
47,153,42,66,97
48,151,42,66,97
49,149,42,66,97
50,149,42,66,97
51,147,42,66,97
52,145,42,66,97
53,143,42,66,97
54,141,42,66,97
55,139,42,66,97
56,139,42,66,97
57,138,42,66,97
58,137,42,66,97
59,136,42,66,97
60,135,42,66,97
61,135,42,66,97
62,135,42,66,97
63,135,42,66,97
64,135,42,66,97
65,135,42,66,97
66,136,42,66,97
67,136,42,66,97
68,136,42,66,97
69,136,42,66,97
70,137,42,66,97
71,139,42,66,97
72,140,42,66,97
73,141,42,66,97
74,141,42,66,97
75,142,42,66,97
76,143,42,66,97
77,143,42,66,97
78,143,42,66,97
79,144,42,66,97
80,144,42,66,97
81,145,42,66,97
82,146,42,66,97
83,147,42,66,97
84,147,42,66,97
85,147,42,66,97
86,147,42,66,97
87,147,42,66,97
88,147,42,66,97
89,147,41,66,97
90,147,40,66,97
91,148,39,66,97
92,148,39,66,97
93,148,38,66,97
94,148,38,66,97
95,148,38,66,97
96,148,38,66,97
97,147,38,66,97
98,147,38,66,97
99,146,38,66,97
100,145,38,66,97
101,144,38,66,97
102,143,38,66,97
103,142,38,66,97
104,142,38,66,97
105,141,38,66,97
106,140,38,66,97
107,139,38,66,97
108,138,38,66,97
109,137,38,66,97
110,137,38,66,97
111,136,38,66,97
112,135,38,66,97
113,134,38,66,97
114,133,38,66,97
115,133,38,66,97
116,133,38,66,97
117,133,38,66,97
118,132,38,66,97
119,131,38,66,97
120,131,38,66,97
121,131,38,66,97
122,131,38,66,97
123,131,38,66,97
124,131,38,66,97
125,131,38,66,97
126,131,38,66,97
127,131,38,66,97
128,131,38,66,97
129,131,38,66,97
130,131,38,66,97
131,131,38,66,97
132,131,38,66,97
133,131,38,66,97
134,131,38,66,97
135,131,38,66,97
136,132,38,66,97
137,133,38,66,97
138,134,38,66,97
139,135,38,66,97
140,135,38,66,97
141,137,38,66,97
142,139,38,66,97
143,141,38,66,97
144,143,38,66,97
145,145,38,66,97
146,145,38,66,97
147,147,38,66,97
148,149,38,66,97
149,151,38,66,97
150,152,38,66,97
151,153,38,66,97
152,153,38,66,97
153,154,38,66,97
154,155,38,66,97
155,156,38,66,97
156,156,38,66,97
157,157,38,66,97
158,157,38,66,97
159,157,38,66,97
160,157,38,66,97
161,157,38,66,97
162,157,38,66,97
163,157,38,66,97
164,157,38,66,97
165,157,38,66,97
166,157,38,66,97
167,157,38,66,97
168,157,38,66,97
169,157,38,66,97
170,157,38,66,97
171,158,39,66,97
172,159,39,66,97
173,160,40,66,97
174,161,41,66,97
175,162,42,66,97
176,162,42,66,97
177,163,43,66,97
178,164,43,66,97
179,165,43,66,97
180,166,43,66,97
181,167,43,66,97
182,167,43,66,97
183,168,43,66,97
184,169,43,66,97
185,170,43,66,97
186,172,43,66,97
187,173,43,66,97
188,173,43,66,97
189,174,43,66,97
190,175,43,66,97
191,176,43,66,97
192,177,43,66,97
193,177,43,66,97
194,177,43,66,97
195,177,43,66,97
196,177,43,66,97
197,177,43,66,97
198,176,43,66,97
199,176,43,66,97
200,176,43,66,97
201,175,43,66,97
202,174,43,66,97
203,173,43,66,97
204,172,43,66,97
205,171,43,66,97
206,171,43,66,97
207,170,43,66,97
208,169,43,66,97
209,168,43,66,97
210,167,42,66,97
211,166,42,66,97
212,165,42,66,97
213,165,42,66,97
214,164,42,66,97
215,163,42,66,97
216,162,42,66,97
217,161,42,66,97
218,160,42,66,97
219,160,42,66,97
220,159,42,66,97
221,157,42,66,97
222,155,42,66,97
223,154,42,66,97
224,153,42,66,97
225,153,42,66,97
226,152,42,66,97
227,151,42,66,97
228,150,42,66,97
229,149,42,66,97
230,148,42,66,97
231,148,42,66,97
232,147,42,66,97
233,146,42,66,97
234,144,42,66,97
235,142,42,66,97
236,141,42,66,97
237,141,42,66,97
238,140,42,66,97
239,139,42,66,97
240,138,42,66,97
241,137,42,66,97
242,136,42,66,97
243,136,42,66,97
244,135,42,66,97
245,134,42,66,97
246,133,42,66,97
247,132,42,66,97
248,131,42,66,97
249,131,42,66,97
250,130,42,66,97
251,130,42,66,97
252,129,42,66,97
253,128,42,66,97
254,128,42,66,97
255,128,42,66,97
256,128,42,66,97
257,128,42,66,97
258,127,42,66,97
259,126,42,66,97
260,126,42,66,97
261,126,42,66,97
262,125,42,66,97
263,124,43,66,97
264,124,43,66,97
265,124,43,66,97
266,123,43,66,97
267,123,43,66,97
268,123,43,66,97
269,123,43,66,97
270,123,43,66,97
271,124,43,66,97
272,124,43,66,97
273,124,43,66,97
274,125,43,66,97
275,126,43,66,97
276,128,44,66,97
277,130,45,66,97
278,131,46,66,97
279,131,46,66,97
280,132,46,66,97
281,133,46,66,97
282,134,46,66,97
283,135,46,66,97
284,137,46,66,97
285,137,46,66,97
286,139,46,66,97
287,140,46,66,97
288,142,46,66,97
289,143,46,66,97
290,143,46,66,97
291,143,46,66,97
292,144,46,66,97
293,147,46,66,97
294,148,46,66,97
295,149,46,66,97
296,150,46,66,97
297,150,46,66,97
298,151,46,66,97
299,152,46,66,97
300,152,46,66,97
301,152,46,66,97
302,152,46,66,97
303,152,46,66,97
