07-MotionCoherence 6
10,902,592,60,65
11,905,591,60,65
12,908,590,60,65
13,911,588,60,65
14,914,588,60,65
15,917,587,60,65
16,919,586,60,65
17,922,585,60,65
18,924,583,60,65
19,927,582,60,65
20,930,580,60,65
21,933,581,60,65
22,935,580,60,65
23,939,578,60,65
24,943,577,60,65
25,946,576,60,65
26,949,575,60,65
27,952,574,60,65
28,956,573,60,65
29,959,572,60,65
30,962,571,60,65
31,965,573,60,65
32,968,582,60,65
33,971,592,60,65
34,973,596,60,65
35,976,597,60,65
36,980,598,60,65
37,983,599,60,65
38,987,600,60,65
39,989,600,60,65
40,992,601,60,65
41,995,600,60,65
42,998,600,60,65
43,1001,601,60,65
44,1004,600,60,65
45,1007,600,60,65
46,1009,600,60,65
47,1013,600,60,65
48,1015,601,60,65
49,1018,601,60,65
50,1020,601,60,65
51,1022,600,60,65
52,1024,600,60,65
53,1026,601,60,65
54,1028,601,60,65
55,1030,601,60,65
56,1031,601,60,65
57,1032,601,60,65
58,1033,599,60,65
59,1034,599,60,65
60,1035,599,60,65
61,1035,597,60,65
62,1027,596,60,65
63,1020,594,60,65
64,1018,593,60,65
65,1015,593,60,65
66,1013,592,60,65
67,1012,592,60,65
68,1011,589,60,65
69,1008,587,60,65
70,1003,586,60,65
71,996,585,60,65
72,993,585,60,65
73,993,584,60,65
74,993,583,60,65
75,993,581,60,65
76,994,579,60,65
77,994,577,60,65
78,995,576,60,65
79,996,575,60,65
80,997,574,60,65
81,997,571,60,65
82,997,569,60,65
83,998,566,60,65
84,999,566,60,65
85,997,564,60,65
86,997,563,60,65
87,997,559,60,65
88,999,558,60,65
89,1000,557,60,65
90,1001,554,60,65
91,1002,551,60,65
92,1004,549,60,65
93,1004,546,60,65
94,1004,544,60,65
95,997,540,60,65
96,990,537,60,65
97,984,534,60,65
98,976,532,60,65
99,969,531,60,65
100,962,528,60,65
101,961,526,60,65
102,962,525,60,65
103,963,523,60,65
104,964,521,60,65
105,965,519,60,65
106,967,517,60,65
107,968,515,60,65
108,970,513,60,65
109,971,510,60,65
110,972,508,60,65
111,974,505,60,65
112,976,502,60,65
113,977,499,60,65
114,980,497,60,65
115,981,496,60,65
116,983,494,60,65
117,984,491,60,65
118,984,489,60,65
119,977,486,60,65
120,967,482,60,65
121,961,480,60,65
122,961,477,60,65
123,960,475,60,65
124,960,473,60,65
125,957,471,60,65
126,950,467,60,65
127,947,465,60,65
128,946,463,60,65
129,942,461,60,65
130,941,458,60,65
131,940,455,60,65
132,939,451,60,65
133,939,447,60,65
134,939,445,60,65
135,939,443,60,65
136,938,440,60,65
137,937,437,60,65
138,936,433,60,65
139,935,430,60,65
140,933,427,60,65
141,933,424,60,65
142,932,422,60,65
143,931,418,60,65
144,931,416,60,65
145,931,413,60,65
146,931,411,60,65
147,930,409,60,65
148,929,407,60,65
