07-MotionCoherence 12
1,348,352,45,59
2,348,351,45,59
3,348,350,45,59
4,348,350,45,59
5,348,348,45,59
6,348,347,45,59
7,348,346,45,59
8,348,345,45,59
9,348,344,45,59
10,349,343,45,59
11,349,342,45,59
12,349,342,45,59
13,349,341,45,59
14,349,340,45,59
15,349,339,45,59
16,349,338,45,59
17,350,338,45,59
18,351,338,45,59
19,352,338,45,59
20,354,337,45,59
21,355,337,45,59
22,356,337,45,59
23,357,337,45,59
24,357,337,45,59
25,358,336,45,59
26,358,336,45,59
27,358,336,45,59
28,359,336,45,59
29,360,336,45,59
30,361,335,45,59
31,361,335,45,59
32,362,335,45,59
33,363,335,45,59
34,363,335,45,59
35,364,336,45,59
36,364,336,45,59
37,364,336,45,59
38,364,336,45,59
39,365,336,45,59
40,366,335,45,59
41,366,334,45,59
42,366,333,45,59
43,366,332,45,59
44,367,332,45,59
45,368,331,45,59
46,368,331,45,59
47,369,331,45,59
48,369,330,45,59
49,369,330,45,59
50,370,329,45,59
51,371,329,45,59
52,372,329,45,59
53,372,329,45,59
54,373,329,45,59
55,374,328,45,59
56,375,328,45,59
57,376,328,45,59
58,377,328,45,59
59,377,328,45,59
60,378,327,45,59
61,379,327,45,59
62,379,327,45,59
63,379,326,45,59
64,380,326,45,59
65,381,325,45,59
66,381,324,45,59
67,381,324,45,59
68,382,324,45,59
69,382,324,45,59
70,383,323,45,59
71,383,323,45,59
72,383,323,45,59
73,383,322,45,59
74,383,322,45,59
75,384,321,45,59
76,384,321,45,59
77,384,321,45,59
78,384,321,45,59
79,384,320,45,59
80,385,319,45,59
81,385,318,45,59
82,385,317,45,59
83,385,316,45,59
84,385,315,45,59
85,386,314,45,59
86,386,313,45,59
87,387,313,45,59
88,388,313,45,59
89,388,312,45,59
90,389,311,45,59
91,389,311,45,59
92,389,311,45,59
93,389,311,45,59
94,389,310,45,59
95,389,309,45,59
96,389,308,45,59
97,389,308,45,59
98,389,308,45,59
99,389,307,45,59
100,390,306,45,59
101,390,305,45,59
102,390,305,45,59
103,390,304,45,59
104,390,303,45,59
105,390,302,45,59
106,390,301,45,59
107,390,300,45,59
108,390,299,45,59
109,390,298,45,59
110,391,297,45,59
111,391,297,45,59
112,391,296,45,59
113,391,295,45,59
114,391,295,45,59
115,392,294,45,59
116,393,293,45,59
117,393,292,45,59
118,393,291,45,59
119,393,290,45,59
120,394,289,45,59
121,394,288,45,59
122,394,287,45,59
123,395,287,45,59
124,395,286,45,59
125,396,285,45,59
126,397,285,45,59
127,397,285,45,59
128,397,285,45,59
129,397,285,45,59
130,398,284,45,59
131,398,284,45,59
132,399,284,45,59
133,400,284,45,59
134,400,283,45,59
135,401,281,45,59
136,401,280,45,59
137,401,279,45,59
138,401,279,45,59
139,401,279,45,59
140,401,278,45,59
141,401,278,45,59
142,401,278,45,59
143,401,278,45,59
144,401,278,45,59
145,401,277,45,59
146,401,276,45,59
147,401,276,45,59
148,401,275,45,59
149,401,275,45,59
150,401,274,45,59
151,401,274,45,59
152,401,274,45,59
153,401,273,45,59
154,401,273,45,59
155,401,272,45,59
156,401,272,45,59
157,401,272,45,59
158,401,272,45,59
159,402,272,45,59
160,402,271,45,59
161,402,271,45,59
162,402,271,45,59
163,402,271,45,59
164,402,270,45,59
165,402,269,45,59
166,402,269,45,59
167,402,269,45,59
168,402,269,45,59
169,402,269,45,59
170,402,269,45,59
171,402,269,45,59
172,402,268,45,59
173,402,268,45,59
174,402,267,45,59
175,403,266,45,59
176,403,266,45,59
177,403,265,45,59
178,404,265,45,59
179,404,265,45,59
180,405,264,45,59
181,406,264,45,59
182,406,264,45,59
183,407,264,45,59
184,407,264,45,59
185,408,263,45,59
186,408,263,45,59
187,408,263,45,59
188,408,263,45,59
189,408,263,45,59
190,409,263,45,59
191,409,263,45,59
192,409,263,45,59
193,409,263,45,59
194,409,263,45,59
195,409,263,45,59
196,409,263,45,59
197,409,262,45,59
198,409,261,45,59
199,409,260,45,59
200,410,259,45,59
201,410,259,45,59
202,410,258,45,59
203,410,257,45,59
204,410,256,45,59
205,411,255,45,59
206,411,255,45,59
207,411,254,45,59
208,411,253,45,59
209,411,252,45,59
210,411,251,45,59
211,411,251,45,59
212,411,250,45,59
213,411,250,45,59
214,411,249,45,59
215,411,248,45,59
216,411,247,45,59
217,411,246,45,59
218,411,245,45,59
219,411,244,45,59
220,411,243,45,59
221,411,243,45,59
222,411,243,45,59
223,411,243,45,59
224,411,243,45,59
225,411,242,45,59
226,411,242,45,59
227,411,242,45,59
228,411,242,45,59
229,411,242,45,59
230,411,241,45,59
231,411,240,45,59
232,411,240,45,59
233,411,240,45,59
234,411,240,45,59
235,411,239,45,59
236,411,239,45,59
237,411,239,45,59
238,411,239,45,59
239,411,239,45,59
240,411,238,45,59
241,411,238,45,59
242,411,238,45,59
243,411,238,45,59
244,411,238,45,59
245,411,238,45,59
246,411,238,45,59
247,411,238,45,59
248,411,238,45,59
249,411,238,45,59
250,411,237,45,59
251,411,237,45,59
252,411,237,45,59
253,411,236,45,59
254,411,235,45,59
255,411,234,45,59
256,411,233,45,59
257,411,233,45,59
258,411,233,45,59
259,411,233,45,59
260,411,232,45,59
261,411,232,45,59
262,411,231,45,59
263,411,230,45,59
264,411,229,45,59
265,411,228,45,59
266,411,227,45,59
267,411,226,45,59
268,411,225,45,59
269,411,224,45,59
270,411,223,45,59
271,411,223,45,59
272,411,223,45,59
273,411,223,45,59
274,411,223,45,59
275,410,222,45,59
276,410,222,45,59
277,410,222,45,59
278,410,222,45,59
279,410,222,45,59
280,410,222,45,59
281,410,222,45,59
282,410,222,45,59
283,410,222,45,59
284,410,221,45,59
285,411,220,45,59
286,411,220,45,59
287,411,220,45,59
288,411,220,45,59
289,411,220,45,59
290,412,220,45,59
291,412,220,45,59
292,412,220,45,59
293,412,221,45,59
294,412,221,45,59
295,413,221,45,59
296,413,221,45,59
297,413,221,45,59
298,413,221,45,59
