07-MotionCoherence 8
4,335,339,102,50
5,336,339,102,50
6,336,340,102,50
7,337,340,102,50
8,338,341,102,50
9,338,341,102,50
10,339,341,102,50
11,339,341,102,50
12,340,341,102,50
13,341,341,102,50
14,341,341,102,50
15,342,341,102,50
16,342,341,102,50
17,342,341,102,50
18,343,341,102,50
19,343,342,102,50
20,344,342,102,50
21,345,342,102,50
22,345,342,102,50
23,346,342,102,50
24,347,342,102,50
25,348,342,102,50
26,349,342,102,50
27,349,342,102,50
28,350,342,102,50
29,351,342,102,50
30,352,342,102,50
31,353,342,102,50
32,353,342,102,50
33,353,343,102,50
34,353,343,102,50
35,354,343,102,50
36,354,343,102,50
37,354,343,102,50
38,355,343,102,50
39,355,343,102,50
40,356,342,102,50
41,356,343,102,50
42,356,343,102,50
43,356,343,102,50
44,355,343,102,50
45,356,343,102,50
46,355,344,102,50
47,355,344,102,50
48,355,344,102,50
49,355,344,102,50
50,355,343,102,50
51,355,343,102,50
52,355,342,102,50
53,355,342,102,50
54,355,343,102,50
55,355,344,102,50
56,355,345,102,50
57,355,346,102,50
58,355,346,102,50
59,355,346,102,50
60,355,346,102,50
61,355,345,102,50
62,355,344,102,50
63,355,343,102,50
64,355,343,102,50
65,354,344,102,50
66,354,345,102,50
67,354,346,102,50
68,353,347,102,50
69,353,348,102,50
70,352,349,102,50
71,353,348,102,50
72,353,348,102,50
73,353,347,102,50
74,354,346,102,50
75,354,346,102,50
76,355,345,102,50
77,355,345,102,50
78,355,345,102,50
79,355,345,102,50
80,355,345,102,50
81,355,345,102,50
82,355,345,102,50
83,355,345,102,50
84,355,346,102,50
85,355,347,102,50
86,356,347,102,50
87,356,347,102,50
88,356,346,102,50
89,356,346,102,50
90,356,346,102,50
91,357,345,102,50
92,356,345,102,50
93,356,344,102,50
94,356,345,102,50
95,356,345,102,50
96,357,345,102,50
97,356,346,102,50
98,356,346,102,50
99,356,346,102,50
100,357,346,102,50
101,357,346,102,50
102,357,346,102,50
103,358,346,102,50
104,358,346,102,50
105,359,345,102,50
106,359,345,102,50
107,359,344,102,50
108,359,343,102,50
109,359,342,102,50
110,359,341,102,50
111,359,341,102,50
112,359,341,102,50
113,359,341,102,50
114,359,342,102,50
115,359,343,102,50
116,359,344,102,50
117,359,344,102,50
118,359,344,102,50
119,359,344,102,50
120,359,344,102,50
121,359,344,102,50
122,359,343,102,50
123,359,342,102,50
124,359,341,102,50
125,359,340,102,50
126,359,340,102,50
127,359,340,102,50
128,359,341,102,50
129,359,342,102,50
130,359,343,102,50
131,359,344,102,50
132,359,345,102,50
133,359,345,102,50
134,359,345,102,50
135,359,345,102,50
136,359,345,102,50
137,358,345,102,50
138,358,345,102,50
139,357,346,102,50
140,357,345,102,50
141,357,345,102,50
142,357,345,102,50
143,357,344,102,50
144,357,344,102,50
145,356,344,102,50
146,356,344,102,50
147,355,345,102,50
148,355,345,102,50
149,355,345,102,50
150,355,345,102,50
151,355,345,102,50
152,355,344,102,50
153,355,344,102,50
154,355,343,102,50
155,355,343,102,50
156,355,343,102,50
157,355,343,102,50
158,355,344,102,50
159,354,344,102,50
160,354,344,102,50
161,353,345,102,50
162,353,345,102,50
163,353,346,102,50
164,352,346,102,50
165,352,346,102,50
166,351,346,102,50
167,351,345,102,50
168,351,344,102,50
169,350,344,102,50
170,349,344,102,50
171,348,344,102,50
172,348,344,102,50
173,348,344,102,50
174,348,344,102,50
175,347,344,102,50
176,347,344,102,50
177,346,344,102,50
178,345,343,102,50
179,345,342,102,50
180,344,342,102,50
181,344,342,102,50
182,343,342,102,50
183,342,342,102,50
184,342,343,102,50
185,342,344,102,50
186,342,345,102,50
187,341,346,102,50
188,341,346,102,50
189,341,346,102,50
190,341,345,102,50
191,341,344,102,50
192,341,343,102,50
193,341,342,102,50
194,340,342,102,50
195,340,342,102,50
196,340,342,102,50
197,340,342,102,50
198,340,342,102,50
199,340,343,102,50
200,340,344,102,50
201,340,345,102,50
202,340,346,102,50
203,340,346,102,50
204,339,346,102,50
205,340,345,102,50
206,340,344,102,50
207,340,343,102,50
208,341,342,102,50
209,341,342,102,50
210,341,342,102,50
211,341,343,102,50
212,341,344,102,50
213,341,345,102,50
214,341,345,102,50
215,341,346,102,50
216,341,346,102,50
217,341,345,102,50
218,341,344,102,50
219,341,343,102,50
220,341,342,102,50
221,341,342,102,50
222,341,342,102,50
223,341,342,102,50
224,341,342,102,50
225,341,342,102,50
226,341,343,102,50
227,340,344,102,50
228,340,345,102,50
229,340,346,102,50
230,340,346,102,50
231,340,346,102,50
232,340,346,102,50
233,340,345,102,50
234,340,343,102,50
235,340,342,102,50
236,340,341,102,50
237,340,341,102,50
238,340,341,102,50
239,340,341,102,50
240,340,342,102,50
241,340,343,102,50
242,339,344,102,50
243,339,345,102,50
244,339,345,102,50
245,338,345,102,50
246,337,344,102,50
247,337,343,102,50
248,336,343,102,50
249,336,342,102,50
250,335,342,102,50
251,335,342,102,50
252,335,342,102,50
253,334,342,102,50
254,334,342,102,50
255,334,342,102,50
256,333,343,102,50
257,333,344,102,50
258,332,344,102,50
259,332,344,102,50
260,332,343,102,50
261,332,342,102,50
262,332,342,102,50
263,331,343,102,50
264,330,344,102,50
265,330,344,102,50
266,329,344,102,50
267,328,344,102,50
268,328,344,102,50
269,328,344,102,50
270,327,344,102,50
271,327,344,102,50
272,326,344,102,50
273,326,344,102,50
274,325,344,102,50
275,324,344,102,50
276,323,343,102,50
277,322,342,102,50
278,322,341,102,50
279,321,340,102,50
280,320,340,102,50
281,319,340,102,50
282,318,340,102,50
283,317,340,102,50
284,316,341,102,50
285,315,342,102,50
286,314,343,102,50
287,313,344,102,50
288,312,344,102,50
289,311,344,102,50
290,310,344,102,50
291,309,344,102,50
292,307,344,102,50
293,306,343,102,50
294,305,343,102,50
295,303,343,102,50
296,302,343,102,50
297,301,343,102,50
298,299,344,102,50
299,298,344,102,50
300,296,345,102,50
301,294,345,102,50
302,293,345,102,50
303,291,345,102,50
304,290,345,102,50
305,288,345,102,50
306,286,345,102,50
307,284,345,102,50
308,282,345,102,50
309,281,345,102,50
310,279,345,102,50
311,277,345,102,50
312,275,345,102,50
313,274,345,102,50
314,272,345,102,50
315,271,345,102,50
316,270,345,102,50
317,268,345,102,50
318,266,345,102,50
319,264,345,102,50
320,262,345,102,50
321,261,345,102,50
322,259,345,102,50
323,258,345,102,50
324,257,345,102,50
325,255,346,102,50
326,253,346,102,50
327,251,346,102,50
328,249,347,102,50
329,248,347,102,50
330,246,347,102,50
331,245,346,102,50
332,243,346,102,50
333,241,346,102,50
334,240,345,102,50
335,238,345,102,50
336,237,345,102,50
337,236,346,102,50
338,234,347,102,50
339,233,347,102,50
340,232,348,102,50
341,231,348,102,50
342,230,347,102,50
343,229,347,102,50
344,228,346,102,50
345,227,346,102,50
346,226,346,102,50
347,225,346,102,50
348,226,346,102,50
349,224,346,102,50
