08-Clutter 13
1,608,266,77,69
2,608,266,77,69
3,608,267,77,69
4,607,268,77,69
5,609,269,77,69
6,612,270,77,69
7,612,270,77,69
8,613,271,77,69
9,616,271,77,69
10,621,273,77,69
11,624,273,77,69
12,624,273,77,69
13,625,274,77,69
14,628,275,77,69
15,633,275,77,69
16,638,277,77,69
17,638,277,77,69
18,640,278,77,69
19,642,278,77,69
20,644,279,77,69
21,647,281,77,69
22,647,281,77,69
23,649,282,77,69
24,655,283,77,69
25,660,283,77,69
26,665,284,77,69
27,665,284,77,69
28,668,284,77,69
29,671,283,77,69
30,675,282,77,69
31,675,282,77,69
32,677,282,77,69
33,678,281,77,69
34,680,280,77,69
35,684,280,77,69
36,684,280,77,69
37,689,280,77,69
38,692,279,77,69
39,693,278,77,69
40,697,278,77,69
41,697,278,77,69
42,701,278,77,69
43,708,279,77,69
44,714,278,77,69
45,716,279,77,69
46,716,279,77,69
47,717,279,77,69
48,721,276,77,69
49,726,275,77,69
50,732,276,77,69
51,732,276,77,69
52,736,274,77,69
53,741,270,77,69
54,746,269,77,69
55,750,266,77,69
56,750,266,77,69
57,753,265,77,69
58,756,265,77,69
59,761,266,77,69
60,765,267,77,69
61,765,267,77,69
62,769,266,77,69
63,772,265,77,69
64,775,265,77,69
65,778,265,77,69
66,778,265,77,69
67,782,264,77,69
68,785,262,77,69
69,788,260,77,69
70,792,258,77,69
71,792,258,77,69
72,798,258,77,69
73,803,258,77,69
74,807,256,77,69
75,811,254,77,69
76,811,254,77,69
77,814,252,77,69
78,818,250,77,69
79,823,251,77,69
80,826,251,77,69
81,826,251,77,69
82,829,251,77,69
83,834,251,77,69
84,838,250,77,69
85,840,249,77,69
86,840,249,77,69
87,843,247,77,69
88,848,247,77,69
89,854,247,77,69
90,859,248,77,69
91,859,248,77,69
92,865,248,77,69
93,866,246,77,69
94,864,246,77,69
95,864,245,77,69
96,864,245,77,69
97,872,247,77,69
98,879,249,77,69
99,884,251,77,69
100,883,252,77,69
101,883,252,77,69
102,880,251,77,69
103,878,251,77,69
104,879,251,77,69
105,884,252,77,69
106,884,252,77,69
107,889,254,77,69
108,893,253,77,69
109,896,253,77,69
110,895,253,77,69
111,895,253,77,69
112,895,252,77,69
113,898,252,77,69
114,903,251,77,69
115,911,252,77,69
116,911,252,77,69
117,915,252,77,69
118,915,251,77,69
119,915,252,77,69
120,916,252,77,69
121,916,252,77,69
122,919,252,77,69
123,923,252,77,69
124,923,253,77,69
125,921,253,77,69
126,921,253,77,69
127,920,252,77,69
128,924,250,77,69
129,930,250,77,69
130,938,252,77,69
131,938,252,77,69
132,941,252,77,69
133,943,253,77,69
134,946,253,77,69
135,952,253,77,69
136,952,253,77,69
137,955,253,77,69
138,958,253,77,69
139,962,254,77,69
140,966,254,77,69
141,966,254,77,69
142,969,254,77,69
143,973,253,77,69
144,975,253,77,69
145,979,253,77,69
146,979,253,77,69
147,985,254,77,69
148,991,254,77,69
149,996,255,77,69
150,1001,256,77,69
151,1001,256,77,69
152,1010,257,77,69
153,1015,258,77,69
154,1018,257,77,69
155,1020,257,77,69
156,1020,257,77,69
157,1024,258,77,69
158,1028,257,77,69
159,1030,256,77,69
160,1033,255,77,69
161,1033,255,77,69
162,1040,255,77,69
163,1046,254,77,69
164,1053,254,77,69
165,1062,252,77,69
166,1062,252,77,69
167,1077,250,77,69
168,1082,249,77,69
169,1084,248,77,69
170,1086,247,77,69
171,1086,247,77,69
172,1090,246,77,69
173,1100,244,77,69
174,1110,243,77,69
175,1116,241,77,69
176,1116,241,77,69
177,1123,240,77,69
178,1126,238,77,69
179,1129,237,77,69
180,1135,236,77,69
181,1135,236,77,69
182,1142,236,77,69
183,1148,236,77,69
184,1152,234,77,69
185,1154,234,77,69
186,1154,234,77,69
187,1156,235,77,69
188,1163,235,77,69
189,1170,236,77,69
190,1178,235,77,69
191,1178,235,77,69
