08-Clutter 3
200,221,231,45,88
201,220,232,45,88
202,218,232,45,88
203,218,232,45,88
204,220,233,45,88
205,221,234,45,88
206,222,236,45,88
207,222,238,45,88
208,220,239,45,88
209,217,240,45,88
210,215,240,45,88
211,215,240,45,88
212,215,240,45,88
213,216,241,45,88
214,220,244,45,88
215,219,244,45,88
216,219,244,45,88
217,219,245,45,88
218,219,245,45,88
219,220,245,45,88
220,221,244,45,88
221,221,244,45,88
222,222,244,45,88
223,222,245,45,88
224,220,245,45,88
225,218,244,45,88
226,217,244,45,88
227,215,245,45,88
228,214,246,45,88
229,215,247,45,88
230,216,248,45,88
231,216,249,45,88
232,216,249,45,88
233,216,249,45,88
234,216,249,45,88
235,217,250,45,88
236,218,251,45,88
237,220,252,45,88
238,221,251,45,88
239,221,249,45,88
240,220,248,45,88
241,220,247,45,88
242,221,247,45,88
243,221,247,45,88
244,222,247,45,88
245,223,247,45,88
246,222,246,45,88
247,220,245,45,88
248,219,245,45,88
249,220,245,45,88
250,222,244,45,88
251,223,243,45,88
252,223,242,45,88
253,222,241,45,88
254,222,241,45,88
255,222,241,45,88
256,220,240,45,88
257,218,239,45,88
258,216,238,45,88
259,216,238,45,88
260,216,239,45,88
261,215,239,45,88
262,214,239,45,88
263,213,239,45,88
264,212,239,45,88
265,212,239,45,88
266,212,239,45,88
267,211,239,45,88
268,211,238,45,88
269,211,238,45,88
270,211,238,45,88
271,211,238,45,88
272,211,239,45,88
273,211,240,45,88
274,211,241,45,88
275,209,241,45,88
276,209,242,45,88
277,211,243,45,88
278,212,244,45,88
279,212,244,45,88
280,213,243,45,88
281,214,241,45,88
282,213,236,45,88
283,210,225,45,88
284,208,213,45,88
285,211,209,45,88
286,219,213,45,88
287,229,222,45,88
288,243,232,45,88
289,256,239,45,88
290,261,240,45,88
291,254,235,45,88
292,240,228,45,88
293,230,219,45,88
294,229,211,45,88
295,229,205,45,88
296,224,198,45,88
297,217,195,45,88
298,217,195,45,88
299,223,194,45,88
300,224,189,45,88
301,226,185,45,88
302,231,185,45,88
303,242,189,45,88
304,263,197,45,88
305,284,206,45,88
306,287,209,45,88
307,282,207,45,88
308,286,205,45,88
309,297,205,45,88
310,309,208,45,88
311,320,212,45,88
312,331,216,45,88
313,336,223,45,88
314,336,231,45,88
315,334,241,45,88
316,328,248,45,88
317,315,251,45,88
318,295,248,45,88
319,283,242,45,88
320,277,236,45,88
321,266,230,45,88
322,245,226,45,88
323,234,225,45,88
324,234,226,45,88
325,239,232,45,88
326,237,235,45,88
327,235,234,45,88
328,234,235,45,88
329,233,237,45,88
330,231,241,45,88
331,230,243,45,88
332,223,243,45,88
333,213,244,45,88
334,209,248,45,88
335,209,253,45,88
336,210,263,45,88
337,211,273,45,88
338,213,278,45,88
339,215,278,45,88
340,211,273,45,88
341,198,262,45,88
342,185,252,45,88
343,178,245,45,88
344,174,242,45,88
345,171,242,45,88
346,170,245,45,88
347,169,247,45,88
348,165,245,45,88
349,162,243,45,88
350,160,241,45,88
351,157,239,45,88
352,152,237,45,88
353,149,236,45,88
354,150,238,45,88
355,152,241,45,88
356,154,246,45,88
357,159,252,45,88
358,169,260,45,88
359,175,266,45,88
360,170,267,45,88
361,156,266,45,88
362,142,263,45,88
363,136,259,45,88
364,134,255,45,88
365,129,252,45,88
366,124,249,45,88
367,121,247,45,88
368,120,247,45,88
369,118,249,45,88
370,119,254,45,88
371,124,260,45,88
372,128,266,45,88
373,128,266,45,88
374,129,265,45,88
375,128,258,45,88
376,129,245,45,88
377,133,228,45,88
378,138,213,45,88
379,144,205,45,88
380,150,203,45,88
381,153,207,45,88
382,157,213,45,88
383,163,221,45,88
384,171,225,45,88
385,176,224,45,88
386,176,218,45,88
387,177,212,45,88
388,179,208,45,88
389,182,208,45,88
390,185,211,45,88
391,190,217,45,88
392,197,223,45,88
393,204,228,45,88
394,209,229,45,88
395,214,229,45,88
396,216,229,45,88
397,214,229,45,88
398,214,230,45,88
399,217,232,45,88
400,221,235,45,88
401,223,239,45,88
402,225,242,45,88
403,229,244,45,88
404,232,244,45,88
405,235,244,45,88
406,243,245,45,88
407,250,245,45,88
408,255,244,45,88
409,259,242,45,88
410,267,240,45,88
411,279,241,45,88
412,299,242,45,88
413,322,243,45,88
414,345,244,45,88
415,374,243,45,88
416,409,242,45,88
417,438,242,45,88
418,474,245,45,88
419,520,250,45,88
420,564,253,45,88
421,608,253,45,88
422,651,259,45,88
423,696,275,45,88
424,752,295,45,88
425,797,310,45,88
