08-Clutter 12
15,692,281,95,90
16,693,280,95,90
17,694,279,95,90
18,694,278,95,90
19,694,277,95,90
20,695,276,95,90
21,696,274,95,90
22,696,272,95,90
23,696,270,95,90
24,696,268,95,90
25,696,267,95,90
26,696,267,95,90
27,697,267,95,90
28,698,267,95,90
29,699,267,95,90
30,701,268,95,90
31,703,269,95,90
32,704,270,95,90
33,705,272,95,90
34,706,274,95,90
35,707,276,95,90
36,708,278,95,90
37,708,280,95,90
38,708,282,95,90
39,707,284,95,90
40,706,286,95,90
41,705,288,95,90
42,704,290,95,90
43,703,292,95,90
44,702,293,95,90
45,701,293,95,90
46,700,294,95,90
47,699,295,95,90
48,699,296,95,90
49,699,297,95,90
50,699,297,95,90
51,699,297,95,90
52,699,297,95,90
53,699,296,95,90
54,699,294,95,90
55,699,292,95,90
56,699,290,95,90
57,699,286,95,90
58,699,281,95,90
59,699,274,95,90
60,699,267,95,90
61,698,260,95,90
62,697,253,95,90
63,697,247,95,90
64,696,242,95,90
65,696,241,95,90
66,696,240,95,90
67,696,239,95,90
68,696,238,95,90
69,696,237,95,90
70,696,236,95,90
71,696,235,95,90
72,696,234,95,90
73,696,233,95,90
74,696,232,95,90
75,696,231,95,90
76,696,230,95,90
77,696,229,95,90
78,696,228,95,90
79,696,227,95,90
80,696,227,95,90
81,696,227,95,90
82,696,227,95,90
83,697,227,95,90
84,697,227,95,90
85,697,228,95,90
86,697,229,95,90
87,697,230,95,90
88,697,231,95,90
89,697,232,95,90
90,697,233,95,90
91,698,235,95,90
92,699,236,95,90
93,702,236,95,90
94,706,234,95,90
95,711,230,95,90
96,717,224,95,90
97,724,216,95,90
98,731,205,95,90
99,737,193,95,90
100,741,182,95,90
101,742,173,95,90
102,740,165,95,90
103,736,158,95,90
104,730,150,95,90
105,722,141,95,90
