08-Clutter 8
5,234,169,44,47
6,231,169,44,47
7,227,169,44,47
8,223,169,44,47
9,219,169,44,47
10,215,169,44,47
11,211,169,44,47
12,207,169,44,47
13,203,169,44,47
14,198,169,44,47
15,194,169,44,47
16,190,169,44,47
17,186,170,44,47
18,182,170,44,47
19,178,170,44,47
20,175,170,44,47
21,171,171,44,47
22,168,172,44,47
23,165,172,44,47
24,163,173,44,47
25,161,173,44,47
26,160,173,44,47
27,159,174,44,47
28,159,174,44,47
29,159,174,44,47
30,159,174,44,47
31,159,174,44,47
32,159,173,44,47
33,159,173,44,47
34,159,173,44,47
35,160,172,44,47
36,161,171,44,47
37,162,171,44,47
38,164,171,44,47
39,168,171,44,47
40,172,171,44,47
41,176,171,44,47
42,180,171,44,47
43,183,171,44,47
44,186,171,44,47
45,191,170,44,47
46,195,170,44,47
47,200,170,44,47
48,204,170,44,47
49,208,169,44,47
50,211,168,44,47
51,214,168,44,47
52,217,168,44,47
53,220,168,44,47
54,222,168,44,47
55,224,168,44,47
56,225,168,44,47
57,226,168,44,47
58,226,168,44,47
59,226,168,44,47
60,226,168,44,47
61,226,168,44,47
62,226,167,44,47
63,226,166,44,47
64,225,166,44,47
65,224,165,44,47
66,222,164,44,47
67,220,162,44,47
68,217,161,44,47
69,213,161,44,47
70,209,162,44,47
71,204,163,44,47
72,198,164,44,47
73,192,165,44,47
74,186,165,44,47
75,181,164,44,47
76,174,164,44,47
77,166,164,44,47
78,158,164,44,47
79,149,164,44,47
80,140,164,44,47
81,132,164,44,47
82,124,164,44,47
83,115,165,44,47
84,106,165,44,47
85,99,166,44,47
86,93,167,44,47
87,85,168,44,47
88,77,170,44,47
89,70,171,44,47
90,64,173,44,47
91,64,173,44,47
92,64,173,44,47
93,64,173,44,47
94,64,172,44,47
95,64,171,44,47
96,64,169,44,47
97,64,167,44,47
98,64,166,44,47
99,64,165,44,47
100,64,166,44,47
101,64,168,44,47
102,64,170,44,47
103,64,172,44,47
104,64,174,44,47
105,64,176,44,47
106,64,177,44,47
107,64,177,44,47
108,64,177,44,47
109,64,176,44,47
110,64,175,44,47
111,64,174,44,47
112,64,173,44,47
113,64,172,44,47
114,64,171,44,47
115,64,171,44,47
116,64,174,44,47
117,64,176,44,47
118,64,177,44,47
119,64,178,44,47
120,64,180,44,47
121,64,182,44,47
122,64,185,44,47
123,64,188,44,47
124,64,191,44,47
125,64,192,44,47
126,64,193,44,47
127,64,192,44,47
128,64,190,44,47
129,64,188,44,47
130,64,208,44,47
131,64,185,44,47
132,64,181,44,47
133,64,179,44,47
134,64,178,44,47
135,64,162,44,47
136,64,160,44,47
137,64,160,44,47
138,64,160,44,47
139,64,155,44,47
140,64,152,44,47
141,64,151,44,47
142,64,151,44,47
143,64,151,44,47
144,64,151,44,47
145,64,151,44,47
146,64,151,44,47
147,64,152,44,47
148,64,153,44,47
149,64,153,44,47
150,64,153,44,47
151,64,153,44,47
152,64,152,44,47
153,64,152,44,47
154,64,152,44,47
155,64,152,44,47
