09-Confusion 23
2,652,178,78,158
3,656,176,78,158
4,663,174,78,158
5,666,171,78,158
6,667,170,78,158
7,670,170,78,158
8,671,170,78,158
9,674,170,78,158
10,676,169,78,158
11,679,167,78,158
12,682,165,78,158
13,681,163,78,158
14,682,162,78,158
15,684,161,78,158
16,684,162,78,158
17,685,161,78,158
18,685,160,78,158
19,686,159,78,158
20,688,156,78,158
21,690,155,78,158
22,692,155,78,158
23,693,153,78,158
24,697,155,78,158
25,698,156,78,158
26,701,157,78,158
27,705,157,78,158
28,708,156,78,158
29,714,155,78,158
30,718,153,78,158
31,724,152,78,158
32,730,152,78,158
33,736,153,78,158
34,741,155,78,158
35,747,154,78,158
36,752,154,78,158
37,757,152,78,158
38,762,150,78,158
39,766,148,78,158
40,770,146,78,158
41,772,145,78,158
42,774,144,78,158
43,776,145,78,158
44,778,145,78,158
45,780,144,78,158
46,782,143,78,158
47,784,141,78,158
48,784,140,78,158
49,784,139,78,158
50,785,140,78,158
51,785,139,78,158
52,785,137,78,158
53,786,135,78,158
54,790,133,78,158
55,791,132,78,158
56,793,130,78,158
57,795,129,78,158
58,797,129,78,158
59,798,130,78,158
60,800,133,78,158
61,804,133,78,158
62,808,133,78,158
63,811,133,78,158
64,809,131,78,158
65,815,130,78,158
66,814,129,78,158
67,819,130,78,158
68,821,130,78,158
69,822,131,78,158
70,821,132,78,158
71,814,131,78,158
72,809,129,78,158
73,798,126,78,158
74,792,125,78,158
75,786,123,78,158
76,775,124,78,158
77,774,123,78,158
78,771,123,78,158
79,768,122,78,158
80,767,122,78,158
81,763,120,78,158
82,757,118,78,158
83,753,116,78,158
84,748,114,78,158
85,746,114,78,158
86,749,114,78,158
87,752,113,78,158
88,753,111,78,158
89,754,110,78,158
90,758,107,78,158
91,759,105,78,158
92,763,102,78,158
93,764,102,78,158
94,767,103,78,158
95,768,103,78,158
96,771,105,78,158
97,772,104,78,158
98,776,104,78,158
99,780,103,78,158
100,785,101,78,158
101,791,101,78,158
102,796,101,78,158
103,802,101,78,158
104,807,102,78,158
105,812,103,78,158
106,817,101,78,158
107,821,101,78,158
108,825,100,78,158
109,829,98,78,158
110,832,96,78,158
111,834,97,78,158
112,837,96,78,158
113,838,97,78,158
114,842,98,78,158
115,843,96,78,158
116,846,94,78,158
117,848,93,78,158
118,849,90,78,158
119,850,90,78,158
120,851,91,78,158
121,851,90,78,158
122,851,89,78,158
123,852,88,78,158
124,853,86,78,158
125,856,83,78,158
126,856,82,78,158
127,857,82,78,158
128,859,82,78,158
129,861,80,78,158
130,863,81,78,158
131,865,81,78,158
132,867,79,78,158
133,870,78,78,158
134,873,77,78,158
135,877,76,78,158
136,881,76,78,158
137,885,76,78,158
138,890,78,78,158
139,895,79,78,158
140,900,79,78,158
141,905,77,78,158
142,911,75,78,158
143,915,74,78,158
144,918,72,78,158
145,923,72,78,158
146,924,73,78,158
147,926,73,78,158
148,928,74,78,158
149,929,73,78,158
150,932,73,78,158
151,933,71,78,158
152,934,69,78,158
153,936,67,78,158
154,935,67,78,158
155,935,67,78,158
156,936,68,78,158
157,935,67,78,158
158,936,65,78,158
159,937,63,78,158
160,938,61,78,158
161,942,59,78,158
162,942,59,78,158
163,944,60,78,158
164,945,60,78,158
165,946,60,78,158
166,947,61,78,158
167,948,60,78,158
168,951,61,78,158
169,957,59,78,158
170,959,57,78,158
171,966,56,78,158
172,968,57,78,158
173,974,57,78,158
174,979,58,78,158
175,982,58,78,158
176,987,56,78,158
177,990,54,78,158
178,993,53,78,158
179,997,51,78,158
180,999,50,78,158
181,1000,51,78,158
182,1002,51,78,158
183,1003,51,78,158
184,1006,50,78,158
185,1008,49,78,158
186,1009,47,78,158
187,1011,44,78,158
188,1011,44,78,158
189,1012,44,78,158
190,1012,44,78,158
191,1012,43,78,158
192,1013,42,78,158
193,1015,40,78,158
194,1016,38,78,158
195,1018,36,78,158
196,1019,35,78,158
197,1021,35,78,158
198,1023,36,78,158
199,1025,36,78,158
200,1027,37,78,158
201,1029,39,78,158
202,1032,38,78,158
203,1037,35,78,158
204,1038,35,78,158
205,1045,35,78,158
206,1050,36,78,158
207,1055,38,78,158
208,1061,38,78,158
209,1065,39,78,158
210,1070,38,78,158
211,1073,37,78,158
212,1077,34,78,158
213,1079,33,78,158
214,1080,33,78,158
215,1082,34,78,158
216,1083,34,78,158
217,1087,34,78,158
218,1088,34,78,158
219,1090,33,78,158
220,1091,31,78,158
221,1092,28,78,158
222,1091,26,78,158
223,1089,25,78,158
224,1090,26,78,158
225,1087,26,78,158
226,1089,27,78,158
227,1085,27,78,158
228,1086,26,78,158
229,1086,24,78,158
230,1082,22,78,158
231,1079,21,78,158
232,1079,20,78,158
233,1078,22,78,158
234,1073,24,78,158
235,1070,25,78,158
236,1061,25,78,158
237,1059,24,78,158
238,1053,22,78,158
239,1047,20,78,158
240,1042,21,78,158
241,1038,22,78,158
242,1035,26,78,158
