09-Confusion 9
103,1033,394,68,100
104,1032,389,68,100
105,1032,386,68,100
106,1032,384,68,100
107,1032,384,68,100
108,1031,385,68,100
109,1030,387,68,100
110,1030,390,68,100
111,1029,393,68,100
112,1027,397,68,100
113,1026,401,68,100
114,1026,404,68,100
115,1027,406,68,100
116,1028,406,68,100
117,1029,403,68,100
118,1029,399,68,100
119,1028,396,68,100
120,1027,391,68,100
121,1027,388,68,100
122,1027,386,68,100
123,1027,385,68,100
124,1027,385,68,100
125,1026,387,68,100
126,1025,390,68,100
127,1024,393,68,100
128,1023,397,68,100
129,1022,401,68,100
130,1020,405,68,100
131,1018,409,68,100
132,1015,412,68,100
133,1013,414,68,100
134,1012,413,68,100
135,1012,409,68,100
136,1013,406,68,100
137,1011,403,68,100
138,1010,400,68,100
139,1009,398,68,100
140,1008,398,68,100
141,1008,400,68,100
142,1007,404,68,100
143,1007,408,68,100
144,1007,413,68,100
145,1006,419,68,100
146,1006,425,68,100
147,1005,430,68,100
148,1005,433,68,100
149,1006,436,68,100
150,1008,433,68,100
151,1009,428,68,100
152,1010,424,68,100
153,1012,419,68,100
154,1014,415,68,100
155,1015,412,68,100
156,1015,410,68,100
157,1015,409,68,100
158,1015,410,68,100
159,1015,412,68,100
160,1014,415,68,100
161,1013,419,68,100
162,1011,424,68,100
163,1009,429,68,100
164,1007,433,68,100
165,1004,434,68,100
166,1001,434,68,100
167,1000,430,68,100
168,1000,424,68,100
169,999,420,68,100
170,999,416,68,100
171,999,411,68,100
172,1000,408,68,100
173,1001,407,68,100
174,1002,408,68,100
175,1004,410,68,100
176,1006,412,68,100
177,1008,414,68,100
178,1009,418,68,100
179,1011,423,68,100
180,1013,427,68,100
181,1016,430,68,100
182,1019,432,68,100
183,1021,431,68,100
184,1022,427,68,100
185,1023,423,68,100
186,1024,418,68,100
187,1024,413,68,100
188,1024,410,68,100
189,1023,408,68,100
190,1022,407,68,100
191,1020,407,68,100
192,1018,409,68,100
193,1017,412,68,100
194,1014,416,68,100
195,1014,419,68,100
196,1014,423,68,100
197,1013,427,68,100
198,1012,430,68,100
199,1010,432,68,100
200,1008,432,68,100
201,1007,428,68,100
202,1006,423,68,100
203,1006,418,68,100
204,1005,413,68,100
205,1005,409,68,100
206,1005,406,68,100
207,1005,405,68,100
208,1005,405,68,100
209,1006,407,68,100
210,1007,409,68,100
211,1008,412,68,100
212,1009,416,68,100
213,1009,421,68,100
214,1010,426,68,100
215,1012,429,68,100
216,1014,430,68,100
217,1017,427,68,100
218,1019,422,68,100
219,1020,417,68,100
220,1021,412,68,100
221,1021,408,68,100
222,1021,405,68,100
223,1021,403,68,100
