09-Confusion 33
84,324,419,26,58
85,326,417,26,58
86,330,414,26,58
87,331,413,26,58
88,332,412,26,58
89,334,411,26,58
90,335,410,26,58
91,338,408,26,58
92,340,407,26,58
93,342,406,26,58
94,345,405,26,58
95,347,404,26,58
96,353,402,26,58
97,356,399,26,58
98,359,396,26,58
99,362,395,26,58
100,364,394,26,58
101,368,393,26,58
102,370,393,26,58
103,372,392,26,58
104,374,391,26,58
105,376,391,26,58
106,381,390,26,58
107,383,390,26,58
108,385,390,26,58
109,387,390,26,58
110,390,389,26,58
111,393,387,26,58
112,394,387,26,58
113,395,387,26,58
114,396,386,26,58
115,397,385,26,58
116,398,383,26,58
117,399,382,26,58
118,400,380,26,58
119,401,378,26,58
120,402,376,26,58
121,404,370,26,58
122,405,367,26,58
123,405,365,26,58
124,405,363,26,58
125,405,361,26,58
126,404,356,26,58
127,404,352,26,58
128,404,349,26,58
129,404,345,26,58
130,404,341,26,58
131,404,334,26,58
132,405,332,26,58
133,406,331,26,58
134,407,329,26,58
135,408,327,26,58
136,410,324,26,58
137,411,323,26,58
138,412,322,26,58
139,413,321,26,58
140,414,320,26,58
141,416,316,26,58
142,417,314,26,58
143,418,312,26,58
144,419,309,26,58
145,420,306,26,58
146,421,300,26,58
147,421,297,26,58
148,422,294,26,58
149,423,292,26,58
150,424,290,26,58
151,425,286,26,58
152,426,284,26,58
153,427,282,26,58
154,428,280,26,58
155,429,278,26,58
156,430,275,26,58
157,431,274,26,58
158,432,272,26,58
159,433,271,26,58
160,434,270,26,58
161,434,269,26,58
162,434,269,26,58
163,434,269,26,58
164,434,269,26,58
165,434,269,26,58
166,434,270,26,58
167,434,271,26,58
168,434,272,26,58
169,434,273,26,58
170,434,274,26,58
171,434,277,26,58
172,434,278,26,58
173,434,279,26,58
174,434,279,26,58
175,434,279,26,58
176,435,279,26,58
177,436,278,26,58
178,437,277,26,58
179,438,276,26,58
180,439,275,26,58
181,440,273,26,58
182,441,272,26,58
183,442,271,26,58
184,443,270,26,58
185,444,269,26,58
186,445,266,26,58
187,445,265,26,58
188,446,264,26,58
189,446,263,26,58
190,446,262,26,58
191,447,259,26,58
192,447,258,26,58
193,448,257,26,58
194,449,256,26,58
195,449,256,26,58
196,449,255,26,58
197,449,254,26,58
198,449,253,26,58
199,449,252,26,58
200,449,252,26,58
201,448,250,26,58
202,447,249,26,58
203,445,249,26,58
204,443,249,26,58
205,441,248,26,58
206,437,244,26,58
207,436,242,26,58
208,435,240,26,58
209,434,238,26,58
210,433,238,26,58
211,434,236,26,58
212,435,235,26,58
213,436,235,26,58
214,437,235,26,58
215,438,235,26,58
216,440,235,26,58
217,441,235,26,58
218,441,234,26,58
219,442,233,26,58
220,443,232,26,58
221,444,230,26,58
222,444,230,26,58
223,444,230,26,58
224,444,231,26,58
225,444,232,26,58
226,441,231,26,58
227,439,229,26,58
228,438,228,26,58
229,437,226,26,58
230,437,225,26,58
231,441,224,26,58
232,444,223,26,58
233,445,222,26,58
234,445,222,26,58
235,445,222,26,58
236,444,220,26,58
237,444,220,26,58
238,443,220,26,58
239,442,220,26,58
240,442,220,26,58
241,443,220,26,58
242,443,219,26,58
243,444,218,26,58
244,445,217,26,58
245,446,217,26,58
246,447,216,26,58
247,448,216,26,58
248,449,215,26,58
249,450,214,26,58
250,451,213,26,58
251,452,212,26,58
252,452,212,26,58
253,452,212,26,58
254,453,212,26,58
255,454,212,26,58
256,454,212,26,58
257,455,211,26,58
258,456,210,26,58
259,457,209,26,58
260,458,208,26,58
261,460,206,26,58
262,461,205,26,58
263,462,204,26,58
264,463,203,26,58
265,464,202,26,58
266,466,201,26,58
267,467,200,26,58
268,468,199,26,58
269,469,198,26,58
270,470,196,26,58
271,474,193,26,58
272,475,191,26,58
273,477,189,26,58
274,479,188,26,58
275,481,186,26,58
276,485,182,26,58
277,487,180,26,58
278,489,178,26,58
279,491,177,26,58
280,493,175,26,58
281,497,172,26,58
282,499,170,26,58
283,501,169,26,58
284,503,168,26,58
285,505,167,26,58
286,508,164,26,58
287,510,163,26,58
288,511,162,26,58
289,512,161,26,58
290,513,160,26,58
