09-Confusion 21
2,942,178,27,57
3,941,178,27,57
4,940,178,27,57
5,939,179,27,57
6,938,179,27,57
7,937,180,27,57
8,936,181,27,57
9,935,181,27,57
10,934,181,27,57
11,933,181,27,57
12,932,181,27,57
13,931,181,27,57
14,930,181,27,57
15,929,181,27,57
16,928,182,27,57
17,927,182,27,57
18,926,182,27,57
19,925,182,27,57
20,924,182,27,57
21,923,183,27,57
22,923,184,27,57
23,921,185,27,57
24,921,185,27,57
25,919,185,27,57
26,919,186,27,57
27,918,187,27,57
28,917,188,27,57
29,917,188,27,57
30,916,188,27,57
31,916,188,27,57
32,915,188,27,57
33,914,188,27,57
34,914,188,27,57
35,913,188,27,57
36,913,188,27,57
37,912,188,27,57
38,912,188,27,57
39,911,189,27,57
40,910,190,27,57
41,909,191,27,57
42,908,191,27,57
43,907,191,27,57
44,906,191,27,57
45,905,192,27,57
46,904,192,27,57
47,903,193,27,57
48,902,194,27,57
49,901,195,27,57
50,900,195,27,57
51,899,194,27,57
52,898,193,27,57
53,897,192,27,57
54,896,192,27,57
55,895,195,27,57
56,895,196,27,57
57,894,195,27,57
58,893,194,27,57
59,892,193,27,57
60,891,193,27,57
61,890,193,27,57
62,889,194,27,57
63,888,195,27,57
64,888,196,27,57
65,887,197,27,57
66,887,197,27,57
67,886,197,27,57
68,885,197,27,57
69,884,197,27,57
70,883,197,27,57
71,882,197,27,57
72,881,197,27,57
73,880,198,27,57
74,880,198,27,57
75,879,198,27,57
76,879,198,27,57
77,878,198,27,57
78,878,197,27,57
79,877,196,27,57
80,876,196,27,57
81,876,199,27,57
82,875,201,27,57
83,875,201,27,57
84,874,201,27,57
85,873,201,27,57
86,872,201,27,57
87,871,202,27,57
88,870,203,27,57
89,869,204,27,57
90,869,204,27,57
91,868,204,27,57
92,868,204,27,57
93,867,203,27,57
94,866,203,27,57
95,865,203,27,57
96,864,204,27,57
97,864,205,27,57
98,863,205,27,57
99,862,206,27,57
100,861,206,27,57
101,860,206,27,57
102,859,206,27,57
103,858,206,27,57
104,857,207,27,57
105,857,208,27,57
106,855,208,27,57
107,854,208,27,57
108,853,208,27,57
109,852,208,27,57
110,852,208,27,57
111,851,208,27,57
112,850,209,27,57
113,849,209,27,57
114,848,209,27,57
115,848,209,27,57
116,847,209,27,57
117,846,209,27,57
118,845,210,27,57
119,844,211,27,57
120,843,211,27,57
121,842,212,27,57
122,841,212,27,57
123,840,212,27,57
124,839,212,27,57
125,838,212,27,57
126,837,212,27,57
127,836,212,27,57
128,835,212,27,57
129,834,212,27,57
130,833,212,27,57
131,832,212,27,57
132,831,212,27,57
133,830,212,27,57
134,829,212,27,57
135,828,212,27,57
136,827,212,27,57
137,826,212,27,57
138,825,212,27,57
139,824,212,27,57
140,823,212,27,57
141,822,212,27,57
142,821,212,27,57
143,820,212,27,57
144,819,212,27,57
145,818,213,27,57
146,817,214,27,57
147,816,214,27,57
148,815,214,27,57
149,814,214,27,57
150,813,214,27,57
151,812,214,27,57
152,811,214,27,57
153,810,214,27,57
154,809,214,27,57
155,808,214,27,57
156,807,214,27,57
157,806,214,27,57
158,805,214,27,57
159,804,215,27,57
160,803,216,27,57
161,802,217,27,57
162,801,217,27,57
163,800,217,27,57
164,799,217,27,57
165,798,217,27,57
166,797,217,27,57
167,796,217,27,57
168,795,217,27,57
169,794,217,27,57
170,793,217,27,57
171,792,217,27,57
172,791,217,27,57
173,790,217,27,57
174,789,217,27,57
175,788,217,27,57
176,787,218,27,57
177,786,218,27,57
178,785,219,27,57
179,784,219,27,57
180,783,219,27,57
181,782,219,27,57
182,781,219,27,57
183,780,219,27,57
184,779,219,27,57
185,778,219,27,57
186,777,219,27,57
187,776,219,27,57
188,775,219,27,57
189,775,219,27,57
190,774,219,27,57
191,773,219,27,57
192,772,219,27,57
193,771,219,27,57
194,770,220,27,57
195,769,221,27,57
196,768,222,27,57
197,767,223,27,57
198,765,223,27,57
199,764,223,27,57
200,762,223,27,57
201,760,223,27,57
202,759,223,27,57
203,757,223,27,57
204,756,223,27,57
205,755,223,27,57
206,754,223,27,57
207,753,223,27,57
208,752,223,27,57
209,751,223,27,57
210,750,223,27,57
211,749,223,27,57
212,748,223,27,57
213,747,224,27,57
214,746,224,27,57
215,745,224,27,57
216,744,224,27,57
217,743,224,27,57
218,741,224,27,57
219,740,224,27,57
220,739,224,27,57
221,738,224,27,57
222,738,224,27,57
223,737,224,27,57
224,736,224,27,57
225,735,224,27,57
226,734,224,27,57
227,733,224,27,57
228,732,224,27,57
229,731,224,27,57
230,730,224,27,57
231,729,225,27,57
232,728,226,27,57
233,727,227,27,57
234,725,228,27,57
235,724,229,27,57
236,722,230,27,57
237,720,231,27,57
238,719,231,27,57
239,717,231,27,57
240,715,231,27,57
241,713,232,27,57
242,711,232,27,57
243,710,232,27,57
244,708,232,27,57
245,707,232,27,57
246,706,232,27,57
247,705,233,27,57
248,704,234,27,57
249,703,235,27,57
250,702,236,27,57
251,701,237,27,57
252,700,237,27,57
253,699,237,27,57
254,698,237,27,57
255,697,237,27,57
256,696,237,27,57
257,695,237,27,57
258,694,237,27,57
259,693,238,27,57
260,692,238,27,57
261,691,238,27,57
262,690,238,27,57
263,689,238,27,57
264,688,238,27,57
265,687,239,27,57
266,686,239,27,57
267,685,239,27,57
268,683,239,27,57
269,681,239,27,57
270,679,240,27,57
271,677,241,27,57
272,675,242,27,57
273,673,243,27,57
274,671,244,27,57
275,669,245,27,57
276,667,245,27,57
277,665,246,27,57
278,663,247,27,57
279,662,247,27,57
280,661,247,27,57
281,660,247,27,57
282,658,247,27,57
283,656,247,27,57
284,654,247,27,57
285,652,247,27,57
286,650,247,27,57
287,648,248,27,57
288,646,249,27,57
289,644,249,27,57
290,642,250,27,57
291,640,251,27,57
292,638,252,27,57
293,636,253,27,57
294,634,254,27,57
295,632,255,27,57
296,631,255,27,57
297,629,255,27,57
298,628,255,27,57
