09-Confusion 1
113,371,593,161,257
114,376,548,161,257
115,385,484,161,257
116,411,405,161,257
117,430,356,161,257
118,454,316,161,257
119,478,285,161,257
120,497,258,161,257
121,519,246,161,257
122,543,245,161,257
123,566,254,161,257
124,590,268,161,257
125,612,285,161,257
126,635,304,161,257
127,657,321,161,257
128,681,357,161,257
129,706,385,161,257
130,729,412,161,257
131,750,420,161,257
132,764,428,161,257
133,775,436,161,257
134,783,440,161,257
135,782,442,161,257
136,777,445,161,257
137,767,452,161,257
138,766,458,161,257
139,769,464,161,257
140,769,474,161,257
141,768,492,161,257
142,771,511,161,257
143,780,532,161,257
144,798,555,161,257
145,818,577,161,257
146,1234,661,161,257
147,1316,644,161,257
148,1398,620,161,257
149,1460,594,161,257
150,1538,566,161,257
151,1596,533,161,257
152,1678,500,161,257
153,1713,445,161,257
154,1502,413,161,257
155,1538,365,161,257
156,1575,330,161,257
157,1600,323,161,257
158,1627,326,161,257
159,1659,332,161,257
160,1718,329,161,257
161,1747,321,161,257
162,1746,307,161,257
163,1757,292,161,257
164,1680,380,161,257
165,1720,362,161,257
166,1751,330,161,257
167,1360,276,161,257
168,1415,237,161,257
169,1475,188,161,257
170,1537,145,161,257
171,1579,112,161,257
172,1678,40,161,257
173,270,708,161,257
174,364,622,161,257
175,455,549,161,257
176,551,487,161,257
177,640,438,161,257
178,720,404,161,257
179,826,368,161,257
180,927,338,161,257
181,1002,324,161,257
182,1095,296,161,257
183,1191,253,161,257
184,1268,206,161,257
185,1330,151,161,257
186,98,756,161,257
187,210,709,161,257
188,304,665,161,257
189,393,622,161,257
190,481,580,161,257
191,561,536,161,257
192,636,496,161,257
193,686,452,161,257
194,759,410,161,257
195,834,376,161,257
196,907,337,161,257
