09-Confusion 13
18,31,57,25,65
19,34,64,25,65
20,37,68,25,65
21,40,71,25,65
22,43,73,25,65
23,46,74,25,65
24,52,75,25,65
25,60,76,25,65
26,68,78,25,65
27,76,81,25,65
28,84,84,25,65
29,94,88,25,65
30,102,92,25,65
31,110,96,25,65
32,119,100,25,65
33,128,104,25,65
34,137,108,25,65
35,143,110,25,65
36,147,115,25,65
37,150,121,25,65
38,153,125,25,65
39,156,128,25,65
40,159,130,25,65
41,163,132,25,65
42,167,134,25,65
43,171,135,25,65
44,174,137,25,65
45,177,139,25,65
46,180,141,25,65
47,155,154,25,65
48,161,168,25,65
49,160,182,25,65
50,159,194,25,65
51,161,208,25,65
52,164,222,25,65
53,164,233,25,65
54,165,243,25,65
55,166,251,25,65
56,169,260,25,65
57,174,270,25,65
58,179,278,25,65
59,187,286,25,65
60,215,293,25,65
61,247,294,25,65
62,226,126,25,65
