09-Confusion 12
2,1204,719,50,174
3,1267,718,50,174
4,1275,717,50,174
5,1282,717,50,174
6,1289,716,50,174
7,1296,715,50,174
8,1303,715,50,174
9,1310,714,50,174
10,1317,713,50,174
11,1324,712,50,174
12,1331,712,50,174
13,1338,711,50,174
14,1346,710,50,174
15,1353,708,50,174
16,1360,707,50,174
17,1367,706,50,174
18,1374,704,50,174
19,1382,703,50,174
20,1389,703,50,174
21,1396,702,50,174
22,1402,701,50,174
23,1408,701,50,174
24,1414,701,50,174
25,1419,701,50,174
26,1425,700,50,174
27,1430,699,50,174
28,1435,697,50,174
29,1440,695,50,174
30,1445,694,50,174
31,1449,694,50,174
32,1452,694,50,174
33,1456,694,50,174
34,1460,693,50,174
35,1463,692,50,174
36,1466,690,50,174
37,1470,689,50,174
38,1473,688,50,174
39,1474,687,50,174
40,1476,687,50,174
41,1478,688,50,174
42,1479,688,50,174
43,1481,687,50,174
44,1483,686,50,174
45,1486,686,50,174
46,1489,685,50,174
47,1492,683,50,174
48,1495,682,50,174
49,1498,683,50,174
50,1501,683,50,174
51,1505,682,50,174
52,1509,681,50,174
53,1513,681,50,174
54,1516,681,50,174
55,1519,681,50,174
56,1521,680,50,174
57,1524,679,50,174
58,1526,679,50,174
59,1527,678,50,174
60,1528,677,50,174
61,1529,677,50,174
62,1530,677,50,174
63,1531,675,50,174
64,1531,674,50,174
65,1532,674,50,174
66,1533,674,50,174
67,1534,674,50,174
68,1535,674,50,174
69,1537,674,50,174
70,1538,674,50,174
71,1538,674,50,174
72,1539,674,50,174
73,1540,675,50,174
74,1540,675,50,174
75,1541,673,50,174
76,1542,673,50,174
77,1544,673,50,174
78,1545,673,50,174
79,1546,673,50,174
80,1547,673,50,174
81,1548,673,50,174
82,1550,674,50,174
