09-Confusion 16
1,676,365,36,82
2,676,366,36,82
3,676,367,36,82
4,676,367,36,82
5,676,367,36,82
6,676,366,36,82
7,676,365,36,82
8,677,364,36,82
9,677,362,36,82
10,677,360,36,82
11,677,358,36,82
12,677,356,36,82
13,677,354,36,82
14,677,352,36,82
15,677,351,36,82
16,677,351,36,82
17,677,351,36,82
18,677,351,36,82
19,678,351,36,82
20,680,351,36,82
21,681,351,36,82
22,682,351,36,82
23,682,351,36,82
24,682,351,36,82
25,682,350,36,82
26,683,349,36,82
27,684,347,36,82
28,685,345,36,82
29,686,344,36,82
30,687,343,36,82
31,688,343,36,82
32,689,343,36,82
33,691,343,36,82
34,694,343,36,82
35,697,343,36,82
36,700,342,36,82
37,702,341,36,82
38,703,340,36,82
39,704,339,36,82
40,705,338,36,82
41,705,337,36,82
42,705,336,36,82
43,705,335,36,82
44,706,335,36,82
45,707,335,36,82
46,707,335,36,82
47,708,335,36,82
48,710,334,36,82
49,712,333,36,82
50,713,332,36,82
51,714,331,36,82
52,715,330,36,82
53,716,329,36,82
54,717,328,36,82
55,718,327,36,82
56,718,326,36,82
57,718,324,36,82
58,718,322,36,82
59,718,320,36,82
60,718,318,36,82
61,718,317,36,82
62,718,316,36,82
63,718,316,36,82
64,718,316,36,82
65,718,316,36,82
66,719,316,36,82
67,720,316,36,82
68,721,316,36,82
69,722,316,36,82
70,723,316,36,82
71,723,316,36,82
72,723,316,36,82
73,723,316,36,82
74,723,316,36,82
75,723,316,36,82
76,723,316,36,82
77,723,316,36,82
78,723,315,36,82
79,723,315,36,82
80,724,314,36,82
81,725,313,36,82
82,726,312,36,82
83,727,311,36,82
84,728,310,36,82
85,728,309,36,82
86,728,308,36,82
87,729,307,36,82
88,730,306,36,82
89,731,305,36,82
90,731,304,36,82
91,731,302,36,82
92,731,300,36,82
93,731,300,36,82
94,731,299,36,82
95,731,298,36,82
96,731,297,36,82
97,732,296,36,82
98,733,296,36,82
99,734,296,36,82
100,735,295,36,82
101,736,294,36,82
102,737,293,36,82
103,738,292,36,82
104,739,291,36,82
105,740,290,36,82
106,740,290,36,82
107,740,290,36,82
108,740,289,36,82
109,740,288,36,82
110,740,287,36,82
111,740,286,36,82
112,740,285,36,82
113,740,285,36,82
114,740,284,36,82
115,741,283,36,82
116,742,283,36,82
117,743,283,36,82
118,744,283,36,82
119,745,283,36,82
120,746,283,36,82
121,746,283,36,82
122,746,283,36,82
123,746,284,36,82
124,746,286,36,82
125,745,288,36,82
126,744,289,36,82
127,743,289,36,82
128,742,288,36,82
129,742,286,36,82
130,742,285,36,82
131,742,284,36,82
132,743,283,36,82
133,743,282,36,82
134,743,281,36,82
135,743,280,36,82
136,744,279,36,82
137,745,278,36,82
138,746,278,36,82
139,748,277,36,82
140,750,276,36,82
141,752,275,36,82
142,754,274,36,82
143,756,273,36,82
144,757,272,36,82
145,758,271,36,82
146,758,270,36,82
147,758,270,36,82
148,757,270,36,82
149,755,270,36,82
150,753,270,36,82
151,752,270,36,82
152,752,269,36,82
153,753,268,36,82
154,755,268,36,82
155,757,268,36,82
156,758,268,36,82
157,759,268,36,82
158,760,268,36,82
159,760,268,36,82
160,759,267,36,82
161,758,265,36,82
162,757,264,36,82
163,757,262,36,82
164,757,262,36,82
165,757,262,36,82
166,758,262,36,82
167,759,262,36,82
168,760,262,36,82
169,761,262,36,82
170,762,262,36,82
171,762,261,36,82
172,762,259,36,82
173,762,257,36,82
174,762,255,36,82
175,762,253,36,82
176,763,252,36,82
177,764,251,36,82
178,765,251,36,82
179,765,250,36,82
180,766,250,36,82
181,767,251,36,82
182,768,252,36,82
183,769,252,36,82
184,770,252,36,82
185,770,251,36,82
186,771,249,36,82
187,772,247,36,82
188,773,245,36,82
189,773,243,36,82
190,773,242,36,82
191,773,241,36,82
