10-LowContrast 22
3,132,579,38,90
4,132,579,38,90
5,135,579,38,90
6,140,579,38,90
7,140,579,38,90
8,143,579,38,90
9,149,579,38,90
10,149,579,38,90
11,151,579,38,90
12,157,580,38,90
13,157,580,38,90
14,160,580,38,90
15,165,580,38,90
16,165,580,38,90
17,167,580,38,90
18,172,580,38,90
19,172,580,38,90
20,177,580,38,90
21,180,580,38,90
22,180,580,38,90
23,187,580,38,90
24,190,580,38,90
25,190,580,38,90
26,195,580,38,90
27,197,580,38,90
28,197,580,38,90
29,202,580,38,90
30,204,580,38,90
31,204,580,38,90
32,209,580,38,90
33,212,580,38,90
34,212,580,38,90
35,217,580,38,90
36,220,580,38,90
37,220,580,38,90
38,225,580,38,90
39,227,580,38,90
40,227,580,38,90
41,232,580,38,90
42,235,580,38,90
43,235,580,38,90
44,240,581,38,90
45,243,581,38,90
46,243,581,38,90
47,248,581,38,90
48,253,582,38,90
49,253,582,38,90
50,256,582,38,90
51,262,582,38,90
52,262,582,38,90
53,264,582,38,90
54,269,582,38,90
55,269,582,38,90
56,271,582,38,90
57,275,582,38,90
58,275,582,38,90
59,278,582,38,90
60,282,582,38,90
61,282,582,38,90
62,284,582,38,90
63,289,582,38,90
64,289,582,38,90
65,292,582,38,90
66,297,582,38,90
67,297,582,38,90
68,299,582,38,90
69,304,582,38,90
70,304,582,38,90
71,307,582,38,90
72,312,582,38,90
73,312,582,38,90
74,317,582,38,90
75,319,582,38,90
76,319,582,38,90
77,324,582,38,90
78,327,582,38,90
79,327,582,38,90
80,332,582,38,90
81,335,582,38,90
82,335,582,38,90
83,340,582,38,90
84,342,582,38,90
85,342,582,38,90
86,347,582,38,90
87,349,582,38,90
88,349,582,38,90
89,354,582,38,90
90,357,582,38,90
91,357,582,38,90
92,362,582,38,90
93,365,582,38,90
94,365,582,38,90
95,370,582,38,90
96,372,582,38,90
97,372,582,38,90
98,377,582,38,90
99,382,583,38,90
100,382,583,38,90
101,384,583,38,90
102,389,584,38,90
103,389,584,38,90
104,392,584,38,90
105,398,584,38,90
106,398,584,38,90
107,401,584,38,90
108,407,584,38,90
109,407,584,38,90
110,410,584,38,90
111,415,584,38,90
112,415,584,38,90
113,418,584,38,90
114,423,585,38,90
115,423,585,38,90
116,425,585,38,90
117,430,586,38,90
118,430,586,38,90
119,433,587,38,90
120,439,587,38,90
121,439,587,38,90
122,442,587,38,90
123,447,587,38,90
124,447,587,38,90
125,450,587,38,90
126,455,587,38,90
127,455,587,38,90
128,461,587,38,90
129,464,587,38,90
130,464,587,38,90
131,469,587,38,90
132,472,587,38,90
133,472,587,38,90
134,478,588,38,90
135,481,588,38,90
136,481,588,38,90
137,488,588,38,90
138,491,588,38,90
139,491,588,38,90
140,497,588,38,90
141,499,588,38,90
142,499,588,38,90
143,504,588,38,90
144,507,588,38,90
145,507,588,38,90
146,512,589,38,90
147,515,589,38,90
148,515,589,38,90
149,521,589,38,90
150,524,589,38,90
151,524,589,38,90
152,529,589,38,90
153,535,589,38,90
154,535,589,38,90
155,538,589,38,90
156,544,589,38,90
157,544,589,38,90
158,546,590,38,90
159,552,591,38,90
160,552,591,38,90
161,555,591,38,90
162,562,592,38,90
163,562,592,38,90
164,565,592,38,90
165,573,592,38,90
166,573,592,38,90
167,576,592,38,90
168,582,592,38,90
169,582,592,38,90
170,585,592,38,90
171,591,593,38,90
172,591,593,38,90
173,594,593,38,90
174,600,594,38,90
175,600,594,38,90
176,603,594,38,90
177,610,594,38,90
178,610,594,38,90
179,616,594,38,90
180,619,594,38,90
181,619,594,38,90
182,625,594,38,90
183,628,594,38,90
184,628,594,38,90
185,634,594,38,90
186,636,594,38,90
187,636,594,38,90
188,642,595,38,90
189,646,595,38,90
190,646,595,38,90
191,654,595,38,90
192,657,595,38,90
193,657,595,38,90
194,663,595,38,90
195,666,595,38,90
196,666,595,38,90
197,672,595,38,90
198,675,595,38,90
199,675,595,38,90
200,681,595,38,90
201,683,595,38,90
202,683,595,38,90
203,689,595,38,90
204,693,595,38,90
205,693,595,38,90
206,700,596,38,90
207,706,597,38,90
208,706,597,38,90
209,709,597,38,90
210,715,597,38,90
211,715,597,38,90
212,718,597,38,90
213,723,598,38,90
214,723,598,38,90
215,726,598,38,90
216,733,598,38,90
217,733,599,38,90
218,737,599,38,90
219,745,599,38,90
220,745,599,38,90
221,748,599,38,90
222,754,599,38,90
223,754,599,38,90
224,757,599,38,90
225,763,599,38,90
226,763,599,38,90
227,766,599,38,90
228,771,599,38,90
229,771,599,38,90
230,774,599,38,90
231,781,599,38,90
232,781,599,38,90
233,788,600,38,90
234,791,600,38,90
235,791,600,38,90
236,797,600,38,90
237,799,600,38,90
238,799,600,38,90
239,805,601,38,90
240,808,601,38,90
241,808,601,38,90
242,814,602,38,90
243,817,602,38,90
244,817,602,38,90
245,824,602,38,90
246,828,602,38,90
247,828,602,38,90
248,835,602,38,90
249,838,602,38,90
250,838,602,38,90
251,844,602,38,90
252,847,602,38,90
253,847,602,38,90
254,853,602,38,90
255,856,602,38,90
256,856,602,38,90
257,862,603,38,90
258,869,603,38,90
259,869,603,38,90
260,872,603,38,90
261,879,603,38,90
262,879,603,38,90
263,882,603,38,90
264,888,603,38,90
265,888,603,38,90
266,891,603,38,90
267,897,603,38,90
268,897,603,38,90
269,900,604,38,90
270,906,605,38,90
271,906,605,38,90
272,909,605,38,90
273,916,605,38,90
274,916,605,38,90
275,919,605,38,90
276,925,605,38,90
277,925,605,38,90
278,928,605,38,90
279,934,605,38,90
280,934,605,38,90
281,937,605,38,90
282,943,606,38,90
283,943,606,38,90
284,946,606,38,90
285,953,607,38,90
286,953,607,38,90
287,960,607,38,90
288,964,607,38,90
289,964,607,38,90
290,971,607,38,90
291,974,607,38,90
292,974,607,38,90
293,980,607,38,90
294,983,607,38,90
295,983,607,38,90
296,989,608,38,90
297,992,609,38,90
298,992,609,38,90
299,1002,610,38,90
300,1006,610,38,90
301,1006,610,38,90
302,1010,610,38,90
303,1014,610,38,90
304,1014,610,38,90
305,1020,611,38,90
306,1023,611,38,90
307,1023,611,38,90
308,1029,611,38,90
309,1032,611,38,90
310,1032,611,38,90
311,1038,612,38,90
312,1044,613,38,90
313,1044,613,38,90
314,1047,613,38,90
315,1054,613,38,90
316,1054,613,38,90
317,1057,613,38,90
318,1063,613,38,90
319,1063,613,38,90
320,1066,613,38,90
321,1072,613,38,90
322,1072,613,38,90
323,1075,613,38,90
324,1081,614,38,90
325,1081,614,38,90
326,1084,614,38,90
327,1091,614,38,90
328,1091,614,38,90
329,1095,614,38,90
330,1102,614,38,90
331,1103,614,38,90
332,1107,614,38,90
333,1114,614,38,90
334,1114,614,38,90
335,1117,614,38,90
336,1123,615,38,90
337,1123,615,38,90
338,1129,616,38,90
339,1132,616,38,90
340,1132,616,38,90
341,1138,617,38,90
342,1142,617,38,90
343,1142,617,38,90
344,1149,618,38,90
345,1152,618,38,90
346,1152,618,38,90
347,1158,618,38,90
348,1161,618,38,90
349,1161,618,38,90
350,1167,619,38,90
351,1171,619,38,90
352,1171,619,38,90
353,1177,620,38,90
