10-LowContrast 10
50,344,788,127,137
51,348,784,127,137
52,352,780,127,137
53,355,778,127,137
54,359,776,127,137
55,363,773,127,137
56,365,771,127,137
57,365,770,127,137
58,364,769,127,137
59,363,768,127,137
60,361,767,127,137
61,359,766,127,137
62,357,764,127,137
63,355,762,127,137
64,353,760,127,137
65,351,758,127,137
66,349,754,127,137
67,347,750,127,137
68,345,746,127,137
69,342,742,127,137
70,339,738,127,137
71,336,732,127,137
72,332,726,127,137
73,326,716,127,137
74,320,706,127,137
75,316,698,127,137
76,313,690,127,137
77,312,682,127,137
78,312,679,127,137
79,313,676,127,137
80,315,674,127,137
81,318,672,127,137
82,321,673,127,137
83,326,673,127,137
84,331,672,127,137
85,337,674,127,137
86,343,674,127,137
87,347,675,127,137
88,351,677,127,137
89,354,677,127,137
90,356,678,127,137
91,358,680,127,137
92,360,682,127,137
93,363,684,127,137
94,367,686,127,137
95,372,688,127,137
96,376,688,127,137
97,379,689,127,137
98,381,688,127,137
99,382,688,127,137
100,383,688,127,137
101,384,688,127,137
102,387,688,127,137
103,390,689,127,137
104,393,689,127,137
105,394,689,127,137
106,395,691,127,137
107,396,690,127,137
108,396,690,127,137
109,396,689,127,137
110,396,689,127,137
111,396,690,127,137
112,396,692,127,137
113,396,694,127,137
114,396,695,127,137
115,395,695,127,137
116,393,695,127,137
117,390,694,127,137
118,386,692,127,137
119,382,688,127,137
120,376,682,127,137
121,369,676,127,137
122,362,666,127,137
123,354,654,127,137
124,346,638,127,137
125,337,622,127,137
126,330,606,127,137
127,324,590,127,137
128,321,574,127,137
129,320,560,127,137
130,321,546,127,137
131,323,534,127,137
132,326,522,127,137
133,330,512,127,137
134,335,502,127,137
135,341,494,127,137
136,347,488,127,137
137,353,484,127,137
138,360,482,127,137
139,366,482,127,137
140,374,482,127,137
141,382,482,127,137
142,391,480,127,137
143,399,480,127,137
144,409,482,127,137
145,419,484,127,137
146,426,484,127,137
147,435,484,127,137
148,441,480,127,137
149,448,476,127,137
150,455,470,127,137
151,463,462,127,137
152,468,454,127,137
153,472,444,127,137
154,474,434,127,137
155,476,424,127,137
156,478,416,127,137
157,480,404,127,137
158,483,392,127,137
159,487,380,127,137
160,491,366,127,137
161,495,354,127,137
162,501,342,127,137
163,505,328,127,137
164,509,318,127,137
165,512,310,127,137
166,514,302,127,137
167,515,296,127,137
168,515,290,127,137
169,515,284,127,137
170,513,280,127,137
171,512,278,127,137
172,511,276,127,137
173,509,276,127,137
174,507,276,127,137
175,505,276,127,137
176,504,276,127,137
177,503,277,127,137
178,502,277,127,137
179,501,277,127,137
180,500,277,127,137
181,499,277,127,137
182,499,277,127,137
