10-LowContrast 17
62,138,409,55,90
63,138,410,55,90
64,138,410,55,90
65,138,410,55,90
66,144,412,55,90
67,144,412,55,90
68,144,412,55,90
69,144,412,55,90
70,165,410,55,90
71,165,410,55,90
72,165,410,55,90
73,165,410,55,90
74,174,410,55,90
75,174,410,55,90
76,174,410,55,90
77,174,410,55,90
78,181,411,55,90
79,181,411,55,90
80,181,411,55,90
81,181,411,55,90
82,193,412,55,90
83,193,412,55,90
84,193,412,55,90
85,193,412,55,90
86,196,412,55,90
87,196,412,55,90
88,196,412,55,90
89,196,412,55,90
90,199,412,55,90
91,199,412,55,90
92,199,412,55,90
93,199,412,55,90
94,209,412,55,90
95,209,412,55,90
96,209,412,55,90
97,209,412,55,90
98,216,411,55,90
99,216,411,55,90
100,216,411,55,90
101,216,411,55,90
102,225,412,55,90
103,225,412,55,90
104,225,412,55,90
105,225,412,55,90
106,240,412,55,90
107,240,412,55,90
108,240,412,55,90
109,240,412,55,90
110,244,412,55,90
111,244,412,55,90
112,244,412,55,90
113,244,412,55,90
114,250,412,55,90
115,250,412,55,90
116,250,412,55,90
117,250,412,55,90
118,265,410,55,90
119,265,410,55,90
120,265,410,55,90
121,265,410,55,90
122,269,410,55,90
123,269,410,55,90
124,269,410,55,90
125,269,410,55,90
126,272,411,55,90
127,272,411,55,90
128,272,411,55,90
129,272,411,55,90
130,279,412,55,90
131,279,412,55,90
132,279,412,55,90
133,279,412,55,90
134,284,411,55,90
135,284,411,55,90
136,284,411,55,90
137,284,411,55,90
138,288,410,55,90
139,288,410,55,90
140,288,410,55,90
141,288,410,55,90
142,293,411,55,90
143,293,411,55,90
144,293,412,55,90
145,293,412,55,90
146,293,412,55,90
147,293,412,55,90
148,293,412,55,90
149,293,412,55,90
150,293,411,55,90
151,293,411,55,90
152,293,411,55,90
153,293,411,55,90
154,295,412,55,90
155,295,412,55,90
156,295,412,55,90
157,295,412,55,90
158,296,412,55,90
159,296,412,55,90
160,296,412,55,90
161,296,412,55,90
162,297,412,55,90
163,297,412,55,90
164,297,412,55,90
165,297,412,55,90
166,300,412,55,90
167,300,412,55,90
168,300,412,55,90
169,300,412,55,90
170,300,413,55,90
171,300,413,55,90
172,300,413,55,90
173,300,413,55,90
174,300,414,55,90
175,300,414,55,90
176,300,414,55,90
177,300,414,55,90
178,298,415,55,90
179,298,415,55,90
180,298,415,55,90
181,298,415,55,90
182,298,415,55,90
183,297,415,55,90
184,297,415,55,90
185,297,415,55,90
186,297,415,55,90
187,297,415,55,90
188,297,415,55,90
189,297,415,55,90
190,297,416,55,90
191,297,416,55,90
192,297,416,55,90
193,297,416,55,90
194,297,416,55,90
195,297,416,55,90
196,297,416,55,90
197,297,416,55,90
198,297,418,55,90
199,297,418,55,90
200,297,418,55,90
201,297,418,55,90
202,297,419,55,90
203,297,419,55,90
204,297,419,55,90
205,296,422,55,90
206,296,422,55,90
207,296,422,55,90
208,296,422,55,90
209,296,422,55,90
210,296,424,55,90
211,296,424,55,90
212,296,424,55,90
213,296,424,55,90
214,296,424,55,90
215,296,424,55,90
216,296,424,55,90
217,296,424,55,90
218,297,424,55,90
219,297,424,55,90
220,297,424,55,90
221,297,424,55,90
222,299,424,55,90
223,299,424,55,90
224,299,424,55,90
225,299,424,55,90
226,302,423,55,90
227,302,423,55,90
228,302,423,55,90
229,303,423,55,90
230,303,423,55,90
231,302,423,55,90
232,302,423,55,90
233,302,423,55,90
234,302,423,55,90
235,302,423,55,90
236,302,423,55,90
237,302,423,55,90
238,302,423,55,90
239,302,423,55,90
240,302,423,55,90
241,302,423,55,90
242,301,423,55,90
243,301,423,55,90
244,301,423,55,90
245,301,423,55,90
246,299,423,55,90
247,299,423,55,90
248,299,423,55,90
249,299,423,55,90
250,295,425,55,90
251,295,425,55,90
252,295,425,55,90
253,294,425,55,90
254,294,425,55,90
255,294,425,55,90
256,294,425,55,90
257,294,425,55,90
258,294,425,55,90
259,294,425,55,90
260,294,425,55,90
261,294,425,55,90
262,294,426,55,90
263,294,426,55,90
264,294,426,55,90
265,294,426,55,90
266,294,426,55,90
267,294,426,55,90
268,294,426,55,90
269,294,426,55,90
270,296,426,55,90
271,296,426,55,90
272,296,426,55,90
273,296,426,55,90
274,300,426,55,90
275,300,426,55,90
276,300,426,55,90
277,300,426,55,90
278,301,426,55,90
279,301,426,55,90
280,301,426,55,90
281,301,426,55,90
282,301,426,55,90
283,301,426,55,90
284,301,426,55,90
285,301,426,55,90
286,302,426,55,90
287,302,426,55,90
288,302,426,55,90
289,302,426,55,90
290,302,426,55,90
291,302,426,55,90
292,302,426,55,90
293,302,426,55,90
294,302,426,55,90
295,302,426,55,90
296,302,426,55,90
297,302,426,55,90
298,302,426,55,90
