10-LowContrast 19
93,585,455,40,65
94,587,455,40,65
95,589,455,40,65
96,590,455,40,65
97,591,455,40,65
98,592,455,40,65
99,594,454,40,65
100,596,453,40,65
101,598,453,40,65
102,600,453,40,65
103,602,452,40,65
104,604,451,40,65
105,606,450,40,65
106,609,449,40,65
107,612,447,40,65
108,614,445,40,65
109,616,444,40,65
110,618,443,40,65
111,620,441,40,65
112,621,439,40,65
113,621,438,40,65
114,621,437,40,65
115,620,435,40,65
116,619,434,40,65
117,618,433,40,65
118,616,432,40,65
119,614,430,40,65
120,612,428,40,65
121,610,427,40,65
122,607,426,40,65
123,604,425,40,65
124,600,424,40,65
125,595,423,40,65
126,590,423,40,65
127,584,422,40,65
128,578,422,40,65
129,570,422,40,65
130,563,423,40,65
131,555,423,40,65
132,547,424,40,65
133,538,425,40,65
134,529,426,40,65
135,520,427,40,65
136,510,428,40,65
137,499,429,40,65
138,489,431,40,65
139,479,432,40,65
140,469,433,40,65
141,459,435,40,65
142,449,437,40,65
143,437,439,40,65
144,426,441,40,65
145,414,443,40,65
146,403,445,40,65
147,393,446,40,65
148,380,447,40,65
149,369,447,40,65
150,358,447,40,65
151,347,447,40,65
152,336,447,40,65
153,325,448,40,65
154,315,449,40,65
155,304,450,40,65
156,293,451,40,65
157,282,452,40,65
158,271,453,40,65
159,260,454,40,65
160,249,454,40,65
161,237,455,40,65
162,227,455,40,65
163,216,455,40,65
164,205,456,40,65
165,194,457,40,65
166,184,458,40,65
167,173,460,40,65
168,165,464,40,65
169,155,467,40,65
170,144,470,40,65
171,136,473,40,65
172,126,476,40,65
173,116,479,40,65
174,106,482,40,65
175,96,485,40,65
176,86,488,40,65
177,76,491,40,65
178,66,493,40,65
179,56,496,40,65
180,47,499,40,65
181,39,501,40,65
182,29,503,40,65
183,20,505,40,65
184,12,507,40,65
185,5,509,40,65
186,0,510,40,65
187,106,505,40,65
188,97,507,40,65
189,89,508,40,65
190,82,509,40,65
191,75,510,40,65
192,69,511,40,65
193,63,512,40,65
194,58,513,40,65
195,53,514,40,65
196,49,515,40,65
197,44,516,40,65
198,40,517,40,65
199,36,518,40,65
200,32,519,40,65
201,28,519,40,65
202,24,519,40,65
203,20,519,40,65
204,16,519,40,65
205,12,519,40,65
206,8,519,40,65
207,4,519,40,65
208,0,519,40,65
209,0,519,40,65
210,0,520,40,65
211,0,521,40,65
212,0,521,40,65
213,0,521,40,65
214,0,522,40,65
215,0,523,40,65
216,0,524,40,65
217,0,525,40,65
218,0,526,40,65
219,0,527,40,65
220,0,528,40,65
221,0,529,40,65
222,0,530,40,65
223,0,531,40,65
224,0,532,40,65
225,0,533,40,65
226,0,534,40,65
227,0,535,40,65
228,0,536,40,65
229,0,537,40,65
230,0,538,40,65
231,0,539,40,65
232,0,540,40,65
233,0,541,40,65
234,0,542,40,65
235,0,543,40,65
236,0,544,40,65
237,0,545,40,65
238,0,546,40,65
239,0,547,40,65
240,0,547,40,65
241,0,548,40,65
242,0,549,40,65
243,0,550,40,65
244,0,551,40,65
245,0,552,40,65
246,0,553,40,65
247,0,554,40,65
248,0,555,40,65
249,0,556,40,65
250,0,557,40,65
251,0,557,40,65
252,0,557,40,65
253,0,557,40,65
