10-LowContrast 11
421,524,291,36,47
422,525,291,36,47
423,527,292,36,47
424,528,293,36,47
425,528,293,36,47
426,528,293,36,47
427,527,293,36,47
428,528,294,36,47
429,530,295,36,47
430,531,296,36,47
431,532,298,36,47
432,532,298,36,47
433,534,298,36,47
434,536,298,36,47
435,537,299,36,47
436,537,299,36,47
437,537,300,36,47
438,537,300,36,47
439,538,301,36,47
440,539,302,36,47
441,539,303,36,47
442,539,303,36,47
443,539,304,36,47
444,539,304,36,47
445,541,306,36,47
446,543,307,36,47
447,543,307,36,47
448,543,308,36,47
449,543,308,36,47
450,543,308,36,47
451,544,308,36,47
452,544,308,36,47
453,544,308,36,47
454,545,307,36,47
455,546,306,36,47
456,546,306,36,47
457,547,307,36,47
458,548,307,36,47
459,549,307,36,47
460,551,308,36,47
461,553,309,36,47
462,553,309,36,47
463,555,309,36,47
464,557,309,36,47
465,559,310,36,47
466,561,311,36,47
467,563,311,36,47
468,563,311,36,47
469,565,313,36,47
470,568,316,36,47
471,570,316,36,47
472,571,316,36,47
473,573,317,36,47
474,573,317,36,47
475,575,319,36,47
476,577,320,36,47
477,578,320,36,47
478,579,320,36,47
479,580,322,36,47
480,580,322,36,47
481,580,323,36,47
482,580,323,36,47
483,581,323,36,47
484,582,325,36,47
485,584,327,36,47
486,584,327,36,47
487,585,327,36,47
488,586,327,36,47
489,586,328,36,47
490,588,330,36,47
491,589,330,36,47
492,589,330,36,47
493,589,330,36,47
494,589,332,36,47
495,590,334,36,47
496,591,335,36,47
497,591,335,36,47
498,591,335,36,47
499,591,336,36,47
500,591,338,36,47
501,592,338,36,47
502,593,339,36,47
503,593,341,36,47
504,593,341,36,47
505,593,342,36,47
506,592,341,36,47
507,591,341,36,47
508,587,340,36,47
509,587,339,36,47
510,587,339,36,47
511,586,338,36,47
512,583,336,36,47
513,580,335,36,47
514,577,332,36,47
515,576,329,36,47
516,576,329,36,47
517,574,327,36,47
518,571,326,36,47
519,569,324,36,47
520,567,321,36,47
521,565,318,36,47
522,565,318,36,47
523,563,317,36,47
524,561,315,36,47
525,560,312,36,47
526,560,310,36,47
527,558,308,36,47
528,558,308,36,47
529,556,305,36,47
530,555,301,36,47
531,553,298,36,47
532,550,296,36,47
533,547,293,36,47
534,547,293,36,47
535,546,289,36,47
536,544,285,36,47
537,541,283,36,47
538,539,279,36,47
539,537,276,36,47
540,537,276,36,47
541,536,273,36,47
542,534,271,36,47
543,532,268,36,47
544,529,264,36,47
545,527,260,36,47
546,527,260,36,47
547,526,258,36,47
548,524,255,36,47
549,521,250,36,47
550,519,247,36,47
551,519,245,36,47
552,519,245,36,47
553,518,242,36,47
554,516,239,36,47
555,514,235,36,47
556,513,231,36,47
557,512,227,36,47
558,512,227,36,47
559,510,223,36,47
560,508,218,36,47
561,506,214,36,47
562,504,210,36,47
563,503,206,36,47
564,503,206,36,47
565,502,202,36,47
566,502,200,36,47
567,502,197,36,47
568,502,194,36,47
569,501,190,36,47
570,501,190,36,47
571,502,187,36,47
572,504,185,36,47
573,505,182,36,47
574,506,179,36,47
575,507,176,36,47
576,507,176,36,47
577,509,175,36,47
578,510,173,36,47
579,512,169,36,47
580,513,164,36,47
581,514,161,36,47
582,514,161,36,47
583,516,159,36,47
584,517,156,36,47
585,518,153,36,47
586,518,149,36,47
587,519,146,36,47
588,519,146,36,47
589,521,144,36,47
590,522,142,36,47
591,522,137,36,47
592,522,133,36,47
593,520,130,36,47
594,520,130,36,47
595,518,126,36,47
596,516,122,36,47
597,512,118,36,47
598,510,113,36,47
599,509,110,36,47
600,509,110,36,47
601,506,109,36,47
602,502,105,36,47
603,500,101,36,47
604,497,97,36,47
605,493,95,36,47
606,493,95,36,47
607,491,91,36,47
608,490,88,36,47
609,487,85,36,47
610,483,82,36,47
611,480,79,36,47
612,480,79,36,47
613,480,76,36,47
614,480,73,36,47
615,477,71,36,47
616,473,68,36,47
617,470,65,36,47
618,470,65,36,47
619,468,62,36,47
620,466,58,36,47
621,463,56,36,47
622,460,54,36,47
623,458,52,36,47
624,458,52,36,47
625,457,49,36,47
626,454,48,36,47
627,452,47,36,47
628,451,44,36,47
629,450,43,36,47
630,450,43,36,47
631,449,42,36,47
632,447,41,36,47
633,444,40,36,47
634,442,40,36,47
635,441,39,36,47
636,441,39,36,47
637,440,37,36,47
638,438,36,36,47
639,438,34,36,47
640,439,32,36,47
641,440,31,36,47
642,440,31,36,47
643,440,30,36,47
644,440,28,36,47
645,440,25,36,47
646,440,22,36,47
647,439,20,36,47
648,439,20,36,47
649,438,18,36,47
650,439,15,36,47
651,439,13,36,47
652,438,11,36,47
653,437,9,36,47
654,437,9,36,47
655,437,6,36,47
656,436,5,36,47
657,436,5,36,47
658,436,5,36,47
659,436,3,36,47
660,436,3,36,47
661,435,1,36,47
662,432,1,36,47
663,431,0,36,47
664,430,0,36,47
665,430,0,36,47
666,428,0,36,47
667,423,0,36,47
668,420,0,36,47
669,420,0,36,47
670,418,0,36,47
671,418,0,36,47
672,414,0,36,47
673,413,0,36,47
674,410,0,36,47
675,408,0,36,47
676,406,0,36,47
677,406,0,36,47
678,405,0,36,47
679,403,0,36,47
680,401,0,36,47
681,398,0,36,47
682,397,0,36,47
683,397,0,36,47
684,397,0,36,47
685,396,0,36,47
686,396,0,36,47
687,395,0,36,47
688,393,0,36,47
689,393,0,36,47
690,392,0,36,47
691,390,0,36,47
