11-Occlusion 8
31,490,415,55,47
32,486,399,55,47
33,487,387,55,47
34,487,378,55,47
35,488,371,55,47
36,489,367,55,47
37,490,366,55,47
38,491,368,55,47
39,492,373,55,47
40,493,380,55,47
41,493,389,55,47
42,495,402,55,47
43,488,419,55,47
44,494,417,55,47
45,507,396,55,47
46,496,373,55,47
47,499,356,55,47
48,499,340,55,47
49,498,333,55,47
50,498,329,55,47
51,495,324,55,47
52,482,305,55,47
53,480,306,55,47
54,483,308,55,47
55,486,312,55,47
56,496,327,55,47
57,480,336,55,47
58,466,336,55,47
59,483,315,55,47
60,506,305,55,47
61,487,306,55,47
62,490,302,55,47
63,491,300,55,47
64,491,299,55,47
65,492,303,55,47
66,496,312,55,47
67,502,311,55,47
68,532,345,55,47
69,533,338,55,47
70,534,333,55,47
71,536,331,55,47
72,538,332,55,47
73,541,334,55,47
74,543,339,55,47
75,543,347,55,47
76,544,358,55,47
77,549,374,55,47
78,434,194,55,47
79,439,199,55,47
80,441,208,55,47
81,439,222,55,47
82,437,238,55,47
83,437,258,55,47
84,437,271,55,47
85,435,269,55,47
86,434,260,55,47
87,432,252,55,47
88,431,244,55,47
89,431,238,55,47
90,429,240,55,47
91,427,245,55,47
92,426,248,55,47
93,425,249,55,47
94,425,249,55,47
95,425,249,55,47
96,425,250,55,47
97,425,252,55,47
98,425,254,55,47
99,424,257,55,47
100,423,259,55,47
101,422,260,55,47
102,420,260,55,47
103,417,257,55,47
104,411,252,55,47
105,406,246,55,47
106,371,258,55,47
107,372,247,55,47
108,378,238,55,47
109,385,231,55,47
110,387,235,55,47
111,389,250,55,47
112,388,265,55,47
113,382,277,55,47
114,372,284,55,47
115,360,284,55,47
116,347,285,55,47
117,333,290,55,47
118,323,292,55,47
119,316,292,55,47
120,313,291,55,47
121,314,291,55,47
122,321,290,55,47
123,334,287,55,47
124,346,279,55,47
125,349,272,55,47
126,347,270,55,47
127,342,270,55,47
128,336,270,55,47
129,332,268,55,47
130,329,266,55,47
131,328,264,55,47
132,329,262,55,47
133,331,262,55,47
134,334,263,55,47
135,337,265,55,47
