11-Occlusion 10
830,4,409,32,67
831,7,409,32,67
832,9,408,32,67
833,12,407,32,67
834,15,407,32,67
835,18,407,32,67
836,21,407,32,67
837,24,408,32,67
838,27,409,32,67
839,30,410,32,67
840,33,410,32,67
841,36,410,32,67
842,39,410,32,67
843,42,410,32,67
844,45,410,32,67
845,48,410,32,67
846,51,409,32,67
847,54,409,32,67
848,57,409,32,67
849,60,409,32,67
850,63,410,32,67
851,66,411,32,67
852,69,411,32,67
853,72,411,32,67
854,76,411,32,67
855,80,411,32,67
856,83,411,32,67
857,86,411,32,67
858,88,410,32,67
859,91,409,32,67
860,94,409,32,67
861,97,409,32,67
862,100,409,32,67
863,103,410,32,67
864,106,411,32,67
865,109,411,32,67
866,112,412,32,67
867,116,412,32,67
868,119,412,32,67
869,122,412,32,67
870,125,412,32,67
871,128,411,32,67
872,131,410,32,67
873,134,409,32,67
874,137,409,32,67
875,140,409,32,67
876,143,410,32,67
877,146,411,32,67
878,149,411,32,67
879,153,411,32,67
880,157,411,32,67
881,160,411,32,67
882,163,411,32,67
883,166,410,32,67
884,169,409,32,67
885,172,409,32,67
886,175,409,32,67
887,177,409,32,67
888,180,409,32,67
889,183,410,32,67
890,186,411,32,67
891,189,412,32,67
892,192,412,32,67
893,196,412,32,67
894,199,412,32,67
895,202,412,32,67
896,205,412,32,67
897,208,412,32,67
898,211,412,32,67
899,214,412,32,67
900,217,412,32,67
901,220,413,32,67
902,223,414,32,67
903,226,415,32,67
904,229,415,32,67
905,233,415,32,67
906,237,415,32,67
907,240,415,32,67
908,243,415,32,67
909,246,414,32,67
910,249,413,32,67
911,252,413,32,67
912,255,413,32,67
913,257,413,32,67
914,260,414,32,67
915,263,415,32,67
916,266,416,32,67
917,269,417,32,67
918,272,417,32,67
919,275,417,32,67
920,278,417,32,67
921,281,416,32,67
922,284,415,32,67
923,287,415,32,67
924,290,415,32,67
925,293,415,32,67
926,296,416,32,67
927,299,417,32,67
928,302,418,32,67
929,305,419,32,67
930,308,420,32,67
931,311,420,32,67
932,314,420,32,67
933,317,420,32,67
934,320,420,32,67
935,323,420,32,67
936,326,419,32,67
937,329,419,32,67
938,331,419,32,67
939,334,420,32,67
940,337,420,32,67
941,340,421,32,67
942,343,422,32,67
943,346,422,32,67
944,349,422,32,67
945,352,422,32,67
946,355,422,32,67
947,358,421,32,67
948,361,421,32,67
949,364,421,32,67
950,367,421,32,67
951,370,421,32,67
952,373,422,32,67
953,376,423,32,67
954,379,423,32,67
955,382,424,32,67
956,385,425,32,67
957,388,425,32,67
958,391,426,32,67
959,394,426,32,67
960,397,426,32,67
961,400,425,32,67
962,403,424,32,67
963,406,424,32,67
964,409,424,32,67
965,412,424,32,67
966,415,425,32,67
967,418,426,32,67
968,421,427,32,67
969,425,427,32,67
970,428,427,32,67
971,431,427,32,67
972,434,427,32,67
973,436,427,32,67
974,438,427,32,67
975,440,427,32,67
976,443,427,32,67
977,445,427,32,67
978,447,427,32,67
979,449,427,32,67
980,451,427,32,67
981,453,427,32,67
982,455,426,32,67
983,457,425,32,67
984,458,424,32,67
985,459,424,32,67
986,461,424,32,67
987,463,424,32,67
988,464,424,32,67
989,465,424,32,67
990,466,425,32,67
991,467,425,32,67
992,468,425,32,67
993,469,425,32,67
994,470,424,32,67
995,470,424,32,67
996,471,424,32,67
997,472,424,32,67
998,473,424,32,67
999,474,424,32,67
1000,475,424,32,67
1001,477,424,32,67
1002,478,424,32,67
1003,479,424,32,67
1004,480,424,32,67
1005,481,424,32,67
1006,482,424,32,67
1007,483,424,32,67
1008,484,424,32,67
1009,485,424,32,67
1010,486,424,32,67
1011,487,424,32,67
1012,487,424,32,67
1013,487,424,32,67
1014,487,424,32,67
1015,487,424,32,67
1016,487,424,32,67
1017,487,424,32,67
1018,487,424,32,67
1019,487,424,32,67
1020,487,424,32,67
1021,487,424,32,67
1022,487,424,32,67
1023,487,424,32,67
1024,487,424,32,67
1025,487,424,32,67
1026,487,424,32,67
1027,487,424,32,67
1028,487,424,32,67
1029,487,424,32,67
1030,487,424,32,67
1031,487,424,32,67
1032,487,424,32,67
1033,487,424,32,67
1034,487,424,32,67
1035,487,424,32,67
1036,487,424,32,67
1037,487,424,32,67
1038,487,424,32,67
1039,487,424,32,67
1040,487,424,32,67
1041,487,424,32,67
1042,487,424,32,67
1043,487,424,32,67
1044,487,424,32,67
1045,487,424,32,67
1046,487,424,32,67
1047,487,424,32,67
1048,487,424,32,67
1049,487,424,32,67
1050,487,424,32,67
1051,487,424,32,67
1052,487,424,32,67
1053,487,424,32,67
1054,487,424,32,67
1055,487,424,32,67
1056,487,424,32,67
1057,487,424,32,67
1058,487,424,32,67
1059,487,424,32,67
1060,487,424,32,67
1061,487,424,32,67
1062,487,424,32,67
1063,487,424,32,67
1064,487,424,32,67
1065,487,424,32,67
1066,487,424,32,67
1067,487,424,32,67
1068,487,424,32,67
1069,487,424,32,67
1070,487,424,32,67
1071,487,424,32,67
1072,487,424,32,67
1073,487,424,32,67
1074,487,424,32,67
1075,487,424,32,67
1076,487,424,32,67
1077,487,424,32,67
1078,487,424,32,67
1079,487,424,32,67
1080,487,424,32,67
1081,487,424,32,67
1082,487,424,32,67
1083,487,424,32,67
1084,487,424,32,67
1085,487,424,32,67
1086,487,424,32,67
1087,487,424,32,67
1088,487,424,32,67
1089,487,424,32,67
1090,487,424,32,67
