11-Occlusion 3
1,1313,548,83,90
2,1307,558,83,90
3,1291,559,83,90
4,1265,552,83,90
5,1235,544,83,90
6,1204,531,83,90
7,1172,518,83,90
8,1133,513,83,90
9,1100,507,83,90
10,1071,494,83,90
11,1068,469,83,90
12,1076,451,83,90
13,1094,436,83,90
14,1113,423,83,90
15,1136,412,83,90
16,1154,398,83,90
17,1185,372,83,90
18,1586,229,83,90
19,1628,223,83,90
20,1614,240,83,90
21,1651,237,83,90
22,1677,242,83,90
23,1562,336,83,90
24,1698,329,83,90
25,1719,346,83,90
26,554,60,83,90
27,626,68,83,90
28,695,71,83,90
29,778,74,83,90
30,861,83,83,90
31,876,135,83,90
32,960,134,83,90
33,1039,134,83,90
34,1113,141,83,90
35,1066,241,83,90
36,1165,255,83,90
37,1393,176,83,90
38,1481,183,83,90
39,1464,274,83,90
40,1494,340,83,90
41,1471,460,83,90
42,220,279,83,90
43,348,292,83,90
44,447,301,83,90
45,550,308,83,90
46,639,313,83,90
47,716,319,83,90
48,836,322,83,90
49,957,325,83,90
50,1076,326,83,90
51,1186,338,83,90
52,1267,352,83,90
53,1386,371,83,90
54,1473,404,83,90
55,1497,443,83,90
56,1759,471,83,90
57,1721,558,83,90
58,1778,599,83,90
59,1773,647,83,90
60,1836,679,83,90
61,1581,644,83,90
62,462,297,83,90
63,579,338,83,90
64,665,373,83,90
65,457,909,83,90
66,1186,866,83,90
67,1253,29,83,90
68,1237,23,83,90
69,546,286,83,90
70,636,300,83,90
71,712,305,83,90
72,803,306,83,90
73,873,309,83,90
74,954,313,83,90
75,999,314,83,90
76,1716,467,83,90
77,775,871,83,90
78,822,870,83,90
79,865,871,83,90
80,912,875,83,90
81,955,880,83,90
82,1008,888,83,90
83,1063,897,83,90
84,1119,902,83,90
85,1180,908,83,90
86,1249,913,83,90
87,1325,917,83,90
88,1399,920,83,90
89,1469,921,83,90
90,1527,924,83,90
91,830,907,83,90
92,908,904,83,90
93,992,895,83,90
94,1073,887,83,90
95,1188,869,83,90
96,1206,880,83,90
97,1290,841,83,90
98,1262,822,83,90
99,1815,911,83,90
100,1818,856,83,90
101,1819,807,83,90
102,1825,762,83,90
103,1765,696,83,90
104,1774,655,83,90
105,1779,633,83,90
106,1796,608,83,90
107,1799,584,83,90
108,269,898,83,90
109,379,865,83,90
110,482,836,83,90
111,533,807,83,90
112,627,778,83,90
113,781,735,83,90
114,939,693,83,90
115,946,648,83,90
116,1021,607,83,90
