11-Occlusion 31
20,231,318,137,118
21,228,315,137,118
22,230,313,137,118
23,234,310,137,118
24,232,306,137,118
25,221,305,137,118
26,212,302,137,118
27,201,303,137,118
28,189,301,137,118
29,178,299,137,118
30,168,300,137,118
31,160,298,137,118
32,152,296,137,118
33,142,297,137,118
34,135,294,137,118
35,130,295,137,118
36,124,290,137,118
37,120,287,137,118
38,121,285,137,118
39,121,279,137,118
40,121,275,137,118
41,122,269,137,118
42,119,265,137,118
43,113,262,137,118
44,114,257,137,118
45,115,254,137,118
46,112,247,137,118
47,113,241,137,118
48,120,236,137,118
49,128,228,137,118
50,1011,266,137,118
51,939,259,137,118
52,878,254,137,118
53,340,245,137,118
54,289,239,137,118
55,274,235,137,118
56,289,231,137,118
57,244,227,137,118
58,226,221,137,118
59,203,218,137,118
60,264,214,137,118
61,180,210,137,118
62,142,197,137,118
63,142,197,137,118
64,142,197,137,118
65,125,178,137,118
66,125,178,137,118
67,125,178,137,118
68,33,158,137,118
69,33,158,137,118
70,33,158,137,118
71,196,0,137,118
72,217,4,137,118
73,177,7,137,118
74,141,13,137,118
75,116,13,137,118
76,84,4,137,118
77,55,10,137,118
78,34,3,137,118
79,15,3,137,118
80,0,1,137,118
81,185,3,137,118
82,159,0,137,118
83,132,0,137,118
84,114,1,137,118
85,90,0,137,118
86,69,0,137,118
87,50,0,137,118
88,32,0,137,118
89,17,1,137,118
90,4,7,137,118
91,0,16,137,118
92,0,20,137,118
93,0,29,137,118
94,0,39,137,118
95,0,50,137,118
96,0,58,137,118
97,0,67,137,118
98,924,256,137,118
99,901,256,137,118
100,879,256,137,118
101,857,256,137,118
102,835,256,137,118
103,815,259,137,118
104,799,260,137,118
105,785,261,137,118
106,773,262,137,118
107,760,263,137,118
108,749,269,137,118
109,740,272,137,118
110,730,275,137,118
111,722,278,137,118
112,713,283,137,118
113,707,286,137,118
114,702,285,137,118
115,696,286,137,118
116,690,290,137,118
117,683,294,137,118
118,676,298,137,118
119,668,302,137,118
120,659,306,137,118
121,650,310,137,118
122,640,313,137,118
123,629,318,137,118
124,618,323,137,118
125,607,326,137,118
126,596,329,137,118
127,585,332,137,118
128,576,334,137,118
129,566,336,137,118
130,555,339,137,118
131,545,341,137,118
132,536,343,137,118
133,527,344,137,118
134,516,346,137,118
135,506,347,137,118
136,496,349,137,118
137,488,350,137,118
138,480,352,137,118
139,472,354,137,118
140,463,354,137,118
141,457,353,137,118
142,451,352,137,118
143,446,352,137,118
144,442,349,137,118
