11-Occlusion 7
49,705,522,81,81
50,704,522,81,81
51,702,522,81,81
52,701,521,81,81
53,700,520,81,81
54,700,519,81,81
55,700,519,81,81
56,700,518,81,81
57,700,518,81,81
58,699,518,81,81
59,697,517,81,81
60,693,516,81,81
61,693,516,81,81
62,689,515,81,81
63,685,515,81,81
64,682,513,81,81
65,589,521,81,81
66,490,583,81,81
67,490,583,81,81
68,396,593,81,81
69,311,601,81,81
70,206,608,81,81
71,165,623,81,81
72,227,546,81,81
73,227,546,81,81
74,541,599,81,81
75,529,598,81,81
76,444,610,81,81
77,544,594,81,81
78,494,588,81,81
79,494,588,81,81
80,623,597,81,81
81,583,602,81,81
82,560,614,81,81
83,486,627,81,81
84,432,638,81,81
85,432,638,81,81
86,498,635,81,81
87,443,646,81,81
88,409,655,81,81
89,481,648,81,81
90,427,660,81,81
91,427,660,81,81
92,566,274,81,81
93,495,291,81,81
94,472,280,81,81
95,444,340,81,81
96,1441,430,81,81
97,1441,430,81,81
98,1410,429,81,81
99,1405,421,81,81
100,1409,410,81,81
101,1317,426,81,81
102,1229,441,81,81
103,1229,441,81,81
104,1136,457,81,81
105,1051,470,81,81
106,949,488,81,81
107,1007,458,81,81
108,1025,442,81,81
109,1025,442,81,81
110,1017,434,81,81
111,971,439,81,81
112,943,437,81,81
113,958,416,81,81
114,871,435,81,81
115,871,435,81,81
116,762,462,81,81
117,1132,338,81,81
118,1045,358,81,81
119,951,383,81,81
120,845,411,81,81
121,845,411,81,81
122,721,445,81,81
123,620,476,81,81
124,576,488,81,81
125,455,527,81,81
126,1029,335,81,81
127,1029,335,81,81
128,967,363,81,81
129,887,399,81,81
130,783,442,81,81
131,702,482,81,81
132,648,517,81,81
133,648,517,81,81
134,653,530,81,81
135,629,550,81,81
136,640,558,81,81
137,638,569,81,81
138,648,576,81,81
139,645,577,81,81
140,653,587,81,81
141,640,605,81,81
142,515,659,81,81
143,488,679,81,81
144,486,689,81,81
145,486,689,81,81
146,489,697,81,81
147,468,712,81,81
148,550,692,81,81
149,540,699,81,81
150,539,703,81,81
151,539,703,81,81
152,529,707,81,81
153,527,707,81,81
154,523,707,81,81
155,489,718,81,81
156,320,771,81,81
157,320,771,81,81
158,281,782,81,81
159,242,738,81,81
160,256,383,81,81
161,261,357,81,81
162,310,369,81,81
163,310,369,81,81
164,1641,53,81,81
165,1554,74,81,81
166,1463,100,81,81
167,1360,120,81,81
168,1260,145,81,81
169,1260,145,81,81
170,1163,163,81,81
171,1061,189,81,81
172,964,211,81,81
173,866,234,81,81
174,765,254,81,81
175,766,254,81,81
176,667,274,81,81
177,568,294,81,81
178,478,314,81,81
179,378,339,81,81
180,43,774,81,81
181,43,774,81,81
182,174,761,81,81
183,233,734,81,81
184,225,747,81,81
185,507,715,81,81
186,563,703,81,81
187,564,703,81,81
188,600,696,81,81
189,543,711,81,81
190,477,728,81,81
191,424,742,81,81
192,431,742,81,81
193,431,742,81,81
194,497,728,81,81
195,447,743,81,81
196,472,740,81,81
197,404,759,81,81
198,277,792,81,81
199,277,792,81,81
200,213,811,81,81
201,206,816,81,81
202,180,825,81,81
203,167,831,81,81
204,163,835,81,81
205,163,835,81,81
206,155,840,81,81
207,205,832,81,81
208,193,839,81,81
209,193,843,81,81
210,259,831,81,81
211,262,830,81,81
212,263,834,81,81
213,240,843,81,81
214,204,854,81,81
215,171,863,81,81
216,254,844,81,81
217,254,844,81,81
218,326,830,81,81
219,271,845,81,81
220,280,845,81,81
221,223,860,81,81
222,205,866,81,81
223,205,866,81,81
224,1320,508,81,81
225,1245,528,81,81
226,1237,517,81,81
227,1185,527,81,81
228,1101,551,81,81
229,1101,551,81,81
230,1050,559,81,81
231,982,575,81,81
232,897,598,81,81
233,831,613,81,81
234,753,635,81,81
235,753,635,81,81
236,720,636,81,81
237,666,646,81,81
238,674,630,81,81
239,670,620,81,81
240,610,637,81,81
241,692,583,81,81
242,692,583,81,81
243,614,611,81,81
244,634,593,81,81
245,645,581,81,81
246,616,592,81,81
247,547,624,81,81
248,547,624,81,81
249,489,652,81,81
250,644,588,81,81
251,636,598,81,81
252,512,657,81,81
253,489,671,81,81
254,489,671,81,81
255,464,686,81,81
256,452,694,81,81
257,443,701,81,81
258,473,693,81,81
259,511,684,81,81
260,511,684,81,81
261,503,691,81,81
262,459,711,81,81
263,537,673,81,81
264,478,685,81,81
265,504,669,81,81
266,505,668,81,81
267,453,683,81,81
268,267,744,81,81
269,504,670,81,81
270,577,643,81,81
271,507,654,81,81
272,507,654,81,81
273,428,669,81,81
274,380,667,81,81
275,280,688,81,81
276,285,676,81,81
277,966,535,81,81
278,966,535,81,81
279,907,548,81,81
280,845,560,81,81
281,791,570,81,81
282,729,580,81,81
283,660,589,81,81
284,660,589,81,81
285,662,586,81,81
286,582,595,81,81
287,531,601,81,81
288,485,601,81,81
289,440,599,81,81
290,439,599,81,81
291,371,601,81,81
292,438,579,81,81
293,417,574,81,81
294,464,561,81,81
295,463,560,81,81
296,463,560,81,81
297,445,555,81,81
298,475,550,81,81
299,392,552,81,81
300,357,550,81,81
301,278,551,81,81
302,278,551,81,81
303,242,548,81,81
304,289,541,81,81
305,312,536,81,81
306,348,536,81,81
307,381,535,81,81
308,381,535,81,81
309,628,527,81,81
310,350,535,81,81
311,400,533,81,81
312,406,534,81,81
313,352,535,81,81
314,352,535,81,81
315,298,534,81,81
316,256,532,81,81
317,192,532,81,81
318,236,546,81,81
319,390,545,81,81
320,390,545,81,81
321,345,546,81,81
322,1636,528,81,81
323,1593,533,81,81
324,1552,538,81,81
325,1511,543,81,81
326,1511,543,81,81
327,1468,547,81,81
328,1423,551,81,81
329,1376,556,81,81
330,1331,561,81,81
331,1293,564,81,81
332,1293,564,81,81
333,1252,564,81,81
334,1203,565,81,81
335,1154,566,81,81
336,1096,565,81,81
337,1049,565,81,81
338,1049,565,81,81
339,1008,564,81,81
340,957,561,81,81
341,922,558,81,81
342,869,554,81,81
343,812,548,81,81
344,813,548,81,81
345,751,540,81,81
346,691,531,81,81
347,639,524,81,81
348,574,513,81,81
349,676,515,81,81
350,677,515,81,81
351,619,506,81,81
352,554,499,81,81
353,487,490,81,81
354,518,488,81,81
355,455,479,81,81
356,455,479,81,81
357,437,474,81,81
358,389,466,81,81
359,343,463,81,81
360,407,460,81,81
361,355,452,81,81
362,355,452,81,81
363,456,467,81,81
364,411,462,81,81
365,426,463,81,81
366,445,469,81,81
367,395,466,81,81
368,395,466,81,81
369,337,462,81,81
370,293,464,81,81
371,225,460,81,81
372,174,460,81,81
373,368,491,81,81
374,368,491,81,81
375,321,493,81,81
376,273,494,81,81
377,230,497,81,81
378,202,503,81,81
379,162,509,81,81
380,162,509,81,81
381,120,514,81,81
382,494,555,81,81
383,455,561,81,81
384,404,568,81,81
385,389,577,81,81
386,389,577,81,81
387,349,582,81,81
388,477,586,81,81
389,426,585,81,81
390,378,587,81,81
391,329,585,81,81
392,329,585,81,81
393,308,583,81,81
394,502,594,81,81
395,442,587,81,81
396,403,579,81,81
397,436,577,81,81
398,436,577,81,81
399,377,568,81,81
400,315,560,81,81
401,304,548,81,81
402,258,539,81,81
403,472,547,81,81
404,473,547,81,81
405,435,539,81,81
406,372,532,81,81
407,466,530,81,81
408,427,522,81,81
409,388,514,81,81
410,388,514,81,81
411,353,508,81,81
412,318,503,81,81
413,928,578,81,81
414,922,577,81,81
415,858,566,81,81
416,858,566,81,81
417,818,561,81,81
418,764,552,81,81
419,712,545,81,81
420,661,540,81,81
421,616,538,81,81
422,616,538,81,81
423,580,539,81,81
424,544,542,81,81
425,512,547,81,81
426,544,564,81,81
427,517,571,81,81
428,517,571,81,81
429,486,575,81,81
430,447,578,81,81
431,417,583,81,81
432,435,587,81,81
433,470,598,81,81
434,470,598,81,81
435,449,601,81,81
436,445,605,81,81
437,456,608,81,81
438,469,615,81,81
439,489,623,81,81
440,509,630,81,81
441,509,630,81,81
442,501,634,81,81
443,520,643,81,81
444,538,650,81,81
445,498,653,81,81
446,510,659,81,81
447,510,659,81,81
448,521,664,81,81
449,531,669,81,81
450,535,674,81,81
451,489,674,81,81
452,438,672,81,81
453,438,672,81,81
454,466,675,81,81
455,419,675,81,81
456,374,676,81,81
457,342,678,81,81
458,367,684,81,81
459,367,684,81,81
460,309,684,81,81
461,269,686,81,81
462,245,689,81,81
463,372,699,81,81
464,395,704,81,81
465,394,704,81,81
466,413,708,81,81
467,367,710,81,81
468,307,711,81,81
469,329,717,81,81
470,290,719,81,81
471,290,719,81,81
472,224,720,81,81
473,187,724,81,81
474,144,725,81,81
475,292,727,81,81
476,260,728,81,81
477,260,728,81,81
478,240,728,81,81
479,1576,744,81,81
480,1527,740,81,81
481,1481,737,81,81
482,1434,734,81,81
483,1434,734,81,81
484,1386,733,81,81
485,1332,731,81,81
486,1274,729,81,81
487,1210,727,81,81
488,1140,726,81,81
489,1140,726,81,81
490,1068,725,81,81
491,991,724,81,81
492,917,724,81,81
493,872,723,81,81
494,803,724,81,81
495,803,724,81,81
496,741,723,81,81
497,663,722,81,81
498,583,720,81,81
499,514,719,81,81
500,438,718,81,81
501,438,718,81,81
502,515,696,81,81
503,432,696,81,81
504,579,705,81,81
505,498,706,81,81
506,463,705,81,81
507,463,705,81,81
508,532,705,81,81
509,450,706,81,81
510,539,706,81,81
511,453,707,81,81
512,831,697,81,81
513,831,697,81,81
514,810,696,81,81
515,763,697,81,81
516,675,699,81,81
517,598,700,81,81
518,517,701,81,81
519,517,701,81,81
520,678,696,81,81
521,621,695,81,81
522,584,694,81,81
523,528,693,81,81
524,480,693,81,81
525,480,693,81,81
526,421,692,81,81
527,741,687,81,81
528,666,688,81,81
529,588,690,81,81
530,493,691,81,81
531,493,691,81,81
532,480,692,81,81
533,400,693,81,81
534,407,691,81,81
535,328,693,81,81
536,405,693,81,81
537,405,693,81,81
538,410,692,81,81
539,399,692,81,81
540,360,692,81,81
541,360,690,81,81
542,417,685,81,81
543,417,685,81,81
544,360,685,81,81
545,294,684,81,81
546,260,684,81,81
547,695,676,81,81
548,630,676,81,81
549,630,676,81,81
550,558,674,81,81
551,483,675,81,81
552,415,673,81,81
553,347,671,81,81
554,312,669,81,81
555,312,669,81,81
556,270,665,81,81
557,382,654,81,81
558,322,651,81,81
559,322,648,81,81
560,260,644,81,81
561,260,644,81,81
562,219,641,81,81
563,327,638,81,81
564,498,624,81,81
565,488,618,81,81
566,429,616,81,81
567,429,616,81,81
568,678,611,81,81
569,589,611,81,81
570,601,607,81,81
571,503,604,81,81
572,474,604,81,81
573,473,604,81,81
574,416,603,81,81
575,452,600,81,81
576,393,597,81,81
577,423,593,81,81
578,407,591,81,81
579,407,591,81,81
580,338,589,81,81
581,1352,581,81,81
582,1267,578,81,81
583,1180,576,81,81
584,1089,575,81,81
585,1088,575,81,81
586,1139,574,81,81
587,1053,574,81,81
588,1047,573,81,81
589,1048,573,81,81
590,1170,572,81,81
591,1169,572,81,81
592,1086,572,81,81
593,1072,570,81,81
594,1063,570,81,81
595,1115,569,81,81
596,1072,568,81,81
597,1072,568,81,81
598,1180,565,81,81
599,1168,562,81,81
600,1174,560,81,81
601,1085,559,81,81
602,875,560,81,81
603,875,560,81,81
604,788,558,81,81
605,693,555,81,81
606,687,552,81,81
