11-Occlusion 34
140,464,69,45,142
141,462,69,45,142
142,462,69,45,142
143,458,69,45,142
144,458,69,45,142
145,458,69,45,142
146,452,69,45,142
147,452,69,45,142
148,448,69,45,142
149,448,69,45,142
150,448,69,45,142
151,442,69,45,142
152,442,69,45,142
153,438,70,45,142
154,438,71,45,142
155,433,72,45,142
156,433,72,45,142
157,433,72,45,142
158,424,75,45,142
159,424,75,45,142
160,424,75,45,142
161,415,77,45,142
162,415,77,45,142
163,410,77,45,142
164,410,77,45,142
165,406,77,45,142
166,404,77,45,142
167,404,77,45,142
168,400,78,45,142
169,400,78,45,142
170,400,78,45,142
171,393,81,45,142
172,393,81,45,142
173,388,83,45,142
174,388,83,45,142
175,388,83,45,142
176,380,84,45,142
177,380,84,45,142
178,375,84,45,142
179,375,84,45,142
180,371,84,45,142
181,370,84,45,142
182,370,84,45,142
183,367,84,45,142
184,367,84,45,142
185,364,85,45,142
186,363,85,45,142
187,363,85,45,142
188,363,85,45,142
189,363,85,45,142
190,356,87,45,142
191,354,87,45,142
192,354,88,45,142
193,349,88,45,142
194,349,88,45,142
195,349,88,45,142
196,344,88,45,142
197,344,88,45,142
198,341,88,45,142
199,341,88,45,142
200,338,88,45,142
201,338,88,45,142
202,338,88,45,142
203,334,89,45,142
204,334,89,45,142
205,334,89,45,142
206,330,90,45,142
207,330,90,45,142
208,330,90,45,142
209,330,90,45,142
210,324,92,45,142
211,324,92,45,142
212,324,92,45,142
213,322,92,45,142
214,322,92,45,142
215,320,92,45,142
216,320,92,45,142
217,320,92,45,142
218,316,92,45,142
219,316,92,45,142
220,316,92,45,142
221,314,92,45,142
222,314,92,45,142
223,312,92,45,142
224,312,92,45,142
225,310,93,45,142
226,309,93,45,142
227,309,93,45,142
228,309,93,45,142
229,309,93,45,142
230,309,93,45,142
231,309,93,45,142
232,309,93,45,142
233,309,93,45,142
234,309,93,45,142
235,309,93,45,142
236,309,93,45,142
237,309,93,45,142
238,309,93,45,142
239,309,93,45,142
240,309,93,45,142
241,309,93,45,142
242,309,93,45,142
243,309,93,45,142
244,309,93,45,142
245,309,93,45,142
246,309,92,45,142
247,309,92,45,142
248,309,92,45,142
249,309,92,45,142
250,309,92,45,142
251,309,92,45,142
252,309,92,45,142
253,309,92,45,142
254,309,92,45,142
255,309,92,45,142
256,309,92,45,142
257,309,92,45,142
258,309,92,45,142
259,309,92,45,142
260,309,92,45,142
261,309,91,45,142
262,309,91,45,142
263,309,91,45,142
264,309,91,45,142
265,309,91,45,142
266,309,91,45,142
267,309,91,45,142
268,309,91,45,142
269,309,91,45,142
270,309,91,45,142
271,309,91,45,142
272,309,91,45,142
273,309,91,45,142
274,309,91,45,142
275,309,91,45,142
276,309,91,45,142
277,309,91,45,142
278,309,91,45,142
279,309,91,45,142
280,309,91,45,142
281,309,91,45,142
282,309,91,45,142
283,309,91,45,142
284,309,91,45,142
285,309,91,45,142
286,309,91,45,142
287,309,91,45,142
288,309,91,45,142
289,309,91,45,142
290,309,91,45,142
291,309,91,45,142
292,309,91,45,142
293,309,91,45,142
294,309,91,45,142
295,309,91,45,142
296,309,91,45,142
297,309,91,45,142
298,309,91,45,142
299,309,91,45,142
300,309,91,45,142
301,309,91,45,142
302,309,90,45,142
303,309,90,45,142
304,309,90,45,142
305,309,90,45,142
306,309,90,45,142
307,309,90,45,142
308,309,90,45,142
309,309,90,45,142
310,309,90,45,142
311,309,90,45,142
312,309,90,45,142
313,309,90,45,142
314,309,90,45,142
315,309,90,45,142
316,309,90,45,142
317,309,90,45,142
318,309,90,45,142
319,309,90,45,142
320,309,90,45,142
321,309,90,45,142
322,309,90,45,142
323,309,90,45,142
324,309,90,45,142
325,309,90,45,142
326,309,90,45,142
327,309,90,45,142
328,309,90,45,142
329,309,90,45,142
330,309,90,45,142
331,309,90,45,142
332,309,89,45,142
333,309,89,45,142
334,309,89,45,142
335,309,89,45,142
336,309,89,45,142
337,309,89,45,142
338,309,89,45,142
339,309,89,45,142
340,309,89,45,142
341,309,89,45,142
342,309,89,45,142
343,309,89,45,142
344,309,89,45,142
345,309,88,45,142
346,309,88,45,142
347,309,88,45,142
348,309,88,45,142
349,309,88,45,142
350,309,88,45,142
351,309,88,45,142
352,309,88,45,142
353,309,88,45,142
354,309,88,45,142
355,309,88,45,142
356,309,88,45,142
357,309,88,45,142
358,309,88,45,142
359,309,88,45,142
360,309,88,45,142
361,309,88,45,142
362,309,88,45,142
363,309,88,45,142
364,309,88,45,142
365,309,88,45,142
366,309,88,45,142
367,309,88,45,142
368,309,88,45,142
369,309,88,45,142
370,309,88,45,142
371,309,88,45,142
372,309,88,45,142
373,309,88,45,142
374,309,88,45,142
375,309,88,45,142
376,309,88,45,142
377,309,88,45,142
378,309,88,45,142
379,309,88,45,142
380,309,88,45,142
381,309,88,45,142
382,309,88,45,142
383,309,88,45,142
384,309,88,45,142
385,309,88,45,142
386,309,88,45,142
387,309,88,45,142
388,309,88,45,142
389,309,88,45,142
390,309,88,45,142
391,309,88,45,142
392,309,88,45,142
393,309,88,45,142
394,309,88,45,142
395,309,88,45,142
396,309,88,45,142
397,309,88,45,142
398,309,88,45,142
399,309,89,45,142
400,309,89,45,142
401,309,89,45,142
402,309,90,45,142
403,309,90,45,142
404,309,90,45,142
405,309,90,45,142
406,309,90,45,142
407,309,90,45,142
408,309,90,45,142
409,309,90,45,142
410,309,90,45,142
411,309,90,45,142
412,309,90,45,142
413,309,90,45,142
414,309,90,45,142
415,309,90,45,142
416,309,90,45,142
417,309,90,45,142
418,309,90,45,142
419,309,90,45,142
420,309,90,45,142
421,309,90,45,142
422,309,90,45,142
423,309,90,45,142
424,309,90,45,142
425,309,90,45,142
426,309,90,45,142
427,309,90,45,142
428,309,90,45,142
429,309,90,45,142
430,309,90,45,142
431,309,90,45,142
432,309,90,45,142
433,309,90,45,142
434,309,90,45,142
435,309,90,45,142
436,309,90,45,142
437,309,90,45,142
438,309,90,45,142
439,309,90,45,142
440,309,90,45,142
441,309,90,45,142
442,309,90,45,142
443,309,90,45,142
444,309,90,45,142
445,309,90,45,142
446,309,90,45,142
447,309,90,45,142
448,309,90,45,142
449,309,90,45,142
450,309,90,45,142
451,309,90,45,142
452,309,90,45,142
453,309,90,45,142
454,309,90,45,142
455,309,90,45,142
456,309,90,45,142
457,309,90,45,142
458,309,90,45,142
459,309,90,45,142
460,309,90,45,142
461,309,90,45,142
462,309,90,45,142
463,309,90,45,142
464,309,90,45,142
465,309,90,45,142
466,309,90,45,142
467,309,90,45,142
468,309,90,45,142
469,309,90,45,142
470,309,90,45,142
471,309,90,45,142
472,309,90,45,142
473,309,90,45,142
474,309,90,45,142
475,309,90,45,142
476,309,90,45,142
477,309,90,45,142
478,309,90,45,142
479,309,90,45,142
480,309,90,45,142
481,309,90,45,142
482,309,90,45,142
483,309,90,45,142
484,309,90,45,142
485,309,90,45,142
486,309,90,45,142
487,309,90,45,142
488,309,90,45,142
489,309,90,45,142
490,309,90,45,142
491,309,90,45,142
492,309,90,45,142
493,309,90,45,142
494,309,90,45,142
495,309,90,45,142
496,309,90,45,142
497,309,90,45,142
498,309,90,45,142
499,309,90,45,142
500,309,91,45,142
501,309,91,45,142
502,309,91,45,142
503,309,91,45,142
504,309,91,45,142
505,309,91,45,142
506,309,91,45,142
507,309,91,45,142
508,309,91,45,142
509,309,91,45,142
510,309,91,45,142
511,309,91,45,142
512,309,91,45,142
513,309,91,45,142
514,309,91,45,142
515,309,91,45,142
516,309,91,45,142
517,309,91,45,142
518,309,91,45,142
519,309,91,45,142
520,309,91,45,142
521,309,91,45,142
522,309,91,45,142
523,309,91,45,142
524,309,91,45,142
525,309,91,45,142
526,309,91,45,142
527,309,91,45,142
528,309,91,45,142
529,309,91,45,142
530,309,91,45,142
531,309,91,45,142
532,309,91,45,142
533,309,91,45,142
534,309,92,45,142
535,309,92,45,142
536,309,92,45,142
537,309,92,45,142
538,309,92,45,142
539,309,92,45,142
540,309,92,45,142
541,309,92,45,142
542,309,92,45,142
543,309,92,45,142
544,309,92,45,142
545,309,92,45,142
546,309,92,45,142
547,309,92,45,142
548,309,92,45,142
549,309,92,45,142
550,309,92,45,142
551,309,92,45,142
552,309,92,45,142
553,309,92,45,142
554,309,92,45,142
555,309,92,45,142
556,309,92,45,142
557,309,92,45,142
558,309,92,45,142
559,309,92,45,142
560,309,92,45,142
561,309,92,45,142
562,309,92,45,142
563,309,92,45,142
564,309,92,45,142
565,309,92,45,142
566,309,92,45,142
567,309,92,45,142
568,309,92,45,142
569,309,92,45,142
570,309,92,45,142
571,309,92,45,142
572,309,92,45,142
573,309,92,45,142
574,309,92,45,142
575,309,92,45,142
576,309,92,45,142
577,309,92,45,142
578,309,92,45,142
579,309,92,45,142
580,309,92,45,142
581,309,92,45,142
582,309,92,45,142
583,309,92,45,142
584,309,92,45,142
585,309,92,45,142
586,309,92,45,142
587,309,92,45,142
588,309,92,45,142
589,309,92,45,142
590,309,92,45,142
591,309,92,45,142
592,309,92,45,142
593,309,92,45,142
594,309,92,45,142
595,309,92,45,142
596,309,92,45,142
597,309,92,45,142
598,309,92,45,142
599,309,92,45,142
600,309,92,45,142
601,309,91,45,142
602,309,91,45,142
603,309,92,45,142
604,309,92,45,142
605,309,92,45,142
