12-MovingCamera 12
91,434,252,36,90
92,435,252,36,90
93,435,252,36,90
94,436,252,36,90
95,437,252,36,90
96,438,252,36,90
97,439,252,36,90
98,440,252,36,90
99,441,252,36,90
100,441,252,36,90
101,442,252,36,90
102,442,252,36,90
103,443,252,36,90
104,444,252,36,90
105,445,252,36,90
106,446,252,36,90
107,447,252,36,90
108,448,252,36,90
109,449,252,36,90
110,450,252,36,90
111,451,252,36,90
112,452,252,36,90
113,453,252,36,90
114,453,252,36,90
115,453,252,36,90
116,454,252,36,90
117,454,252,36,90
118,454,252,36,90
119,454,252,36,90
120,454,252,36,90
121,454,252,36,90
122,454,252,36,90
123,454,252,36,90
124,454,252,36,90
125,454,252,36,90
126,454,252,36,90
127,454,252,36,90
128,454,252,36,90
129,454,252,36,90
130,454,252,36,90
131,454,252,36,90
132,454,252,36,90
133,454,252,36,90
134,454,252,36,90
135,454,252,36,90
136,454,252,36,90
137,454,252,36,90
138,454,252,36,90
139,454,252,36,90
140,455,252,36,90
141,455,252,36,90
142,456,252,36,90
143,456,252,36,90
144,457,252,36,90
145,458,252,36,90
146,459,252,36,90
147,459,251,36,90
148,460,251,36,90
149,461,251,36,90
150,462,251,36,90
151,463,251,36,90
152,464,251,36,90
153,465,251,36,90
154,466,251,36,90
155,467,251,36,90
156,468,251,36,90
157,469,251,36,90
158,470,251,36,90
159,471,251,36,90
160,472,251,36,90
161,473,251,36,90
162,474,251,36,90
163,475,251,36,90
164,475,251,36,90
165,476,251,36,90
166,476,251,36,90
167,476,251,36,90
168,476,251,36,90
169,476,251,36,90
170,476,251,36,90
171,476,251,36,90
172,477,251,36,90
173,477,251,36,90
174,477,251,36,90
175,477,251,36,90
176,477,251,36,90
177,477,251,36,90
178,477,251,36,90
179,477,251,36,90
180,477,251,36,90
181,477,250,36,90
182,477,250,36,90
183,477,250,36,90
184,477,250,36,90
185,477,250,36,90
186,477,250,36,90
187,477,250,36,90
188,477,250,36,90
189,477,250,36,90
190,477,250,36,90
191,477,249,36,90
192,477,249,36,90
193,477,248,36,90
194,477,248,36,90
195,477,248,36,90
196,478,248,36,90
197,479,247,36,90
198,479,246,36,90
199,479,245,36,90
200,479,245,36,90
201,479,244,36,90
202,479,244,36,90
203,479,243,36,90
204,479,243,36,90
205,479,243,36,90
206,479,243,36,90
207,479,243,36,90
208,479,243,36,90
209,479,243,36,90
210,479,243,36,90
211,480,243,36,90
212,481,242,36,90
213,482,242,36,90
214,483,242,36,90
215,484,241,36,90
216,485,241,36,90
217,486,241,36,90
218,487,241,36,90
219,488,241,36,90
220,489,241,36,90
221,490,241,36,90
222,491,241,36,90
223,492,241,36,90
224,493,241,36,90
225,493,241,36,90
226,493,241,36,90
227,493,240,36,90
228,493,240,36,90
229,493,240,36,90
230,494,240,36,90
231,494,239,36,90
232,494,238,36,90
233,494,238,36,90
234,495,238,36,90
235,495,238,36,90
236,495,238,36,90
237,496,238,36,90
238,496,238,36,90
239,497,238,36,90
240,497,238,36,90
241,497,238,36,90
242,497,238,36,90
243,498,238,36,90
244,499,238,36,90
245,500,238,36,90
246,501,238,36,90
247,502,238,36,90
248,503,238,36,90
249,504,238,36,90
250,505,238,36,90
251,506,238,36,90
252,506,238,36,90
253,507,238,36,90
254,508,238,36,90
255,508,238,36,90
256,509,238,36,90
257,510,238,36,90
258,510,238,36,90
259,510,238,36,90
260,510,239,36,90
261,510,239,36,90
262,510,239,36,90
263,510,239,36,90
264,510,239,36,90
265,510,239,36,90
266,511,240,36,90
267,511,240,36,90
268,511,240,36,90
269,511,240,36,90
270,511,240,36,90
271,511,240,36,90
272,511,240,36,90
273,511,240,36,90
274,511,240,36,90
275,512,241,36,90
276,513,241,36,90
277,514,241,36,90
278,515,241,36,90
279,516,241,36,90
280,517,241,36,90
281,518,241,36,90
282,519,241,36,90
283,520,241,36,90
284,521,241,36,90
285,522,241,36,90
286,523,241,36,90
287,524,241,36,90
288,525,241,36,90
289,525,241,36,90
290,525,241,36,90
291,525,241,36,90
292,524,241,36,90
293,524,241,36,90
294,524,241,36,90
295,524,241,36,90
296,524,241,36,90
297,524,241,36,90
298,525,241,36,90
299,525,241,36,90
300,526,241,36,90
301,527,241,36,90
302,528,241,36,90
303,530,241,36,90
304,531,241,36,90
305,532,241,36,90
306,533,241,36,90
307,534,241,36,90
308,535,240,36,90
309,536,240,36,90
310,537,240,36,90
311,538,239,36,90
312,539,238,36,90
313,541,237,36,90
314,542,237,36,90
315,543,236,36,90
316,544,236,36,90
317,546,235,36,90
318,548,234,36,90
319,549,233,36,90
320,551,233,36,90
321,553,232,36,90
322,555,232,36,90
323,557,231,36,90
324,559,231,36,90
325,561,231,36,90
326,563,231,36,90
327,564,230,36,90
328,565,230,36,90
329,566,230,36,90
330,567,230,36,90
331,568,230,36,90
332,569,230,36,90
333,571,229,36,90
334,572,229,36,90
335,573,228,36,90
336,573,228,36,90
337,573,227,36,90
338,572,227,36,90
339,572,227,36,90
340,572,227,36,90
341,572,227,36,90
342,572,226,36,90
343,572,226,36,90
344,571,226,36,90
345,571,226,36,90
346,571,226,36,90
347,571,225,36,90
348,571,225,36,90
349,571,225,36,90
350,571,225,36,90
351,571,225,36,90
352,572,225,36,90
353,573,225,36,90
354,574,225,36,90
355,575,224,36,90
356,576,224,36,90
357,577,223,36,90
358,579,222,36,90
359,581,221,36,90
360,583,220,36,90
