12-MovingCamera 19
4,118,101,32,30
5,119,101,32,30
6,120,102,32,30
7,121,103,32,30
8,122,103,32,30
9,123,104,32,30
10,124,105,32,30
11,124,106,32,30
12,123,107,32,30
13,123,107,32,30
14,122,107,32,30
15,122,107,32,30
16,123,107,32,30
17,124,108,32,30
18,125,109,32,30
19,125,109,32,30
20,126,110,32,30
21,128,111,32,30
22,128,111,32,30
23,128,111,32,30
24,129,110,32,30
25,130,108,32,30
26,131,107,32,30
27,132,108,32,30
28,133,110,32,30
29,134,113,32,30
30,134,115,32,30
31,133,116,32,30
32,132,114,32,30
33,133,111,32,30
34,136,110,32,30
35,139,111,32,30
36,142,114,32,30
37,142,114,32,30
38,144,117,32,30
39,145,121,32,30
40,144,124,32,30
41,142,125,32,30
42,140,125,32,30
43,139,125,32,30
44,138,126,32,30
45,137,126,32,30
46,136,126,32,30
47,134,126,32,30
48,132,126,32,30
49,131,125,32,30
50,131,125,32,30
51,131,125,32,30
52,131,125,32,30
53,130,125,32,30
54,128,126,32,30
55,126,127,32,30
56,126,127,32,30
57,126,125,32,30
58,126,123,32,30
59,125,121,32,30
60,124,120,32,30
61,124,120,32,30
62,124,119,32,30
63,123,117,32,30
64,122,114,32,30
65,121,111,32,30
66,121,109,32,30
67,121,107,32,30
68,125,104,32,30
69,128,103,32,30
70,130,102,32,30
71,131,102,32,30
72,132,102,32,30
73,133,101,32,30
74,134,98,32,30
75,135,97,32,30
76,136,97,32,30
77,136,97,32,30
78,136,98,32,30
79,136,99,32,30
80,137,99,32,30
81,139,100,32,30
82,141,100,32,30
83,143,100,32,30
84,144,101,32,30
85,144,101,32,30
86,145,102,32,30
87,147,102,32,30
88,149,100,32,30
89,151,98,32,30
90,153,96,32,30
91,154,94,32,30
92,155,92,32,30
93,158,90,32,30
94,159,88,32,30
95,159,87,32,30
96,157,87,32,30
97,154,88,32,30
98,152,90,32,30
99,151,92,32,30
100,150,94,32,30
101,150,97,32,30
102,150,100,32,30
103,150,103,32,30
104,150,107,32,30
105,150,111,32,30
106,151,114,32,30
107,152,116,32,30
108,153,116,32,30
109,153,116,32,30
110,154,115,32,30
111,155,115,32,30
112,156,116,32,30
113,158,117,32,30
114,159,117,32,30
115,160,117,32,30
116,159,117,32,30
117,159,117,32,30
118,160,118,32,30
119,160,118,32,30
120,160,118,32,30
121,160,118,32,30
122,160,119,32,30
123,160,119,32,30
124,160,119,32,30
125,160,119,32,30
126,160,119,32,30
127,160,118,32,30
128,160,117,32,30
129,160,117,32,30
130,160,117,32,30
131,161,117,32,30
132,162,118,32,30
133,162,118,32,30
134,163,119,32,30
135,163,119,32,30
136,163,119,32,30
137,164,119,32,30
138,165,118,32,30
139,166,115,32,30
140,166,107,32,30
141,165,107,32,30
142,165,111,32,30
143,165,114,32,30
144,165,114,32,30
145,165,109,32,30
146,165,103,32,30
147,166,106,32,30
148,167,115,32,30
149,167,115,32,30
150,166,109,32,30
151,166,108,32,30
152,167,115,32,30
153,169,121,32,30
154,168,114,32,30
155,165,104,32,30
156,166,110,32,30
157,166,110,32,30
158,166,119,32,30
159,166,118,32,30
160,161,106,32,30
161,158,100,32,30
162,159,113,32,30
163,162,119,32,30
164,163,100,32,30
165,167,106,32,30
166,171,112,32,30
167,171,107,32,30
168,171,98,32,30
169,176,96,32,30
170,185,103,32,30
171,192,106,32,30
172,194,104,32,30
173,195,102,32,30
174,196,101,32,30
175,198,101,32,30
176,200,100,32,30
177,201,99,32,30
178,203,100,32,30
179,205,101,32,30
180,206,100,32,30
181,206,100,32,30
182,206,97,32,30
183,207,97,32,30
184,209,101,32,30
185,210,100,32,30
186,209,95,32,30
187,208,95,32,30
188,211,104,32,30
189,210,99,32,30
190,209,95,32,30
191,209,100,32,30
192,209,105,32,30
193,208,101,32,30
194,208,95,32,30
195,210,98,32,30
196,211,107,32,30
197,209,105,32,30
198,206,99,32,30
199,206,97,32,30
200,210,105,32,30
201,212,110,32,30
202,209,105,32,30
203,205,100,32,30
204,203,104,32,30
205,203,104,32,30
206,202,110,32,30
207,200,110,32,30
208,195,106,32,30
209,192,105,32,30
210,192,108,32,30
211,192,110,32,30
212,186,104,32,30
213,183,106,32,30
214,182,109,32,30
215,181,107,32,30
216,179,103,32,30
217,177,105,32,30
218,176,112,32,30
219,174,115,32,30
220,171,111,32,30
221,168,107,32,30
222,165,110,32,30
223,162,117,32,30
224,159,118,32,30
225,156,114,32,30
226,154,112,32,30
227,153,117,32,30
228,150,125,32,30
229,150,125,32,30
230,146,127,32,30
231,143,123,32,30
232,141,120,32,30
233,139,125,32,30
234,136,130,32,30
235,131,129,32,30
236,123,124,32,30
237,123,129,32,30
238,122,133,32,30
239,120,131,32,30
240,116,127,32,30
241,111,126,32,30
242,108,126,32,30
243,106,125,32,30
244,106,124,32,30
245,107,120,32,30
246,107,114,32,30
247,106,109,32,30
248,106,105,32,30
249,106,101,32,30
250,106,97,32,30
251,106,95,32,30
252,105,92,32,30
253,105,92,32,30
254,104,90,32,30
255,103,88,32,30
256,102,87,32,30
257,99,87,32,30
258,96,88,32,30
259,93,89,32,30
260,89,92,32,30
261,86,91,32,30
262,84,89,32,30
263,81,88,32,30
264,76,89,32,30
265,69,90,32,30
266,64,89,32,30
267,63,86,32,30
268,66,86,32,30
269,68,88,32,30
270,68,90,32,30
271,68,90,32,30
272,70,90,32,30
273,72,92,32,30
274,72,93,32,30
275,73,93,32,30
276,76,94,32,30
277,80,96,32,30
278,80,96,32,30
279,85,97,32,30
280,89,96,32,30
281,91,94,32,30
282,94,94,32,30
283,100,96,32,30
284,115,96,32,30
285,123,94,32,30
286,133,94,32,30
287,142,95,32,30
288,149,97,32,30
289,152,98,32,30
290,152,98,32,30
291,156,98,32,30
292,166,98,32,30
293,176,100,32,30
294,174,104,32,30
295,162,110,32,30
296,153,112,32,30
297,161,109,32,30
298,180,109,32,30
299,189,110,32,30
300,176,116,32,30
301,160,119,32,30
302,160,119,32,30
303,163,117,32,30
304,185,116,32,30
305,203,115,32,30
306,202,116,32,30
307,185,120,32,30
308,197,122,32,30
309,208,121,32,30
310,207,119,32,30
311,193,120,32,30
312,179,124,32,30
313,179,124,32,30
314,190,123,32,30
315,197,119,32,30
316,194,119,32,30
317,185,123,32,30
318,178,124,32,30
319,176,124,32,30
320,178,124,32,30
321,180,124,32,30
322,179,125,32,30
323,176,126,32,30
324,173,126,32,30
325,170,125,32,30
326,170,125,32,30
327,168,125,32,30
328,165,125,32,30
329,159,125,32,30
330,152,126,32,30
331,144,130,32,30
332,143,130,32,30
333,141,129,32,30
334,137,130,32,30
335,133,131,32,30
336,133,129,32,30
337,138,126,32,30
338,143,125,32,30
339,141,125,32,30
340,134,126,32,30
341,128,127,32,30
342,130,125,32,30
343,141,120,32,30
344,152,113,32,30
345,155,108,32,30
346,150,106,32,30
347,145,105,32,30
348,146,104,32,30
349,151,99,32,30
350,151,99,32,30
351,156,92,32,30
352,159,86,32,30
353,158,82,32,30
