12-MovingCamera 6
16,503,832,62,90
17,469,842,62,90
18,469,816,62,90
19,461,834,62,90
20,500,813,62,90
21,597,771,62,90
22,560,734,62,90
23,550,694,62,90
24,547,672,62,90
25,562,654,62,90
26,596,645,62,90
27,645,638,62,90
28,765,654,62,90
29,766,662,62,90
30,785,646,62,90
31,805,652,62,90
32,835,662,62,90
33,861,658,62,90
34,870,631,62,90
35,863,614,62,90
36,861,599,62,90
37,862,600,62,90
38,865,588,62,90
39,923,576,62,90
40,857,570,62,90
41,845,547,62,90
42,850,544,62,90
43,855,513,62,90
44,844,490,62,90
45,953,454,62,90
46,1048,438,62,90
47,1047,398,62,90
48,1068,368,62,90
49,1098,375,62,90
50,1119,413,62,90
51,1143,427,62,90
52,1153,453,62,90
53,1162,462,62,90
54,1098,460,62,90
55,1090,471,62,90
56,1092,457,62,90
57,1091,472,62,90
58,1076,465,62,90
59,1035,455,62,90
60,1016,438,62,90
61,946,439,62,90
62,934,428,62,90
63,923,407,62,90
64,910,409,62,90
65,893,381,62,90
66,871,378,62,90
67,858,358,62,90
68,815,390,62,90
69,854,412,62,90
70,884,442,62,90
71,892,443,62,90
72,883,446,62,90
73,889,435,62,90
74,909,466,62,90
75,920,493,62,90
76,1136,514,62,90
77,1130,515,62,90
78,1120,509,62,90
79,1103,491,62,90
80,1085,454,62,90
81,1082,451,62,90
82,1093,446,62,90
83,1099,459,62,90
84,1096,452,62,90
85,926,464,62,90
86,927,454,62,90
87,859,468,62,90
88,927,476,62,90
89,930,482,62,90
90,922,485,62,90
91,894,468,62,90
92,894,461,62,90
93,931,475,62,90
94,948,476,62,90
95,942,491,62,90
96,946,489,62,90
97,943,501,62,90
98,951,517,62,90
99,955,511,62,90
100,966,507,62,90
101,953,490,62,90
102,1250,455,62,90
103,1273,452,62,90
104,1295,449,62,90
105,1290,432,62,90
106,1274,439,62,90
107,1278,440,62,90
108,1305,413,62,90
109,1316,427,62,90
110,1320,419,62,90
111,1379,426,62,90
112,1403,437,62,90
113,1412,432,62,90
114,1415,417,62,90
115,1421,415,62,90
116,1432,405,62,90
117,1467,363,62,90
118,1495,348,62,90
119,1521,329,62,90
120,1486,314,62,90
121,1500,306,62,90
122,1513,285,62,90
123,1373,270,62,90
124,1386,260,62,90
125,1405,257,62,90
126,1415,256,62,90
127,1408,249,62,90
128,1382,238,62,90
129,1378,247,62,90
130,1368,237,62,90
131,1326,212,62,90
132,1323,195,62,90
133,1313,181,62,90
134,1248,151,62,90
135,1229,154,62,90
136,1219,161,62,90
137,1236,191,62,90
138,1262,212,62,90
139,1289,229,62,90
140,1295,236,62,90
141,1292,229,62,90
142,1306,215,62,90
143,1334,199,62,90
144,1371,193,62,90
