12-MovingCamera 20
76,326,481,61,76
77,537,412,61,76
78,542,389,61,76
79,564,406,61,76
80,597,385,61,76
81,609,382,61,76
82,603,380,61,76
83,607,390,61,76
84,603,380,61,76
85,584,369,61,76
86,566,381,61,76
87,562,380,61,76
88,555,370,61,76
89,547,364,61,76
90,570,369,61,76
91,585,332,61,76
92,563,313,61,76
93,543,308,61,76
94,544,278,61,76
95,531,257,61,76
96,513,278,61,76
97,519,287,61,76
98,501,310,61,76
99,469,348,61,76
100,468,393,61,76
101,463,400,61,76
102,437,419,61,76
103,424,414,61,76
104,444,469,61,76
105,454,486,61,76
106,850,502,61,76
107,850,482,61,76
108,892,513,61,76
109,871,502,61,76
110,454,269,61,76
111,448,245,61,76
112,468,246,61,76
113,458,252,61,76
114,468,232,61,76
115,481,243,61,76
116,495,266,61,76
117,487,270,61,76
118,467,239,61,76
119,626,243,61,76
120,626,252,61,76
121,639,293,61,76
122,652,299,61,76
123,629,273,61,76
124,645,298,61,76
125,673,353,61,76
126,653,346,61,76
127,641,357,61,76
128,563,384,61,76
129,556,407,61,76
130,541,383,61,76
131,536,392,61,76
132,480,397,61,76
133,471,396,61,76
134,454,369,61,76
135,447,362,61,76
136,443,335,61,76
137,433,318,61,76
138,430,289,61,76
139,425,284,61,76
140,592,389,61,76
141,596,382,61,76
142,584,356,61,76
143,580,361,61,76
144,581,367,61,76
145,589,363,61,76
146,604,363,61,76
