12-MovingCamera 2
26,869,174,295,273
27,836,143,295,273
28,837,110,295,273
29,840,110,295,273
30,792,75,295,273
31,735,118,295,273
32,698,96,295,273
33,513,640,295,273
34,447,692,295,273
35,396,714,295,273
36,389,707,295,273
37,290,731,295,273
38,227,761,295,273
39,227,769,295,273
40,177,770,295,273
41,208,770,295,273
42,350,795,295,273
43,1568,481,295,273
44,74,463,295,273
45,110,477,295,273
46,228,601,295,273
47,246,735,295,273
48,258,723,295,273
49,252,718,295,273
50,256,719,295,273
51,228,734,295,273
52,231,742,295,273
53,246,736,295,273
54,228,750,295,273
55,224,719,295,273
56,224,671,295,273
57,169,659,295,273
58,137,591,295,273
59,102,587,295,273
60,63,605,295,273
61,188,629,295,273
62,173,575,295,273
63,121,560,295,273
64,3,500,295,273
65,1232,592,295,273
66,1138,585,295,273
67,1114,488,295,273
68,1166,439,295,273
69,1144,370,295,273
70,1119,306,295,273
71,1220,300,295,273
72,1257,275,295,273
73,1245,328,295,273
74,1327,304,295,273
75,1380,349,295,273
76,1336,307,295,273
77,1359,357,295,273
78,1453,331,295,273
79,1482,340,295,273
80,1458,430,295,273
81,1487,483,295,273
82,1504,466,295,273
83,1422,556,295,273
84,1401,538,295,273
85,1432,542,295,273
86,1393,585,295,273
87,1325,567,295,273
88,1304,620,295,273
89,1330,663,295,273
90,1317,681,295,273
91,1278,720,295,273
92,1293,693,295,273
93,1360,651,295,273
94,1315,667,295,273
95,1265,667,295,273
96,1321,683,295,273
97,1407,683,295,273
98,1409,724,295,273
99,1454,662,295,273
100,1472,690,295,273
101,1486,638,295,273
102,1554,613,295,273
103,1603,589,295,273
104,1569,605,295,273
105,1603,564,295,273
106,1621,542,295,273
107,0,548,295,273
108,1,555,295,273
109,10,596,295,273
110,296,670,295,273
111,290,655,295,273
112,271,619,295,273
113,203,626,295,273
114,163,628,295,273
115,127,630,295,273
116,138,633,295,273
117,135,714,295,273
118,127,707,295,273
119,124,712,295,273
120,105,688,295,273
121,118,635,295,273
122,129,588,295,273
123,112,556,295,273
124,160,512,295,273
125,214,498,295,273
126,187,487,295,273
127,143,471,295,273
128,160,434,295,273
129,168,425,295,273
130,199,387,295,273
131,195,425,295,273
132,172,390,295,273
133,147,449,295,273
134,122,495,295,273
135,88,524,295,273
136,383,231,295,273
137,307,261,295,273
138,262,244,295,273
139,269,218,295,273
140,228,208,295,273
141,195,210,295,273
