13-ZoomingCamera 20
101,1381,844,197,92
102,1379,843,197,92
103,1378,843,197,92
104,1376,843,197,92
105,1373,842,197,92
106,1371,842,197,92
107,1369,841,197,92
108,1366,841,197,92
109,1364,841,197,92
110,1361,841,197,92
111,1357,842,197,92
112,1355,842,197,92
113,1352,841,197,92
114,1349,840,197,92
115,1347,839,197,92
116,1345,839,197,92
117,1343,839,197,92
118,1341,839,197,92
119,1338,839,197,92
120,1336,838,197,92
121,1334,838,197,92
122,1333,837,197,92
123,1331,838,197,92
124,1330,838,197,92
125,1327,838,197,92
126,1325,837,197,92
127,1325,837,197,92
128,1323,837,197,92
129,1321,837,197,92
130,1319,837,197,92
131,1319,836,197,92
132,1317,836,197,92
133,1315,836,197,92
134,1313,836,197,92
135,1311,836,197,92
136,1309,836,197,92
137,1307,836,197,92
138,1305,835,197,92
139,1303,835,197,92
140,1301,834,197,92
141,1299,834,197,92
142,1296,833,197,92
143,1294,833,197,92
144,1292,832,197,92
145,1291,832,197,92
146,1289,831,197,92
147,1287,831,197,92
148,1285,830,197,92
149,1283,830,197,92
150,1281,830,197,92
151,1279,829,197,92
152,1279,829,197,92
153,1276,829,197,92
154,1274,829,197,92
155,1273,829,197,92
156,1271,828,197,92
157,1269,827,197,92
158,1269,827,197,92
159,1267,827,197,92
160,1265,826,197,92
161,1263,826,197,92
162,1262,825,197,92
163,1260,824,197,92
164,1258,824,197,92
165,1256,823,197,92
166,1254,823,197,92
167,1252,822,197,92
168,1250,822,197,92
169,1248,821,197,92
170,1246,821,197,92
171,1244,821,197,92
172,1242,821,197,92
173,1240,820,197,92
174,1238,820,197,92
175,1236,820,197,92
176,1234,820,197,92
177,1232,819,197,92
178,1230,819,197,92
179,1228,819,197,92
180,1226,819,197,92
181,1224,819,197,92
182,1222,819,197,92
183,1220,819,197,92
184,1219,818,197,92
185,1217,818,197,92
186,1215,818,197,92
187,1213,818,197,92
188,1212,818,197,92
189,1210,818,197,92
190,1209,818,197,92
191,1209,817,197,92
192,1208,817,197,92
193,1206,817,197,92
194,1203,817,197,92
195,1201,816,197,92
196,1200,816,197,92
197,1199,815,197,92
198,1198,815,197,92
199,1197,814,197,92
200,1195,814,197,92
201,1193,814,197,92
202,1193,814,197,92
203,1191,814,197,92
204,1190,814,197,92
205,1189,814,197,92
206,1187,813,197,92
207,1185,812,197,92
208,1184,812,197,92
209,1182,812,197,92
210,1180,811,197,92
211,1178,811,197,92
212,1177,810,197,92
213,1175,810,197,92
214,1173,809,197,92
215,1172,809,197,92
216,1170,809,197,92
217,1169,809,197,92
218,1168,809,197,92
219,1166,809,197,92
220,1164,809,197,92
221,1163,808,197,92
222,1162,808,197,92
223,1160,808,197,92
224,1159,808,197,92
225,1158,808,197,92
226,1156,808,197,92
227,1155,808,197,92
228,1155,808,197,92
229,1154,807,197,92
230,1152,806,197,92
231,1152,805,197,92
232,1150,804,197,92
233,1149,804,197,92
234,1147,804,197,92
235,1145,804,197,92
236,1144,803,197,92
237,1143,804,197,92
238,1141,803,197,92
239,1140,803,197,92
240,1138,802,197,92
241,1136,802,197,92
242,1135,802,197,92
243,1134,802,197,92
244,1133,802,197,92
245,1132,802,197,92
246,1131,803,197,92
247,1130,803,197,92
248,1129,802,197,92
249,1128,802,197,92
250,1127,802,197,92
251,1126,802,197,92
252,1125,802,197,92
253,1123,802,197,92
254,1123,801,197,92
255,1122,801,197,92
256,1120,801,197,92
257,1119,801,197,92
258,1118,801,197,92
259,1116,800,197,92
260,1115,800,197,92
261,1114,800,197,92
262,1112,800,197,92
263,1112,800,197,92
264,1111,800,197,92
265,1110,800,197,92
266,1109,800,197,92
267,1108,799,197,92
268,1107,799,197,92
269,1106,799,197,92
270,1105,799,197,92
271,1104,799,197,92
272,1103,799,197,92
273,1101,799,197,92
274,1100,798,197,92
275,1098,798,197,92
276,1096,798,197,92
277,1095,798,197,92
278,1093,798,197,92
279,1092,798,197,92
280,1091,798,197,92
281,1090,798,197,92
282,1088,798,197,92
283,1087,798,197,92
284,1086,798,197,92
285,1084,798,197,92
286,1083,797,197,92
287,1082,797,197,92
288,1081,797,197,92
289,1080,796,197,92
290,1079,796,197,92
291,1078,796,197,92
292,1077,796,197,92
293,1076,796,197,92
294,1075,796,197,92
295,1074,796,197,92
296,1073,795,197,92
297,1072,795,197,92
298,1072,795,197,92
299,1071,794,197,92
300,1071,795,197,92
301,1070,795,197,92
302,1069,795,197,92
303,1068,795,197,92
304,1067,795,197,92
305,1066,794,197,92
306,1065,793,197,92
307,1064,793,197,92
308,1063,793,197,92
309,1062,793,197,92
310,1061,793,197,92
311,1060,793,197,92
312,1059,793,197,92
313,1058,793,197,92
