13-ZoomingCamera 18
21,699,388,68,71
22,698,388,68,71
23,696,388,68,71
24,695,386,68,71
25,694,386,68,71
26,693,386,68,71
27,693,386,68,71
28,693,386,68,71
29,693,386,68,71
30,694,386,68,71
31,694,386,68,71
32,693,386,68,71
33,692,386,68,71
34,691,386,68,71
35,690,386,68,71
36,689,387,68,71
37,689,388,68,71
38,688,389,68,71
39,687,389,68,71
40,686,389,68,71
41,685,389,68,71
42,684,389,68,71
43,683,389,68,71
44,682,389,68,71
45,681,389,68,71
46,676,445,68,71
47,659,437,68,71
48,639,429,68,71
49,616,419,68,71
50,605,413,68,71
51,599,411,68,71
52,600,413,68,71
53,604,417,68,71
54,610,422,68,71
55,616,426,68,71
56,620,424,68,71
57,623,418,68,71
58,625,414,68,71
59,628,414,68,71
60,629,416,68,71
61,630,420,68,71
62,632,424,68,71
63,634,425,68,71
64,635,423,68,71
65,635,419,68,71
66,633,415,68,71
67,630,413,68,71
68,628,415,68,71
69,625,421,68,71
70,622,427,68,71
71,620,433,68,71
72,620,436,68,71
73,620,438,68,71
74,619,438,68,71
75,618,438,68,71
76,616,438,68,71
77,613,438,68,71
78,608,439,68,71
79,605,439,68,71
80,604,439,68,71
81,602,439,68,71
82,601,441,68,71
83,600,445,68,71
84,600,449,68,71
85,601,454,68,71
86,602,458,68,71
87,604,460,68,71
88,608,458,68,71
89,607,452,68,71
90,598,442,68,71
91,584,432,68,71
92,567,422,68,71
93,550,416,68,71
94,534,416,68,71
95,516,416,68,71
