13-ZoomingCamera 4
1,308,225,31,38
2,305,228,31,38
3,302,230,31,38
4,299,230,31,38
5,296,229,31,38
6,293,228,31,38
7,290,227,31,38
8,287,227,31,38
9,285,228,31,38
10,289,230,31,38
11,325,216,31,38
12,358,252,31,38
13,363,253,31,38
14,339,252,31,38
15,347,256,31,38
16,628,233,31,38
17,629,224,31,38
18,632,221,31,38
19,632,211,31,38
20,636,211,31,38
21,644,225,31,38
22,381,115,31,38
23,392,138,31,38
24,387,80,31,38
25,385,82,31,38
26,385,84,31,38
27,384,82,31,38
28,384,81,31,38
29,385,81,31,38
30,385,81,31,38
31,394,77,31,38
32,386,85,31,38
33,386,85,31,38
34,386,85,31,38
35,386,86,31,38
36,389,86,31,38
37,391,88,31,38
38,391,88,31,38
39,392,89,31,38
40,387,88,31,38
41,387,91,31,38
42,387,91,31,38
43,388,93,31,38
44,388,95,31,38
45,393,97,31,38
46,394,97,31,38
47,396,96,31,38
48,396,93,31,38
49,395,87,31,38
50,391,76,31,38
51,385,66,31,38
52,378,58,31,38
53,368,48,31,38
54,358,42,31,38
55,349,41,31,38
56,341,45,31,38
57,337,56,31,38
58,336,72,31,38
59,337,86,31,38
60,339,96,31,38
61,341,100,31,38
62,344,100,31,38
63,348,96,31,38
64,355,89,31,38
65,365,82,31,38
66,379,76,31,38
67,393,71,31,38
68,406,73,31,38
69,416,76,31,38
70,431,96,31,38
71,442,114,31,38
72,450,129,31,38
73,450,129,31,38
74,447,126,31,38
75,442,118,31,38
76,439,107,31,38
77,438,96,31,38
78,438,88,31,38
79,440,80,31,38
80,446,82,31,38
81,454,86,31,38
82,465,89,31,38
83,476,95,31,38
84,488,100,31,38
85,499,103,31,38
86,508,104,31,38
87,515,101,31,38
88,519,96,31,38
89,523,90,31,38
90,526,86,31,38
91,530,86,31,38
