13-ZoomingCamera 15
1,1040,364,71,71
2,1039,364,71,71
3,1038,364,71,71
4,1037,364,71,71
5,1036,364,71,71
6,1035,364,71,71
7,1034,364,71,71
8,1033,364,71,71
9,1032,365,71,71
10,1031,365,71,71
11,1030,365,71,71
12,1028,365,71,71
13,1027,365,71,71
14,1026,365,71,71
15,1025,365,71,71
16,1024,365,71,71
17,1023,365,71,71
18,1022,365,71,71
19,1021,365,71,71
20,1020,365,71,71
21,1019,365,71,71
22,1018,365,71,71
23,1017,365,71,71
24,1016,366,71,71
25,1015,366,71,71
26,1014,366,71,71
27,1013,367,71,71
28,1012,367,71,71
29,1011,367,71,71
30,1010,367,71,71
31,1009,367,71,71
32,1007,367,71,71
33,1006,367,71,71
34,1005,368,71,71
35,1004,368,71,71
36,1002,369,71,71
37,1001,370,71,71
38,999,370,71,71
39,997,371,71,71
40,995,372,71,71
41,993,373,71,71
42,991,374,71,71
43,989,375,71,71
44,987,375,71,71
45,985,376,71,71
46,983,376,71,71
47,981,376,71,71
48,979,377,71,71
49,977,377,71,71
50,975,377,71,71
51,973,378,71,71
52,971,379,71,71
53,969,379,71,71
54,968,380,71,71
55,966,381,71,71
56,964,381,71,71
57,962,381,71,71
58,960,382,71,71
59,958,382,71,71
60,956,383,71,71
61,954,384,71,71
62,952,384,71,71
63,950,385,71,71
64,948,386,71,71
65,946,387,71,71
66,944,387,71,71
67,942,388,71,71
68,940,389,71,71
69,938,390,71,71
70,936,391,71,71
71,934,392,71,71
72,932,393,71,71
73,930,394,71,71
74,927,395,71,71
75,925,396,71,71
76,922,397,71,71
77,920,398,71,71
78,917,399,71,71
79,914,400,71,71
80,911,401,71,71
81,908,401,71,71
82,905,402,71,71
83,902,403,71,71
84,899,404,71,71
85,896,405,71,71
86,893,406,71,71
87,890,407,71,71
88,887,408,71,71
89,884,409,71,71
90,881,410,71,71
91,878,411,71,71
92,875,412,71,71
93,872,413,71,71
94,869,414,71,71
95,866,415,71,71
96,863,416,71,71
97,860,417,71,71
98,857,418,71,71
99,854,419,71,71
100,851,420,71,71
101,848,421,71,71
102,845,422,71,71
103,842,423,71,71
104,839,424,71,71
105,836,425,71,71
106,833,426,71,71
107,830,427,71,71
108,827,428,71,71
109,823,429,71,71
110,819,430,71,71
111,815,431,71,71
112,811,432,71,71
113,807,433,71,71
114,803,434,71,71
115,799,436,71,71
116,795,437,71,71
117,791,439,71,71
118,787,441,71,71
119,783,443,71,71
120,779,444,71,71
121,775,446,71,71
122,771,448,71,71
123,767,450,71,71
124,763,452,71,71
125,759,454,71,71
126,755,456,71,71
127,750,458,71,71
128,745,460,71,71
129,741,462,71,71
130,736,464,71,71
131,731,466,71,71
132,726,469,71,71
133,721,471,71,71
134,716,473,71,71
135,711,476,71,71
136,706,478,71,71
137,700,481,71,71
138,694,484,71,71
139,688,487,71,71
140,682,490,71,71
141,676,493,71,71
142,670,496,71,71
143,664,499,71,71
144,658,502,71,71
145,652,505,71,71
146,645,508,71,71
147,638,511,71,71
148,631,514,71,71
149,624,517,71,71
150,617,521,71,71
151,610,525,71,71
152,602,529,71,71
153,594,531,71,71
154,586,534,71,71
155,578,538,71,71
156,570,541,71,71
157,561,545,71,71
158,552,549,71,71
159,543,551,71,71
160,534,554,71,71
161,524,558,71,71
162,514,563,71,71
163,504,567,71,71
164,493,570,71,71
165,483,571,71,71
166,472,577,71,71
167,460,581,71,71
168,448,586,71,71
169,435,593,71,71
170,421,599,71,71
171,408,603,71,71
172,393,614,71,71
173,378,621,71,71
174,362,626,71,71
175,346,633,71,71
176,328,648,71,71
177,310,652,71,71
178,292,658,71,71
179,273,667,71,71
180,253,676,71,71
181,233,684,71,71
