13-ZoomingCamera 26
1,304,28,134,202
2,305,28,134,202
3,306,28,134,202
4,307,28,134,202
5,308,28,134,202
6,309,28,134,202
7,310,28,134,202
8,311,28,134,202
9,312,29,134,202
10,313,30,134,202
11,314,30,134,202
12,315,29,134,202
13,316,29,134,202
14,317,29,134,202
15,318,29,134,202
16,319,28,134,202
17,320,27,134,202
18,321,28,134,202
19,322,28,134,202
20,323,28,134,202
21,324,27,134,202
22,325,26,134,202
23,326,26,134,202
24,327,26,134,202
25,328,26,134,202
26,329,25,134,202
27,330,24,134,202
28,332,24,134,202
29,334,24,134,202
30,335,24,134,202
31,336,24,134,202
32,337,25,134,202
33,337,26,134,202
34,338,26,134,202
35,339,26,134,202
36,340,26,134,202
37,341,27,134,202
38,342,27,134,202
39,343,27,134,202
40,344,27,134,202
41,346,27,134,202
42,347,27,134,202
43,348,27,134,202
44,349,27,134,202
45,348,26,134,202
46,347,25,134,202
47,346,25,134,202
48,346,25,134,202
49,345,24,134,202
50,345,23,134,202
51,345,23,134,202
52,345,23,134,202
53,345,23,134,202
54,346,22,134,202
55,347,21,134,202
56,348,21,134,202
57,349,21,134,202
58,350,22,134,202
59,351,23,134,202
60,352,23,134,202
61,353,23,134,202
62,354,23,134,202
63,355,24,134,202
64,356,25,134,202
65,357,26,134,202
66,357,25,134,202
67,357,25,134,202
68,357,26,134,202
69,357,26,134,202
70,357,27,134,202
71,357,27,134,202
72,356,27,134,202
73,354,27,134,202
74,352,27,134,202
75,352,27,134,202
76,353,27,134,202
77,355,27,134,202
78,355,28,134,202
79,355,29,134,202
80,355,29,134,202
81,355,29,134,202
82,355,29,134,202
83,355,29,134,202
84,355,29,134,202
85,355,30,134,202
86,355,30,134,202
87,355,30,134,202
88,355,30,134,202
89,355,31,134,202
90,355,32,134,202
91,354,33,134,202
92,354,33,134,202
93,354,34,134,202
94,354,34,134,202
95,353,34,134,202
96,352,33,134,202
97,351,33,134,202
98,350,33,134,202
99,350,33,134,202
100,350,32,134,202
101,350,31,134,202
102,350,31,134,202
103,350,32,134,202
104,350,33,134,202
105,350,33,134,202
106,350,33,134,202
107,350,33,134,202
108,350,33,134,202
109,350,34,134,202
110,350,34,134,202
111,350,34,134,202
112,350,35,134,202
113,349,36,134,202
114,348,36,134,202
115,347,35,134,202
116,347,35,134,202
117,347,35,134,202
118,346,35,134,202
119,345,35,134,202
120,345,35,134,202
121,344,34,134,202
122,343,34,134,202
123,343,35,134,202
124,342,34,134,202
125,341,32,134,202
126,340,32,134,202
127,339,33,134,202
128,338,33,134,202
129,337,31,134,202
130,336,30,134,202
131,335,29,134,202
132,333,28,134,202
133,332,28,134,202
134,331,28,134,202
135,330,27,134,202
136,329,25,134,202
137,328,25,134,202
138,327,25,134,202
139,326,24,134,202
140,327,23,134,202
141,326,21,134,202
142,325,21,134,202
143,325,21,134,202
144,323,20,134,202
145,321,19,134,202
146,318,17,134,202
147,316,16,134,202
148,315,16,134,202
149,315,15,134,202
150,315,15,134,202
151,315,15,134,202
152,315,15,134,202
153,315,15,134,202
154,316,15,134,202
155,316,15,134,202
156,316,14,134,202
157,316,14,134,202
158,316,13,134,202
159,316,12,134,202
160,316,11,134,202
161,316,10,134,202
162,316,9,134,202
163,317,8,134,202
164,318,8,134,202
165,319,8,134,202
166,320,8,134,202
167,321,8,134,202
168,322,7,134,202
169,323,7,134,202
170,324,7,134,202
171,325,7,134,202
172,326,7,134,202
173,327,7,134,202
174,328,7,134,202
175,329,7,134,202
176,330,7,134,202
177,331,6,134,202
178,332,5,134,202
179,333,5,134,202
180,334,4,134,202
181,336,3,134,202
182,337,3,134,202
183,339,3,134,202
184,341,2,134,202
185,342,2,134,202
186,343,2,134,202
187,344,2,134,202
188,345,1,134,202
189,346,1,134,202
190,347,0,134,202
191,348,0,134,202
192,349,0,134,202
193,349,0,134,202
194,350,0,134,202
195,351,0,134,202
196,350,0,134,202
197,351,0,134,202
198,352,0,134,202
199,353,0,134,202
200,354,0,134,202
201,355,0,134,202
202,356,0,134,202
203,357,0,134,202
204,357,0,134,202
205,357,0,134,202
206,357,0,134,202
207,358,0,134,202
208,359,0,134,202
209,360,1,134,202
210,361,0,134,202
211,362,0,134,202
212,363,0,134,202
213,364,0,134,202
214,365,0,134,202
215,366,0,134,202
216,367,0,134,202
217,369,0,134,202
218,370,0,134,202
219,371,0,134,202
220,372,0,134,202
221,373,0,134,202
222,374,0,134,202
223,375,0,134,202
224,376,0,134,202
225,377,0,134,202
226,378,0,134,202
227,379,0,134,202
228,380,0,134,202
229,381,0,134,202
230,382,0,134,202
231,383,0,134,202
232,384,0,134,202
233,385,0,134,202
234,386,0,134,202
235,387,0,134,202
236,388,0,134,202
237,389,0,134,202
238,390,0,134,202
239,391,0,134,202
240,392,0,134,202
241,393,0,134,202
242,394,0,134,202
243,395,0,134,202
244,396,0,134,202
245,397,0,134,202
246,398,0,134,202
247,398,0,134,202
248,399,0,134,202
249,400,0,134,202
250,401,0,134,202
251,402,0,134,202
252,403,0,134,202
253,404,0,134,202
254,405,0,134,202
255,406,0,134,202
256,407,0,134,202
257,408,0,134,202
258,409,0,134,202
259,410,0,134,202
260,412,0,134,202
261,413,0,134,202
262,414,0,134,202
263,415,0,134,202
264,416,0,134,202
265,417,0,134,202
266,418,0,134,202
267,419,0,134,202
268,420,0,134,202
269,421,0,134,202
270,422,0,134,202
271,423,0,134,202
272,424,1,134,202
273,425,1,134,202
274,426,1,134,202
275,427,1,134,202
276,428,0,134,202
277,429,0,134,202
278,430,0,134,202
279,431,0,134,202
280,431,0,134,202
281,432,0,134,202
282,433,0,134,202
283,433,0,134,202
284,433,0,134,202
285,434,0,134,202
286,434,0,134,202
287,435,0,134,202
288,436,0,134,202
289,437,0,134,202
290,437,0,134,202
