13-ZoomingCamera 24
1,599,399,67,107
2,598,400,67,107
3,597,399,67,107
4,596,398,67,107
5,595,397,67,107
6,594,396,67,107
7,593,396,67,107
8,592,396,67,107
9,590,396,67,107
10,588,396,67,107
11,587,397,67,107
12,586,399,67,107
13,585,402,67,107
14,584,404,67,107
15,583,405,67,107
16,581,407,67,107
17,579,408,67,107
18,577,408,67,107
19,575,408,67,107
20,573,408,67,107
21,571,408,67,107
22,569,407,67,107
23,567,406,67,107
24,565,406,67,107
25,563,406,67,107
26,559,405,67,107
27,557,404,67,107
28,555,404,67,107
29,553,404,67,107
30,551,404,67,107
31,549,404,67,107
32,547,403,67,107
33,545,402,67,107
34,543,401,67,107
35,541,399,67,107
36,540,397,67,107
37,540,395,67,107
38,540,392,67,107
39,542,390,67,107
40,542,387,67,107
41,543,383,67,107
42,545,381,67,107
43,547,380,67,107
44,549,380,67,107
45,551,379,67,107
46,554,379,67,107
47,556,380,67,107
48,558,380,67,107
49,560,380,67,107
50,562,380,67,107
51,564,381,67,107
52,566,381,67,107
53,568,381,67,107
54,570,382,67,107
55,572,383,67,107
56,574,384,67,107
57,575,384,67,107
58,577,384,67,107
59,579,385,67,107
60,581,386,67,107
61,583,387,67,107
62,585,389,67,107
63,586,390,67,107
64,588,391,67,107
65,590,392,67,107
66,591,394,67,107
67,592,395,67,107
68,593,395,67,107
69,595,396,67,107
70,596,397,67,107
71,598,398,67,107
72,600,398,67,107
73,601,398,67,107
74,602,399,67,107
75,603,400,67,107
76,604,400,67,107
77,605,400,67,107
78,607,401,67,107
79,608,402,67,107
80,609,402,67,107
81,610,403,67,107
82,611,404,67,107
83,612,405,67,107
84,613,406,67,107
85,613,407,67,107
86,614,408,67,107
87,614,408,67,107
88,615,409,67,107
89,615,410,67,107
90,615,410,67,107
91,615,410,67,107
92,615,410,67,107
93,615,410,67,107
94,615,410,67,107
95,615,410,67,107
96,614,410,67,107
97,197,446,67,107
98,197,446,67,107
99,199,446,67,107
100,201,446,67,107
101,203,447,67,107
102,205,448,67,107
103,206,448,67,107
104,208,449,67,107
105,209,450,67,107
106,185,452,67,107
107,160,456,67,107
108,131,460,67,107
109,102,464,67,107
110,84,467,67,107
111,57,471,67,107
112,36,476,67,107
113,40,477,67,107
114,43,479,67,107
115,28,481,67,107
116,130,481,67,107
117,133,483,67,107
118,135,485,67,107
119,104,484,67,107
120,81,489,67,107
121,57,492,67,107
122,27,492,67,107
123,12,496,67,107
124,15,498,67,107
125,0,503,67,107
126,217,498,67,107
127,190,501,67,107
128,192,503,67,107
129,194,505,67,107
130,196,506,67,107
131,198,507,67,107
132,198,509,67,107
133,176,512,67,107
134,178,513,67,107
135,180,514,67,107
136,182,516,67,107
137,184,517,67,107
138,162,520,67,107
139,232,519,67,107
140,209,522,67,107
141,211,523,67,107
142,188,526,67,107
143,166,528,67,107
144,141,534,67,107
145,118,539,67,107
146,96,543,67,107
147,76,545,67,107
148,62,548,67,107
149,43,551,67,107
150,28,552,67,107
151,32,553,67,107
152,17,554,67,107
153,4,555,67,107
154,0,556,67,107
155,4,557,67,107
156,110,560,67,107
157,114,561,67,107
158,96,564,67,107
159,75,567,67,107
160,59,569,67,107
161,43,570,67,107
162,29,571,67,107
163,15,572,67,107
164,2,572,67,107
165,6,572,67,107
166,0,571,67,107
167,0,564,67,107
168,56,566,67,107
169,44,565,67,107
170,27,566,67,107
171,13,565,67,107
172,0,564,67,107
173,107,568,67,107
174,89,569,67,107
175,73,569,67,107
176,54,570,67,107
177,37,570,67,107
178,20,569,67,107
179,26,568,67,107
180,32,567,67,107
181,136,568,67,107
182,122,567,67,107
183,105,566,67,107
184,88,564,67,107
185,74,562,67,107
186,121,561,67,107
187,105,560,67,107
188,89,557,67,107
189,128,557,67,107
190,133,555,67,107
191,138,553,67,107
192,142,551,67,107
193,147,549,67,107
194,152,547,67,107
195,136,545,67,107
196,141,543,67,107
197,146,541,67,107
198,133,540,67,107
199,138,538,67,107
200,140,535,67,107
201,146,533,67,107
202,152,531,67,107
203,158,529,67,107
204,164,527,67,107
205,170,525,67,107
206,176,523,67,107
207,181,521,67,107
208,188,520,67,107
209,194,519,67,107
210,200,518,67,107
211,206,517,67,107
212,211,515,67,107
213,217,514,67,107
214,222,513,67,107
215,228,512,67,107
216,234,511,67,107
217,240,510,67,107
218,245,509,67,107
219,251,508,67,107
220,257,507,67,107
221,262,506,67,107
222,268,506,67,107
223,274,505,67,107
224,279,504,67,107
225,284,503,67,107
226,288,502,67,107
227,293,501,67,107
228,299,500,67,107
229,305,499,67,107
230,310,498,67,107
231,315,497,67,107
