13-ZoomingCamera 16
11,1204,494,75,99
12,1204,494,75,99
13,1204,495,75,99
14,1204,496,75,99
15,1204,497,75,99
16,1204,497,75,99
17,1204,497,75,99
18,1204,496,75,99
19,1204,495,75,99
20,1204,495,75,99
21,1204,495,75,99
22,1204,495,75,99
23,1204,496,75,99
24,1204,496,75,99
25,1204,496,75,99
26,1204,496,75,99
27,1204,496,75,99
28,1204,496,75,99
29,1204,497,75,99
30,1204,498,75,99
31,1205,499,75,99
32,1205,499,75,99
33,1205,498,75,99
34,1205,496,75,99
35,1205,495,75,99
36,1204,495,75,99
37,1204,495,75,99
38,1204,496,75,99
39,1204,496,75,99
40,1204,496,75,99
41,1204,496,75,99
42,1204,496,75,99
43,1204,496,75,99
44,1204,496,75,99
45,1204,496,75,99
46,1205,497,75,99
47,1205,498,75,99
48,1205,499,75,99
49,1205,499,75,99
50,1205,498,75,99
51,1205,496,75,99
52,1205,496,75,99
53,1205,496,75,99
54,1205,496,75,99
55,1205,496,75,99
56,1205,496,75,99
57,1205,496,75,99
58,1205,495,75,99
59,1206,495,75,99
60,1206,495,75,99
61,1063,486,75,99
62,1063,498,75,99
63,1062,522,75,99
64,1061,536,75,99
65,1060,546,75,99
66,1058,547,75,99
67,1056,539,75,99
68,1053,529,75,99
69,1049,521,75,99
70,1045,523,75,99
71,1042,531,75,99
72,1041,539,75,99
73,1043,540,75,99
74,1045,532,75,99
75,1047,522,75,99
76,1048,510,75,99
77,1050,506,75,99
78,1051,511,75,99
79,1053,525,75,99
80,1057,537,75,99
81,1061,545,75,99
82,1064,547,75,99
83,1068,545,75,99
84,1071,539,75,99
85,1072,533,75,99
86,1062,533,75,99
87,1068,532,75,99
88,1074,536,75,99
89,1081,542,75,99
90,1089,542,75,99
91,1095,538,75,99
92,1099,530,75,99
93,1102,524,75,99
94,1103,523,75,99
95,1104,527,75,99
96,1104,541,75,99
97,1107,555,75,99
98,1109,558,75,99
99,1111,555,75,99
100,1117,543,75,99
101,1124,533,75,99
102,1133,525,75,99
103,1141,523,75,99
104,1146,531,75,99
105,1151,545,75,99
106,1152,553,75,99
107,1156,551,75,99
108,1161,539,75,99
109,1169,525,75,99
110,1177,517,75,99
111,1185,517,75,99
112,1193,525,75,99
113,1200,535,75,99
114,1207,539,75,99
115,1214,539,75,99
116,1223,529,75,99
117,1235,513,75,99
118,1244,499,75,99
119,1251,497,75,99
120,1257,505,75,99
121,1626,933,75,99
122,1631,943,75,99
123,1632,942,75,99
124,1629,924,75,99
125,1622,900,75,99
126,1618,876,75,99
127,1614,866,75,99
128,1609,866,75,99
129,1603,870,75,99
130,1598,870,75,99
131,1594,868,75,99
132,1590,858,75,99
133,1585,846,75,99
134,1582,834,75,99
135,1580,826,75,99
136,1579,826,75,99
137,1579,834,75,99
138,1579,838,75,99
139,1578,833,75,99
140,1577,823,75,99
141,1578,805,75,99
142,1581,787,75,99
143,1583,781,75,99
144,1584,782,75,99
145,1585,787,75,99
146,1586,791,75,99
147,1587,791,75,99
148,1586,783,75,99
149,1584,767,75,99
150,1581,753,75,99
151,1578,743,75,99
152,1576,737,75,99
153,1575,739,75,99
154,1575,742,75,99
155,1572,740,75,99
156,1568,730,75,99
157,1561,714,75,99
158,1553,694,75,99
159,1545,682,75,99
160,1541,668,75,99
161,1536,666,75,99
162,1533,674,75,99
163,1528,682,75,99
164,1522,682,75,99
165,1514,674,75,99
166,1506,658,75,99
167,1499,640,75,99
168,1491,628,75,99
169,1483,628,75,99
170,1477,632,75,99
171,1471,634,75,99
172,875,623,75,99
173,871,629,75,99
174,868,629,75,99
175,865,627,75,99
176,862,625,75,99
177,859,625,75,99
178,856,625,75,99
179,853,625,75,99
180,849,627,75,99
181,845,627,75,99
182,841,623,75,99
183,837,617,75,99
184,834,609,75,99
185,831,609,75,99
186,829,607,75,99
187,827,607,75,99
188,826,607,75,99
189,826,607,75,99
190,827,606,75,99
191,830,605,75,99
192,834,603,75,99
193,839,599,75,99
194,845,597,75,99
195,850,597,75,99
196,855,597,75,99
197,859,597,75,99
198,863,597,75,99
199,868,597,75,99
200,873,597,75,99
201,877,597,75,99
202,881,597,75,99
203,885,597,75,99
204,889,597,75,99
205,893,597,75,99
206,897,595,75,99
207,900,595,75,99
208,904,593,75,99
