13-ZoomingCamera 27
1,443,221,24,60
2,443,221,24,60
3,443,221,24,60
4,443,221,24,60
5,443,221,24,60
6,443,221,24,60
7,443,221,24,60
8,443,221,24,60
9,443,221,24,60
10,443,221,24,60
11,443,221,24,60
12,443,221,24,60
13,443,221,24,60
14,443,221,24,60
15,443,221,24,60
16,443,221,24,60
17,443,221,24,60
18,443,221,24,60
19,443,221,24,60
20,443,221,24,60
21,443,221,24,60
22,443,221,24,60
23,443,221,24,60
24,443,220,24,60
25,443,220,24,60
26,443,220,24,60
27,443,220,24,60
28,443,220,24,60
29,443,220,24,60
30,443,220,24,60
31,443,220,24,60
32,443,220,24,60
33,443,220,24,60
34,443,220,24,60
35,443,220,24,60
36,443,220,24,60
37,443,220,24,60
38,443,220,24,60
39,443,220,24,60
40,443,220,24,60
41,443,220,24,60
42,443,220,24,60
43,443,220,24,60
44,443,220,24,60
45,443,220,24,60
46,443,220,24,60
47,443,220,24,60
48,443,220,24,60
49,443,220,24,60
50,443,220,24,60
51,443,220,24,60
52,443,220,24,60
53,443,220,24,60
54,443,220,24,60
55,443,220,24,60
56,443,220,24,60
57,443,220,24,60
58,443,220,24,60
59,443,220,24,60
60,443,220,24,60
61,443,220,24,60
62,443,220,24,60
63,443,220,24,60
64,443,220,24,60
65,443,220,24,60
66,443,220,24,60
67,443,220,24,60
68,443,220,24,60
69,443,220,24,60
70,443,220,24,60
71,443,220,24,60
72,443,220,24,60
73,443,220,24,60
74,443,220,24,60
75,443,220,24,60
76,443,220,24,60
77,443,220,24,60
78,443,220,24,60
79,443,220,24,60
80,443,220,24,60
81,443,220,24,60
82,443,220,24,60
83,443,220,24,60
84,443,220,24,60
85,443,220,24,60
86,443,220,24,60
87,443,220,24,60
88,443,220,24,60
89,443,220,24,60
90,443,220,24,60
91,443,220,24,60
92,443,220,24,60
93,443,220,24,60
94,443,220,24,60
95,443,220,24,60
96,443,220,24,60
97,443,220,24,60
98,443,220,24,60
99,443,220,24,60
100,443,220,24,60
101,443,220,24,60
102,443,220,24,60
103,443,220,24,60
104,443,220,24,60
105,443,220,24,60
106,443,220,24,60
107,443,220,24,60
108,443,220,24,60
109,443,220,24,60
110,443,220,24,60
111,443,220,24,60
112,443,220,24,60
113,443,220,24,60
114,443,220,24,60
115,443,220,24,60
116,443,220,24,60
117,443,220,24,60
118,443,220,24,60
119,443,220,24,60
120,443,220,24,60
121,444,220,24,60
122,444,220,24,60
123,444,220,24,60
124,444,220,24,60
125,444,220,24,60
126,444,220,24,60
127,444,220,24,60
128,444,220,24,60
129,444,220,24,60
130,445,220,24,60
131,445,220,24,60
132,445,220,24,60
133,445,220,24,60
134,445,220,24,60
135,445,220,24,60
136,445,220,24,60
137,445,220,24,60
138,445,220,24,60
139,445,220,24,60
140,445,220,24,60
141,446,220,24,60
142,446,220,24,60
143,446,220,24,60
144,446,220,24,60
145,445,220,24,60
146,445,220,24,60
147,445,220,24,60
148,445,220,24,60
149,445,220,24,60
150,445,220,24,60
151,446,220,24,60
152,446,220,24,60
153,445,220,24,60
154,445,220,24,60
155,444,220,24,60
156,444,220,24,60
157,443,220,24,60
158,443,220,24,60
159,443,220,24,60
160,441,220,24,60
161,441,220,24,60
162,441,220,24,60
163,441,220,24,60
164,441,220,24,60
165,441,220,24,60
166,442,220,24,60
167,442,220,24,60
168,443,220,24,60
169,443,220,24,60
170,442,220,24,60
171,441,220,24,60
172,441,220,24,60
173,441,220,24,60
174,441,220,24,60
175,441,220,24,60
176,441,220,24,60
177,442,220,24,60
178,442,220,24,60
179,442,221,24,60
180,443,221,24,60
181,443,222,24,60
182,444,223,24,60
183,444,224,24,60
184,444,224,24,60
185,444,224,24,60
186,446,225,24,60
187,447,226,24,60
188,448,227,24,60
189,450,228,24,60
190,450,229,24,60
191,451,230,24,60
192,452,231,24,60
193,452,232,24,60
194,454,234,24,60
195,455,236,24,60
196,456,238,24,60
197,457,240,24,60
198,459,243,24,60
199,462,247,24,60
200,463,249,24,60
201,464,252,24,60
202,458,247,24,60
203,463,252,24,60
204,464,256,24,60
205,464,260,24,60
206,428,266,24,60
207,403,256,24,60
208,418,262,24,60
209,403,253,24,60
210,424,264,24,60
211,368,250,24,60
212,609,214,24,60
213,557,223,24,60
214,359,193,24,60
215,374,199,24,60
216,371,189,24,60
217,347,204,24,60
218,365,210,24,60
219,347,211,24,60
220,40,128,24,60
221,40,131,24,60
222,40,133,24,60
223,44,135,24,60
224,44,137,24,60
225,42,139,24,60
226,40,140,24,60
227,38,140,24,60
228,36,140,24,60
229,36,140,24,60
230,36,140,24,60
231,33,140,24,60
232,33,140,24,60
233,31,140,24,60
234,31,140,24,60
235,25,133,24,60
236,25,133,24,60
237,25,133,24,60
238,25,133,24,60
239,23,132,24,60
240,23,130,24,60
241,31,128,24,60
