14-LongDuration 5
350,361,35,66,96
351,361,35,66,96
352,361,35,66,96
353,361,35,66,96
354,361,35,66,96
355,361,35,66,96
356,361,35,66,96
357,362,35,66,96
358,363,35,66,96
359,363,35,66,96
360,363,35,66,96
361,363,35,66,96
362,363,35,66,96
363,363,35,66,96
364,363,35,66,96
365,363,35,66,96
366,363,35,66,96
367,363,35,66,96
368,363,35,66,96
369,364,36,66,96
370,365,37,66,96
371,365,37,66,96
372,365,38,66,96
373,365,39,66,96
374,365,39,66,96
375,366,39,66,96
376,366,39,66,96
377,367,39,66,96
378,368,39,66,96
379,369,39,66,96
380,370,39,66,96
381,370,39,66,96
382,371,40,66,96
383,372,41,66,96
384,373,42,66,96
385,374,42,66,96
386,374,42,66,96
387,375,42,66,96
388,376,42,66,96
389,377,42,66,96
390,378,42,66,96
391,378,42,66,96
392,378,43,66,96
393,378,43,66,96
394,377,43,66,96
395,376,43,66,96
396,376,43,66,96
397,375,43,66,96
398,373,43,66,96
399,371,43,66,96
400,369,43,66,96
401,369,43,66,96
402,366,43,66,96
403,363,43,66,96
404,359,43,66,96
405,355,43,66,96
406,355,43,66,96
407,350,43,66,96
408,345,42,66,96
409,340,41,66,96
410,336,40,66,96
411,336,40,66,96
412,333,39,66,96
413,331,39,66,96
414,332,40,66,96
415,336,42,66,96
416,336,42,66,96
417,342,45,66,96
418,348,49,66,96
419,353,52,66,96
420,356,54,66,96
421,356,54,66,96
422,358,55,66,96
423,360,56,66,96
424,362,57,66,96
425,364,58,66,96
426,364,58,66,96
427,365,59,66,96
428,365,60,66,96
429,365,60,66,96
430,364,60,66,96
431,364,60,66,96
432,363,60,66,96
433,361,60,66,96
434,359,60,66,96
435,289,121,66,96
436,289,121,66,96
437,290,119,66,96
438,291,117,66,96
439,293,116,66,96
440,295,115,66,96
441,295,115,66,96
442,297,115,66,96
443,299,115,66,96
444,301,116,66,96
445,303,117,66,96
446,303,117,66,96
447,306,118,66,96
448,310,118,66,96
449,312,117,66,96
450,313,116,66,96
451,313,116,66,96
452,315,115,66,96
453,319,113,66,96
454,323,109,66,96
455,327,103,66,96
456,327,103,66,96
457,329,100,66,96
458,330,99,66,96
459,331,98,66,96
460,332,97,66,96
461,332,97,66,96
462,334,94,66,96
463,335,93,66,96
464,335,93,66,96
465,335,93,66,96
466,335,93,66,96
467,335,93,66,96
468,335,93,66,96
469,335,93,66,96
470,335,94,66,96
471,335,95,66,96
472,334,96,66,96
473,333,97,66,96
474,332,98,66,96
475,332,98,66,96
476,332,98,66,96
477,337,92,66,96
478,334,92,66,96
479,331,92,66,96
480,328,92,66,96
481,328,92,66,96
482,325,92,66,96
483,322,92,66,96
484,319,92,66,96
485,317,93,66,96
486,317,93,66,96
487,314,93,66,96
488,311,94,66,96
489,308,95,66,96
490,305,95,66,96
491,304,95,66,96
492,301,96,66,96
493,298,96,66,96
494,296,96,66,96
495,294,96,66,96
496,294,96,66,96
497,292,96,66,96
498,290,96,66,96
499,288,96,66,96
500,286,96,66,96
501,286,96,66,96
502,285,96,66,96
503,284,95,66,96
504,283,94,66,96
505,283,93,66,96
506,283,93,66,96
507,283,92,66,96
508,283,91,66,96
509,284,91,66,96
510,285,91,66,96
511,285,91,66,96
512,286,91,66,96
513,287,91,66,96
514,288,91,66,96
515,289,91,66,96
516,289,91,66,96
517,290,91,66,96
518,291,91,66,96
519,292,91,66,96
520,292,91,66,96
521,292,91,66,96
522,292,91,66,96
523,292,91,66,96
524,293,91,66,96
525,294,92,66,96
526,294,92,66,96
527,295,94,66,96
528,296,97,66,96
529,297,100,66,96
530,298,104,66,96
531,298,104,66,96
532,299,108,66,96
533,300,109,66,96
534,301,110,66,96
535,302,111,66,96
536,302,111,66,96
537,303,112,66,96
538,304,112,66,96
539,305,111,66,96
540,306,110,66,96
541,306,110,66,96
542,307,109,66,96
543,308,109,66,96
544,309,109,66,96
545,310,109,66,96
546,310,109,66,96
547,311,109,66,96
548,312,109,66,96
549,312,109,66,96
550,312,109,66,96
551,312,109,66,96
552,312,109,66,96
553,312,109,66,96
554,312,109,66,96
555,312,110,66,96
556,312,110,66,96
557,312,110,66,96
558,312,110,66,96
559,312,110,66,96
560,312,110,66,96
561,312,110,66,96
562,312,110,66,96
563,312,110,66,96
564,312,110,66,96
565,312,110,66,96
566,312,110,66,96
567,313,110,66,96
568,313,110,66,96
569,314,110,66,96
570,314,110,66,96
571,314,110,66,96
572,315,110,66,96
573,316,110,66,96
574,317,109,66,96
575,318,109,66,96
576,318,109,66,96
577,319,109,66,96
578,319,109,66,96
579,319,109,66,96
580,319,109,66,96
581,319,109,66,96
582,319,109,66,96
583,319,109,66,96
584,319,109,66,96
585,318,109,66,96
586,318,109,66,96
587,488,217,66,96
588,488,217,66,96
589,488,217,66,96
590,488,217,66,96
591,488,217,66,96
592,488,217,66,96
593,488,217,66,96
594,488,217,66,96
595,488,217,66,96
596,488,217,66,96
597,488,217,66,96
598,488,217,66,96
599,488,217,66,96
600,488,217,66,96
601,488,217,66,96
602,488,217,66,96
603,488,217,66,96
604,488,217,66,96
605,488,217,66,96
606,488,217,66,96
607,488,217,66,96
608,488,217,66,96
609,488,217,66,96
610,488,217,66,96
611,488,217,66,96
612,488,217,66,96
613,488,217,66,96
614,488,217,66,96
615,488,217,66,96
616,488,217,66,96
617,488,217,66,96
618,488,217,66,96
619,488,217,66,96
620,488,217,66,96
621,488,217,66,96
622,321,76,66,96
623,321,74,66,96
624,320,71,66,96
625,319,68,66,96
626,319,68,66,96
627,319,65,66,96
628,318,62,66,96
629,317,59,66,96
630,316,56,66,96
631,316,56,66,96
632,315,53,66,96
633,314,50,66,96
634,313,47,66,96
635,313,45,66,96
636,313,45,66,96
637,313,43,66,96
638,313,41,66,96
639,313,40,66,96
640,313,39,66,96
641,313,39,66,96
642,313,38,66,96
643,313,38,66,96
644,313,37,66,96
645,313,36,66,96
646,313,36,66,96
647,314,36,66,96
648,315,36,66,96
649,316,36,66,96
650,318,36,66,96
651,318,36,66,96
652,320,36,66,96
653,323,37,66,96
654,325,38,66,96
655,326,38,66,96
656,326,38,66,96
657,326,37,66,96
658,327,36,66,96
659,328,35,66,96
660,330,35,66,96
661,330,35,66,96
662,332,35,66,96
663,334,35,66,96
664,337,36,66,96
665,341,37,66,96
666,341,37,66,96
667,344,38,66,96
668,347,39,66,96
669,350,40,66,96
670,352,41,66,96
671,352,41,66,96
672,354,42,66,96
673,356,43,66,96
674,358,44,66,96
675,360,45,66,96
676,360,45,66,96
677,361,46,66,96
678,362,47,66,96
679,363,48,66,96
680,364,50,66,96
681,364,50,66,96
682,364,51,66,96
683,364,52,66,96
684,364,53,66,96
685,364,54,66,96
686,364,54,66,96
687,363,54,66,96
688,362,54,66,96
689,362,54,66,96
690,362,54,66,96
691,362,54,66,96
692,362,54,66,96
693,362,54,66,96
694,361,53,66,96
695,360,53,66,96
696,360,53,66,96
697,359,53,66,96
698,357,52,66,96
699,355,52,66,96
700,353,52,66,96
701,353,52,66,96
702,351,52,66,96
703,348,52,66,96
704,345,52,66,96
705,342,53,66,96
706,342,53,66,96
707,339,54,66,96
708,335,55,66,96
709,331,56,66,96
710,326,57,66,96
711,326,57,66,96
712,321,58,66,96
713,316,60,66,96
714,311,61,66,96
715,306,61,66,96
716,306,61,66,96
717,301,61,66,96
718,297,61,66,96
719,293,60,66,96
720,289,58,66,96
721,289,58,66,96
722,286,56,66,96
723,284,54,66,96
724,282,52,66,96
725,465,91,66,96
726,465,91,66,96
727,465,91,66,96
728,465,91,66,96
729,465,91,66,96
730,465,91,66,96
731,465,91,66,96
732,465,91,66,96
733,465,91,66,96
734,465,91,66,96
735,465,91,66,96
736,465,91,66,96
737,465,91,66,96
738,465,91,66,96
739,465,91,66,96
740,465,91,66,96
741,465,91,66,96
742,465,91,66,96
743,465,91,66,96
744,465,91,66,96
745,465,91,66,96
746,465,91,66,96
747,465,91,66,96
748,465,91,66,96
749,465,91,66,96
750,465,91,66,96
751,465,91,66,96
752,465,91,66,96
753,465,91,66,96
754,465,91,66,96
755,465,91,66,96
756,465,91,66,96
757,465,91,66,96
758,479,110,66,96
759,479,110,66,96
760,479,110,66,96
761,479,110,66,96
762,479,110,66,96
763,479,110,66,96
764,479,110,66,96
765,479,110,66,96
766,479,110,66,96
767,479,110,66,96
768,479,110,66,96
769,479,110,66,96
770,479,110,66,96
771,479,110,66,96
772,479,110,66,96
773,479,110,66,96
774,479,110,66,96
775,478,110,66,96
776,478,110,66,96
777,477,110,66,96
778,477,110,66,96
779,476,110,66,96
780,476,110,66,96
781,476,110,66,96
782,476,110,66,96
783,476,110,66,96
784,476,110,66,96
785,475,110,66,96
786,475,110,66,96
787,475,110,66,96
788,474,110,66,96
789,474,110,66,96
790,474,110,66,96
791,474,110,66,96
792,474,110,66,96
793,474,110,66,96
794,474,110,66,96
795,474,110,66,96
796,474,110,66,96
797,474,110,66,96
798,474,110,66,96
799,474,110,66,96
800,474,110,66,96
801,474,110,66,96
802,474,110,66,96
803,474,110,66,96
804,474,110,66,96
805,474,110,66,96
806,474,110,66,96
807,474,110,66,96
808,474,110,66,96
809,474,110,66,96
810,474,110,66,96
811,474,110,66,96
812,474,110,66,96
813,474,110,66,96
814,474,110,66,96
815,474,111,66,96
816,474,111,66,96
817,474,111,66,96
818,474,111,66,96
819,474,111,66,96
820,474,111,66,96
821,474,111,66,96
822,474,111,66,96
823,474,111,66,96
824,474,111,66,96
825,474,111,66,96
826,474,111,66,96
827,474,111,66,96
828,474,111,66,96
829,474,111,66,96
830,474,111,66,96
831,474,111,66,96
832,474,111,66,96
833,474,111,66,96
834,474,111,66,96
835,474,111,66,96
836,474,111,66,96
837,474,111,66,96
838,474,111,66,96
839,474,110,66,96
840,474,109,66,96
841,474,109,66,96
842,474,109,66,96
843,474,109,66,96
844,474,109,66,96
845,474,109,66,96
846,474,109,66,96
847,474,109,66,96
848,473,109,66,96
849,472,109,66,96
850,471,109,66,96
851,471,109,66,96
852,470,109,66,96
853,470,109,66,96
854,469,109,66,96
855,468,109,66,96
856,468,109,66,96
857,467,109,66,96
858,466,109,66,96
859,465,109,66,96
860,465,109,66,96
861,465,109,66,96
862,465,109,66,96
863,465,109,66,96
864,465,109,66,96
865,465,109,66,96
866,465,109,66,96
867,189,32,66,96
868,188,32,66,96
869,187,32,66,96
870,186,32,66,96
871,186,32,66,96
872,185,32,66,96
873,184,32,66,96
874,184,32,66,96
875,184,31,66,96
876,184,31,66,96
877,186,31,66,96
878,189,31,66,96
879,192,31,66,96
880,195,32,66,96
881,195,32,66,96
882,198,35,66,96
883,201,39,66,96
884,204,45,66,96
885,208,50,66,96
886,208,50,66,96
887,212,52,66,96
888,214,51,66,96
889,214,49,66,96
890,214,49,66,96
891,214,49,66,96
892,214,48,66,96
893,214,48,66,96
894,214,48,66,96
895,214,48,66,96
896,214,48,66,96
897,214,47,66,96
898,214,45,66,96
899,215,44,66,96
900,215,44,66,96
901,215,44,66,96
902,215,45,66,96
903,215,45,66,96
904,215,45,66,96
905,215,45,66,96
906,215,45,66,96
907,215,45,66,96
908,215,45,66,96
909,215,44,66,96
910,215,43,66,96
911,215,43,66,96
912,215,42,66,96
913,213,41,66,96
914,210,40,66,96
915,207,39,66,96
916,207,39,66,96
917,202,38,66,96
918,197,38,66,96
919,193,40,66,96
920,191,43,66,96
921,191,43,66,96
922,191,46,66,96
923,193,47,66,96
924,199,48,66,96
925,205,48,66,96
926,205,48,66,96
927,210,48,66,96
928,213,48,66,96
929,215,48,66,96
930,215,48,66,96
931,215,48,66,96
932,216,48,66,96
933,217,48,66,96
934,218,49,66,96
935,219,49,66,96
936,219,49,66,96
937,220,48,66,96
938,221,47,66,96
939,222,46,66,96
940,223,46,66,96
941,223,46,66,96
942,223,45,66,96
943,222,44,66,96
944,222,44,66,96
945,221,43,66,96
946,221,43,66,96
947,220,43,66,96
948,218,42,66,96
949,216,41,66,96
950,212,40,66,96
951,212,40,66,96
952,208,39,66,96
953,205,38,66,96
954,203,38,66,96
955,203,38,66,96
956,203,38,66,96
957,202,39,66,96
958,201,40,66,96
959,199,40,66,96
960,198,39,66,96
961,198,39,66,96
962,197,39,66,96
963,195,38,66,96
964,193,38,66,96
965,190,38,66,96
966,190,38,66,96
967,188,39,66,96
968,185,40,66,96
969,183,41,66,96
970,182,42,66,96
971,182,42,66,96
972,182,42,66,96
973,181,42,66,96
974,180,42,66,96
975,177,42,66,96
976,177,42,66,96
977,174,43,66,96
978,180,50,66,96
979,186,59,66,96
980,194,73,66,96
981,194,73,66,96
982,192,77,66,96
983,189,81,66,96
984,186,85,66,96
985,182,90,66,96
986,182,90,66,96
987,174,92,66,96
988,165,93,66,96
989,155,93,66,96
990,147,95,66,96
991,140,98,66,96
992,132,100,66,96
993,123,101,66,96
994,116,102,66,96
995,116,102,66,96
996,109,102,66,96
997,104,102,66,96
998,100,102,66,96
999,98,102,66,96
1000,98,102,66,96
1001,97,102,66,96
1002,97,102,66,96
1003,97,102,66,96
1004,97,102,66,96
1005,97,102,66,96
1006,97,102,66,96
1007,97,102,66,96
1008,98,102,66,96
1009,98,102,66,96
1010,98,102,66,96
1011,98,102,66,96
1012,98,102,66,96
1013,98,102,66,96
1014,98,102,66,96
1015,98,102,66,96
1016,98,102,66,96
1017,98,102,66,96
1018,98,102,66,96
1019,98,102,66,96
1020,98,102,66,96
1021,98,102,66,96
1022,98,102,66,96
1023,98,102,66,96
1024,98,102,66,96
1025,98,102,66,96
1026,98,102,66,96
1027,98,102,66,96
1028,98,102,66,96
1029,98,102,66,96
1030,98,102,66,96
1031,97,102,66,96
1032,96,102,66,96
1033,95,102,66,96
1034,94,102,66,96
1035,94,102,66,96
1036,92,102,66,96
1037,90,102,66,96
1038,88,102,66,96
1039,85,102,66,96
1040,85,102,66,96
1041,82,102,66,96
1042,79,102,66,96
1043,75,102,66,96
1044,71,102,66,96
1045,71,102,66,96
1046,66,102,66,96
1047,61,102,66,96
1048,55,102,66,96
1049,50,102,66,96
1050,50,102,66,96
1051,45,102,66,96
1052,41,102,66,96
1053,38,102,66,96
1054,34,102,66,96
1055,34,102,66,96
1056,30,102,66,96
1057,26,102,66,96
1058,23,102,66,96
1059,20,102,66,96
1060,20,102,66,96
1061,19,102,66,96
1062,17,102,66,96
1063,16,102,66,96
1064,15,102,66,96
1065,15,102,66,96
1066,15,102,66,96
1067,15,102,66,96
1068,16,102,66,96
1069,18,102,66,96
1070,18,102,66,96
1071,20,102,66,96
1072,23,102,66,96
1073,27,102,66,96
1074,32,102,66,96
1075,32,102,66,96
1076,37,102,66,96
1077,42,102,66,96
1078,47,102,66,96
1079,52,102,66,96
1080,52,102,66,96
1081,57,102,66,96
1082,62,102,66,96
1083,67,102,66,96
1084,71,102,66,96
1085,71,102,66,96
1086,76,102,66,96
1087,81,102,66,96
1088,86,102,66,96
1089,91,102,66,96
1090,91,102,66,96
1091,96,102,66,96
1092,101,102,66,96
1093,106,101,66,96
1094,111,101,66,96
1095,111,101,66,96
1096,118,101,66,96
1097,125,101,66,96
1098,133,101,66,96
1099,143,101,66,96
1100,143,101,66,96
1101,153,101,66,96
1102,163,101,66,96
1103,546,142,66,96
1104,546,142,66,96
1105,546,142,66,96
1106,546,142,66,96
1107,546,142,66,96
1108,546,142,66,96
1109,546,142,66,96
1110,546,142,66,96
1111,546,142,66,96
1112,546,142,66,96
1113,546,142,66,96
1114,546,142,66,96
1115,546,142,66,96
1116,546,142,66,96
1117,546,142,66,96
1118,546,142,66,96
1119,546,142,66,96
1120,546,142,66,96
1121,546,142,66,96
1122,546,142,66,96
1123,546,142,66,96
1124,546,142,66,96
1125,546,142,66,96
1126,546,142,66,96
1127,546,142,66,96
1128,546,142,66,96
1129,546,142,66,96
1130,546,142,66,96
1131,546,142,66,96
1132,546,142,66,96
1133,546,142,66,96
1134,546,142,66,96
1135,546,142,66,96
1136,546,142,66,96
1137,546,142,66,96
1138,546,142,66,96
1139,546,142,66,96
1140,546,142,66,96
1141,546,142,66,96
1142,546,142,66,96
1143,546,142,66,96
1144,546,142,66,96
1145,546,142,66,96
1146,546,142,66,96
1147,546,142,66,96
1148,546,142,66,96
1149,546,142,66,96
1150,546,142,66,96
1151,546,142,66,96
1152,546,142,66,96
1153,546,142,66,96
1154,546,142,66,96
1155,546,142,66,96
1156,546,142,66,96
1157,546,142,66,96
1158,546,142,66,96
1159,546,142,66,96
1160,546,142,66,96
1161,546,142,66,96
1162,546,142,66,96
1163,546,142,66,96
1164,546,142,66,96
1165,546,142,66,96
1166,546,142,66,96
1167,546,142,66,96
1168,546,142,66,96
1169,546,142,66,96
1170,546,142,66,96
1171,546,142,66,96
1172,546,142,66,96
1173,546,142,66,96
1174,546,142,66,96
1175,546,142,66,96
1176,546,142,66,96
1177,546,142,66,96
1178,546,142,66,96
1179,546,142,66,96
1180,546,142,66,96
1181,546,142,66,96
1182,546,142,66,96
1183,547,142,66,96
1184,548,142,66,96
1185,548,142,66,96
1186,549,142,66,96
1187,550,142,66,96
1188,551,142,66,96
1189,552,142,66,96
1190,552,142,66,96
1191,553,142,66,96
1192,554,142,66,96
1193,555,142,66,96
1194,556,142,66,96
1195,556,142,66,96
1196,557,142,66,96
1197,558,142,66,96
1198,560,142,66,96
1199,562,142,66,96
1200,562,142,66,96
1201,564,142,66,96
1202,566,142,66,96
1203,568,142,66,96
1204,570,142,66,96
1205,570,142,66,96
1206,572,142,66,96
1207,0,143,66,96
1208,2,143,66,96
1209,4,143,66,96
1210,4,143,66,96
1211,6,143,66,96
1212,8,143,66,96
1213,10,143,66,96
1214,12,143,66,96
1215,12,143,66,96
1216,14,143,66,96
1217,16,143,66,96
1218,18,143,66,96
1219,20,143,66,96
1220,20,143,66,96
1221,22,143,66,96
1222,24,143,66,96
1223,26,143,66,96
1224,28,143,66,96
1225,28,143,66,96
1226,30,143,66,96
1227,32,143,66,96
1228,34,143,66,96
1229,36,143,66,96
1230,36,143,66,96
1231,37,143,66,96
1232,38,143,66,96
1233,40,143,66,96
1234,42,143,66,96
1235,42,143,66,96
1236,44,143,66,96
1237,46,143,66,96
1238,48,143,66,96
1239,50,143,66,96
1240,50,143,66,96
1241,52,143,66,96
1242,54,143,66,96
1243,56,143,66,96
1244,58,143,66,96
1245,58,143,66,96
1246,60,143,66,96
1247,61,143,66,96
1248,62,143,66,96
1249,63,143,66,96
1250,63,143,66,96
1251,64,143,66,96
1252,65,143,66,96
1253,66,143,66,96
1254,67,143,66,96
1255,67,143,66,96
1256,68,143,66,96
1257,69,143,66,96
1258,70,143,66,96
1259,71,143,66,96
1260,71,143,66,96
1261,72,143,66,96
1262,73,143,66,96
1263,73,143,66,96
1264,73,143,66,96
1265,73,143,66,96
1266,73,143,66,96
1267,73,143,66,96
1268,73,143,66,96
1269,73,143,66,96
1270,73,143,66,96
1271,73,143,66,96
1272,73,143,66,96
1273,73,143,66,96
1274,74,143,66,96
1275,74,143,66,96
1276,74,143,66,96
1277,74,143,66,96
1278,74,143,66,96
1279,74,143,66,96
1280,74,143,66,96
1281,74,143,66,96
1282,75,143,66,96
1283,75,143,66,96
1284,75,143,66,96
1285,75,143,66,96
1286,75,143,66,96
1287,75,143,66,96
1288,75,143,66,96
1289,75,143,66,96
1290,75,143,66,96
1291,75,143,66,96
1292,75,143,66,96
1293,75,143,66,96
1294,75,143,66,96
1295,75,143,66,96
1296,75,143,66,96
1297,75,143,66,96
1298,75,143,66,96
1299,75,143,66,96
1300,75,143,66,96
1301,75,143,66,96
1302,75,143,66,96
1303,75,143,66,96
1304,75,143,66,96
1305,75,143,66,96
1306,75,143,66,96
1307,76,143,66,96
1308,76,143,66,96
1309,76,143,66,96
1310,76,143,66,96
1311,76,143,66,96
1312,76,143,66,96
1313,76,143,66,96
1314,76,143,66,96
1315,76,143,66,96
1316,76,143,66,96
1317,76,143,66,96
1318,76,143,66,96
1319,76,143,66,96
1320,76,143,66,96
1321,76,143,66,96
1322,76,143,66,96
1323,76,143,66,96
1324,76,143,66,96
1325,76,143,66,96
1326,76,143,66,96
1327,76,143,66,96
1328,76,143,66,96
1329,76,143,66,96
1330,76,143,66,96
1331,76,143,66,96
1332,76,143,66,96
1333,76,143,66,96
1334,76,143,66,96
1335,76,143,66,96
1336,76,143,66,96
1337,76,143,66,96
1338,76,143,66,96
1339,76,143,66,96
1340,76,143,66,96
1341,76,143,66,96
1342,76,143,66,96
1343,76,143,66,96
1344,260,116,66,96
1345,260,116,66,96
1346,259,116,66,96
1347,258,116,66,96
1348,257,116,66,96
1349,256,117,66,96
1350,256,117,66,96
1351,256,117,66,96
1352,255,117,66,96
1353,254,117,66,96
1354,253,117,66,96
1355,253,117,66,96
1356,252,117,66,96
1357,251,117,66,96
1358,250,117,66,96
1359,249,117,66,96
1360,249,117,66,96
1361,248,117,66,96
1362,247,117,66,96
1363,246,117,66,96
1364,245,117,66,96
1365,245,117,66,96
1366,245,117,66,96
1367,245,117,66,96
1368,245,117,66,96
1369,245,117,66,96
1370,245,117,66,96
1371,246,117,66,96
1372,247,116,66,96
1373,248,115,66,96
1374,249,113,66,96
1375,249,113,66,96
1376,513,213,66,96
1377,517,211,66,96
1378,520,209,66,96
1379,523,206,66,96
1380,523,206,66,96
1381,525,203,66,96
1382,526,200,66,96
1383,526,198,66,96
1384,526,196,66,96
1385,526,196,66,96
1386,526,195,66,96
1387,525,194,66,96
1388,524,193,66,96
1389,523,192,66,96
1390,523,192,66,96
1391,522,192,66,96
1392,520,192,66,96
1393,517,192,66,96
1394,514,191,66,96
1395,514,191,66,96
1396,511,190,66,96
1397,507,190,66,96
1398,503,189,66,96
1399,499,188,66,96
1400,499,188,66,96
1401,495,188,66,96
1402,492,187,66,96
1403,489,187,66,96
1404,487,187,66,96
1405,487,187,66,96
1406,486,187,66,96
1407,486,187,66,96
1408,486,188,66,96
1409,485,190,66,96
1410,485,189,66,96
1411,485,190,66,96
1412,488,190,66,96
1413,492,192,66,96
1414,487,195,66,96
1415,487,195,66,96
1416,494,200,66,96
1417,493,204,66,96
1418,484,206,66,96
1419,475,205,66,96
1420,475,205,66,96
1421,464,202,66,96
1422,436,215,66,96
1423,422,209,66,96
1424,404,209,66,96
1425,404,209,66,96
1426,399,193,66,96
1427,394,180,66,96
1428,388,173,66,96
1429,385,168,66,96
1430,385,168,66,96
1431,374,180,66,96
1432,370,191,66,96
1433,376,195,66,96
1434,381,197,66,96
1435,381,197,66,96
1436,381,197,66,96
1437,380,197,66,96
1438,379,197,66,96
1439,378,196,66,96
1440,378,196,66,96
1441,377,194,66,96
1442,376,193,66,96
1443,376,192,66,96
1444,377,192,66,96
1445,377,192,66,96
1446,378,191,66,96
1447,379,189,66,96
1448,380,185,66,96
1449,381,182,66,96
1450,381,182,66,96
1451,385,179,66,96
1452,390,178,66,96
1453,398,179,66,96
1454,402,193,66,96
1455,402,193,66,96
1456,401,188,66,96
1457,400,184,66,96
1458,401,181,66,96
1459,403,178,66,96
1460,403,178,66,96
1461,405,174,66,96
1462,406,169,66,96
1463,407,163,66,96
1464,407,159,66,96
1465,407,159,66,96
1466,407,155,66,96
1467,405,151,66,96
1468,400,146,66,96
1469,396,140,66,96
1470,396,140,66,96
1471,398,123,66,96
1472,397,119,66,96
1473,396,118,66,96
1474,394,121,66,96
1475,394,121,66,96
1476,397,126,66,96
1477,401,133,66,96
1478,406,138,66,96
1479,410,141,66,96
1480,410,141,66,96
1481,412,142,66,96
1482,413,142,66,96
1483,415,142,66,96
1484,418,141,66,96
1485,418,141,66,96
1486,422,140,66,96
1487,426,140,66,96
1488,431,141,66,96
1489,436,142,66,96
1490,436,142,66,96
1491,440,143,66,96
1492,443,144,66,96
1493,446,144,66,96
1494,448,144,66,96
1495,448,144,66,96
1496,448,145,66,96
1497,447,146,66,96
1498,446,146,66,96
1499,444,145,66,96
1500,444,145,66,96
1501,442,143,66,96
1502,440,141,66,96
1503,439,140,66,96
1504,439,140,66,96
1505,439,140,66,96
1506,443,140,66,96
1507,449,141,66,96
1508,454,142,66,96
1509,460,141,66,96
1510,460,141,66,96
1511,464,139,66,96
1512,465,138,66,96
1513,465,137,66,96
1514,463,137,66,96
1515,463,137,66,96
1516,460,139,66,96
1517,454,142,66,96
1518,444,146,66,96
1519,435,149,66,96
1520,435,149,66,96
1521,427,151,66,96
1522,418,155,66,96
1523,412,158,66,96
1524,408,162,66,96
1525,409,161,66,96
1526,406,165,66,96
1527,404,167,66,96
1528,402,167,66,96
1529,400,165,66,96
1530,400,165,66,96
1531,399,163,66,96
1532,400,164,66,96
1533,405,167,66,96
1534,414,167,66,96
1535,414,167,66,96
1536,424,164,66,96
1537,431,160,66,96
1538,436,156,66,96
1539,439,154,66,96
1540,439,154,66,96
1541,441,152,66,96
1542,442,151,66,96
1543,442,150,66,96
1544,442,150,66,96
1545,442,150,66,96
1546,441,150,66,96
1547,439,149,66,96
1548,437,148,66,96
1549,437,146,66,96
1550,437,146,66,96
1551,436,146,66,96
1552,436,146,66,96
1553,436,146,66,96
1554,436,144,66,96
1555,436,144,66,96
1556,436,141,66,96
1557,437,139,66,96
1558,440,141,66,96
1559,445,145,66,96
1560,445,145,66,96
1561,446,147,66,96
1562,444,147,66,96
1563,441,147,66,96
1564,434,145,66,96
1565,434,145,66,96
1566,426,140,66,96
1567,416,132,66,96
1568,406,124,66,96
1569,398,117,66,96
1570,398,117,66,96
1571,392,111,66,96
1572,389,107,66,96
1573,388,105,66,96
1574,389,105,66,96
1575,389,105,66,96
1576,390,107,66,96
1577,391,110,66,96
1578,393,113,66,96
1579,394,115,66,96
1580,394,115,66,96
1581,395,116,66,96
1582,397,116,66,96
1583,400,118,66,96
1584,403,120,66,96
1585,403,120,66,96
1586,404,121,66,96
1587,404,120,66,96
1588,403,119,66,96
1589,403,119,66,96
1590,403,119,66,96
1591,404,119,66,96
1592,407,119,66,96
1593,410,121,66,96
1594,413,121,66,96
1595,413,121,66,96
1596,414,121,66,96
1597,415,121,66,96
1598,416,122,66,96
1599,416,123,66,96
1600,416,123,66,96
1601,414,124,66,96
1602,409,125,66,96
1603,404,124,66,96
1604,399,124,66,96
1605,399,124,66,96
1606,400,126,66,96
1607,402,130,66,96
1608,401,128,66,96
1609,400,127,66,96
1610,400,127,66,96
1611,401,130,66,96
1612,403,134,66,96
1613,404,135,66,96
1614,407,137,66,96
1615,407,137,66,96
1616,414,141,66,96
1617,425,144,66,96
1618,432,145,66,96
1619,438,145,66,96
1620,438,145,66,96
1621,441,144,66,96
1622,440,143,66,96
1623,438,142,66,96
1624,436,141,66,96
1625,436,141,66,96
1626,436,140,66,96
1627,437,140,66,96
1628,438,140,66,96
1629,439,140,66,96
1630,439,140,66,96
1631,440,140,66,96
1632,441,140,66,96
1633,442,140,66,96
1634,444,141,66,96
1635,444,141,66,96
1636,446,142,66,96
1637,447,142,66,96
1638,447,142,66,96
1639,448,142,66,96
1640,448,142,66,96
1641,450,144,66,96
1642,451,145,66,96
1643,452,146,66,96
1644,454,147,66,96
1645,454,146,66,96
1646,457,146,66,96
1647,461,147,66,96
1648,463,148,66,96
1649,464,148,66,96
1650,464,148,66,96
1651,465,148,66,96
1652,466,148,66,96
1653,467,148,66,96
1654,468,147,66,96
1655,468,147,66,96
1656,469,146,66,96
1657,470,145,66,96
1658,470,144,66,96
1659,470,144,66,96
1660,470,144,66,96
1661,469,143,66,96
1662,468,142,66,96
1663,467,141,66,96
1664,466,140,66,96
1665,466,140,66,96
1666,465,139,66,96
1667,464,139,66,96
1668,463,139,66,96
1669,462,139,66,96
1670,462,139,66,96
1671,460,138,66,96
1672,458,137,66,96
1673,457,136,66,96
1674,456,135,66,96
1675,456,135,66,96
1676,455,134,66,96
1677,454,133,66,96
1678,454,132,66,96
1679,454,131,66,96
1680,454,131,66,96
1681,454,130,66,96
1682,454,129,66,96
1683,454,129,66,96
1684,454,129,66,96
1685,454,129,66,96
1686,454,129,66,96
1687,454,129,66,96
1688,454,128,66,96
1689,454,127,66,96
1690,454,127,66,96
1691,454,126,66,96
1692,454,124,66,96
1693,453,122,66,96
1694,452,120,66,96
1695,452,120,66,96
1696,451,118,66,96
1697,450,116,66,96
1698,449,115,66,96
1699,448,114,66,96
1700,448,114,66,96
1701,447,113,66,96
1702,446,112,66,96
1703,445,111,66,96
1704,445,110,66,96
1705,445,110,66,96
1706,445,109,66,96
1707,445,109,66,96
1708,445,109,66,96
1709,445,109,66,96
1710,445,109,66,96
1711,445,109,66,96
1712,445,109,66,96
1713,445,109,66,96
1714,445,109,66,96
1715,445,109,66,96
1716,445,109,66,96
1717,445,109,66,96
1718,445,109,66,96
1719,445,109,66,96
1720,445,109,66,96
1721,445,109,66,96
1722,445,109,66,96
1723,106,82,66,96
1724,106,82,66,96
1725,106,82,66,96
1726,106,82,66,96
1727,106,82,66,96
1728,106,82,66,96
1729,106,82,66,96
1730,106,82,66,96
1731,106,82,66,96
1732,106,82,66,96
1733,106,82,66,96
1734,106,82,66,96
1735,106,82,66,96
1736,106,82,66,96
1737,106,82,66,96
1738,106,82,66,96
1739,106,82,66,96
1740,106,82,66,96
1741,106,82,66,96
1742,106,82,66,96
1743,106,82,66,96
1744,106,82,66,96
1745,106,82,66,96
1746,106,82,66,96
1747,106,82,66,96
1748,106,82,66,96
1749,106,82,66,96
1750,106,82,66,96
1751,106,82,66,96
1752,106,82,66,96
1753,106,82,66,96
1754,106,82,66,96
1755,106,82,66,96
1756,106,82,66,96
1757,106,82,66,96
1758,106,82,66,96
1759,106,82,66,96
1760,106,82,66,96
1761,106,82,66,96
1762,106,82,66,96
1763,106,82,66,96
1764,106,82,66,96
1765,106,82,66,96
1766,106,82,66,96
1767,106,82,66,96
1768,106,82,66,96
1769,106,82,66,96
1770,106,82,66,96
1771,106,82,66,96
1772,106,82,66,96
1773,106,82,66,96
1774,106,82,66,96
1775,106,82,66,96
1776,106,82,66,96
1777,106,82,66,96
1778,106,82,66,96
1779,106,82,66,96
1780,106,82,66,96
1781,106,82,66,96
1782,106,82,66,96
1783,106,82,66,96
1784,106,82,66,96
1785,106,82,66,96
1786,106,82,66,96
1787,106,82,66,96
1788,106,82,66,96
1789,106,82,66,96
1790,106,82,66,96
1791,106,82,66,96
1792,106,82,66,96
1793,106,82,66,96
1794,106,82,66,96
1795,106,82,66,96
1796,105,82,66,96
1797,104,81,66,96
1798,103,80,66,96
1799,102,79,66,96
1800,102,79,66,96
1801,101,78,66,96
1802,100,77,66,96
1803,99,76,66,96
1804,98,75,66,96
1805,98,75,66,96
1806,97,74,66,96
1807,96,72,66,96
1808,95,71,66,96
1809,93,70,66,96
1810,93,70,66,96
1811,91,69,66,96
1812,89,67,66,96
1813,86,65,66,96
1814,82,62,66,96
1815,82,62,66,96
1816,78,58,66,96
1817,73,54,66,96
1818,67,49,66,96
1819,61,44,66,96
1820,61,44,66,96
1821,55,39,66,96
1822,49,32,66,96
1823,43,27,66,96
1824,37,21,66,96
1825,37,21,66,96
1826,32,16,66,96
1827,27,12,66,96
1828,23,9,66,96
1829,20,7,66,96
1830,20,7,66,96
1831,18,6,66,96
1832,16,6,66,96
1833,16,6,66,96
1834,16,7,66,96
1835,16,7,66,96
1836,18,9,66,96
1837,22,12,66,96
1838,26,16,66,96
1839,29,19,66,96
1840,29,19,66,96
1841,31,22,66,96
1842,32,24,66,96
1843,33,25,66,96
1844,33,25,66,96
1845,33,25,66,96
1846,33,25,66,96
1847,33,25,66,96
1848,33,25,66,96
1849,33,25,66,96
1850,33,25,66,96
1851,33,25,66,96
1852,33,25,66,96
1853,33,25,66,96
1854,33,25,66,96
1855,33,25,66,96
1856,33,25,66,96
1857,33,25,66,96
1858,33,25,66,96
1859,33,25,66,96
1860,33,25,66,96
1861,33,25,66,96
1862,33,25,66,96
1863,33,24,66,96
1864,32,22,66,96
1865,32,22,66,96
1866,31,21,66,96
1867,30,20,66,96
1868,29,17,66,96
1869,27,15,66,96
1870,27,15,66,96
1871,24,12,66,96
1872,21,10,66,96
1873,17,7,66,96
1874,12,3,66,96
1875,12,3,66,96
1876,7,0,66,96
1877,2,0,66,96
1878,479,247,66,96
1879,479,247,66,96
1880,479,247,66,96
1881,479,247,66,96
1882,479,247,66,96
1883,479,247,66,96
1884,479,247,66,96
1885,479,247,66,96
1886,479,247,66,96
1887,479,247,66,96
1888,479,247,66,96
1889,479,247,66,96
1890,479,246,66,96
1891,479,246,66,96
1892,479,246,66,96
1893,479,246,66,96
1894,480,248,66,96
1895,480,248,66,96
1896,481,250,66,96
1897,481,250,66,96
1898,481,249,66,96
1899,481,248,66,96
1900,481,248,66,96
1901,481,247,66,96
1902,481,247,66,96
1903,481,247,66,96
1904,482,248,66,96
1905,482,248,66,96
1906,483,250,66,96
1907,489,258,66,96
1908,506,251,66,96
1909,516,249,66,96
1910,516,249,66,96
1911,525,250,66,96
1912,528,250,66,96
1913,532,249,66,96
1914,537,248,66,96
1915,537,248,66,96
1916,541,246,66,96
1917,544,245,66,96
1918,546,243,66,96
1919,548,242,66,96
1920,548,242,66,96
1921,551,241,66,96
1922,556,239,66,96
1923,563,233,66,96
1924,569,227,66,96
1925,569,227,66,96
1926,573,217,66,96
1927,0,201,66,96
1928,0,201,66,96
1929,0,201,66,96
1930,0,201,66,96
1931,0,201,66,96
1932,0,201,66,96
1933,0,201,66,96
1934,0,201,66,96
1935,0,201,66,96
1936,0,201,66,96
1937,0,201,66,96
1938,0,201,66,96
1939,0,201,66,96
1940,1,201,66,96
1941,1,201,66,96
1942,1,201,66,96
1943,1,201,66,96
1944,1,201,66,96
1945,1,201,66,96
1946,2,201,66,96
1947,2,201,66,96
1948,2,201,66,96
1949,2,201,66,96
1950,2,201,66,96
1951,2,201,66,96
1952,2,201,66,96
1953,2,201,66,96
1954,2,201,66,96
1955,2,201,66,96
1956,2,201,66,96
1957,2,201,66,96
1958,2,201,66,96
1959,2,201,66,96
1960,2,201,66,96
1961,2,201,66,96
1962,2,201,66,96
1963,2,201,66,96
1964,2,201,66,96
1965,2,201,66,96
1966,2,201,66,96
1967,2,201,66,96
1968,2,201,66,96
1969,2,201,66,96
1970,2,201,66,96
1971,2,201,66,96
1972,2,201,66,96
1973,2,201,66,96
1974,2,201,66,96
1975,2,201,66,96
1976,2,201,66,96
1977,2,201,66,96
1978,2,201,66,96
1979,2,201,66,96
1980,2,201,66,96
1981,2,201,66,96
1982,2,201,66,96
1983,2,201,66,96
1984,2,201,66,96
1985,2,201,66,96
1986,2,201,66,96
1987,2,201,66,96
1988,2,201,66,96
1989,2,201,66,96
1990,2,201,66,96
1991,2,201,66,96
1992,2,201,66,96
1993,2,201,66,96
1994,2,201,66,96
1995,2,201,66,96
1996,2,201,66,96
1997,2,201,66,96
1998,2,201,66,96
1999,2,201,66,96
2000,3,201,66,96
2001,3,201,66,96
2002,3,201,66,96
2003,3,201,66,96
2004,3,201,66,96
2005,4,201,66,96
2006,4,201,66,96
2007,4,201,66,96
2008,4,201,66,96
2009,4,201,66,96
2010,4,201,66,96
2011,4,201,66,96
2012,4,201,66,96
2013,4,201,66,96
2014,4,201,66,96
2015,4,201,66,96
2016,4,201,66,96
2017,4,201,66,96
2018,4,201,66,96
2019,4,201,66,96
2020,4,201,66,96
2021,4,201,66,96
2022,4,201,66,96
2023,4,201,66,96
2024,4,201,66,96
2025,4,201,66,96
2026,4,201,66,96
2027,4,201,66,96
2028,4,201,66,96
2029,4,201,66,96
2030,4,201,66,96
2031,4,201,66,96
2032,125,87,66,96
2033,125,87,66,96
2034,125,87,66,96
2035,125,87,66,96
2036,125,87,66,96
2037,125,87,66,96
2038,125,87,66,96
2039,125,87,66,96
2040,125,87,66,96
2041,125,87,66,96
2042,125,87,66,96
2043,125,87,66,96
2044,125,87,66,96
2045,125,87,66,96
2046,125,87,66,96
2047,125,87,66,96
2048,125,87,66,96
2049,125,87,66,96
2050,125,87,66,96
2051,125,87,66,96
2052,125,87,66,96
2053,125,87,66,96
2054,125,87,66,96
2055,125,87,66,96
2056,125,87,66,96
2057,125,87,66,96
2058,125,87,66,96
2059,125,87,66,96
2060,125,87,66,96
2061,125,87,66,96
2062,125,87,66,96
2063,125,88,66,96
2064,125,88,66,96
2065,125,88,66,96
2066,125,88,66,96
2067,125,88,66,96
2068,125,88,66,96
2069,125,88,66,96
2070,125,88,66,96
2071,125,88,66,96
2072,125,88,66,96
2073,125,88,66,96
2074,125,88,66,96
2075,125,88,66,96
2076,125,88,66,96
2077,125,88,66,96
2078,125,88,66,96
2079,125,88,66,96
2080,125,88,66,96
2081,125,88,66,96
2082,125,88,66,96
2083,125,88,66,96
2084,125,88,66,96
2085,125,88,66,96
2086,125,88,66,96
2087,125,88,66,96
2088,125,88,66,96
2089,125,88,66,96
2090,125,88,66,96
2091,125,88,66,96
2092,125,88,66,96
2093,125,88,66,96
2094,125,88,66,96
2095,125,88,66,96
2096,125,88,66,96
2097,125,88,66,96
2098,125,88,66,96
2099,125,88,66,96
2100,125,88,66,96
2101,125,88,66,96
2102,125,88,66,96
2103,125,88,66,96
2104,125,88,66,96
2105,125,88,66,96
2106,125,88,66,96
2107,125,88,66,96
2108,125,88,66,96
2109,125,88,66,96
2110,125,88,66,96
2111,125,88,66,96
2112,125,88,66,96
2113,125,88,66,96
2114,125,88,66,96
2115,125,88,66,96
2116,125,88,66,96
2117,125,88,66,96
2118,125,88,66,96
2119,125,88,66,96
2120,125,88,66,96
2121,125,88,66,96
2122,125,88,66,96
2123,125,88,66,96
2124,125,88,66,96
2125,125,88,66,96
2126,125,88,66,96
2127,125,88,66,96
2128,125,88,66,96
2129,125,88,66,96
2130,125,88,66,96
2131,125,88,66,96
2132,125,88,66,96
2133,125,88,66,96
2134,125,89,66,96
2135,125,89,66,96
2136,125,89,66,96
2137,125,89,66,96
2138,125,89,66,96
2139,125,89,66,96
2140,125,89,66,96
2141,125,89,66,96
2142,125,89,66,96
2143,125,89,66,96
2144,125,89,66,96
2145,125,89,66,96
2146,125,89,66,96
2147,125,89,66,96
2148,125,89,66,96
2149,125,89,66,96
2150,125,89,66,96
2151,125,89,66,96
2152,125,89,66,96
2153,125,89,66,96
2154,125,89,66,96
2155,125,89,66,96
2156,125,89,66,96
2157,125,89,66,96
2158,125,89,66,96
2159,125,89,66,96
2160,125,88,66,96
2161,125,88,66,96
2162,125,88,66,96
2163,125,88,66,96
2164,125,88,66,96
2165,125,88,66,96
2166,125,88,66,96
2167,125,88,66,96
2168,125,88,66,96
2169,125,88,66,96
2170,125,88,66,96
2171,125,88,66,96
2172,125,88,66,96
2173,125,88,66,96
2174,125,88,66,96
2175,125,88,66,96
2176,125,88,66,96
2177,125,88,66,96
2178,125,88,66,96
2179,125,88,66,96
2180,135,73,66,96
2181,135,73,66,96
2182,135,73,66,96
2183,135,73,66,96
2184,135,73,66,96
2185,135,73,66,96
2186,135,73,66,96
2187,135,73,66,96
2188,135,73,66,96
2189,135,73,66,96
2190,135,73,66,96
2191,135,73,66,96
2192,135,73,66,96
2193,135,73,66,96
2194,135,73,66,96
2195,135,73,66,96
2196,135,73,66,96
2197,135,73,66,96
2198,135,73,66,96
2199,135,73,66,96
2200,135,73,66,96
2201,135,73,66,96
2202,135,73,66,96
2203,135,73,66,96
2204,135,73,66,96
2205,135,73,66,96
2206,135,73,66,96
2207,135,73,66,96
2208,135,73,66,96
2209,135,73,66,96
2210,135,73,66,96
2211,135,73,66,96
2212,135,73,66,96
2213,135,73,66,96
2214,135,73,66,96
2215,135,73,66,96
2216,135,73,66,96
2217,135,73,66,96
2218,135,73,66,96
2219,135,73,66,96
2220,135,73,66,96
2221,135,74,66,96
2222,135,74,66,96
2223,135,74,66,96
2224,135,74,66,96
2225,135,74,66,96
2226,135,74,66,96
2227,135,74,66,96
2228,135,74,66,96
2229,135,74,66,96
2230,135,74,66,96
2231,135,74,66,96
2232,135,74,66,96
2233,135,74,66,96
2234,135,74,66,96
2235,135,74,66,96
2236,135,74,66,96
2237,135,74,66,96
2238,135,74,66,96
2239,135,74,66,96
2240,135,74,66,96
2241,135,74,66,96
2242,135,74,66,96
2243,135,74,66,96
2244,135,74,66,96
2245,135,74,66,96
2246,135,74,66,96
2247,135,73,66,96
2248,135,73,66,96
2249,135,73,66,96
2250,135,73,66,96
2251,135,73,66,96
2252,135,73,66,96
2253,135,73,66,96
2254,135,73,66,96
2255,135,73,66,96
2256,135,73,66,96
2257,135,73,66,96
2258,135,73,66,96
2259,135,73,66,96
2260,135,73,66,96
2261,135,73,66,96
2262,135,73,66,96
2263,135,73,66,96
2264,135,72,66,96
2265,135,72,66,96
2266,135,72,66,96
2267,135,72,66,96
2268,135,72,66,96
2269,135,72,66,96
2270,135,72,66,96
2271,135,72,66,96
2272,135,72,66,96
2273,135,72,66,96
2274,135,72,66,96
2275,135,72,66,96
2276,135,72,66,96
2277,135,73,66,96
2278,135,73,66,96
2279,135,73,66,96
2280,135,73,66,96
2281,135,73,66,96
2282,135,73,66,96
2283,135,73,66,96
2284,135,73,66,96
2285,135,73,66,96
2286,135,73,66,96
2287,135,73,66,96
2288,135,73,66,96
2289,135,73,66,96
2290,135,73,66,96
2291,135,73,66,96
2292,135,73,66,96
2293,135,73,66,96
2294,135,73,66,96
2295,135,73,66,96
2296,135,73,66,96
2297,135,73,66,96
2298,135,73,66,96
2299,135,73,66,96
2300,135,73,66,96
2301,135,73,66,96
2302,135,73,66,96
2303,135,73,66,96
2304,135,73,66,96
2305,135,73,66,96
2306,135,73,66,96
2307,135,73,66,96
2308,135,73,66,96
2309,135,73,66,96
2310,135,73,66,96
2311,135,73,66,96
2312,135,73,66,96
2313,135,73,66,96
2314,135,73,66,96
2315,135,73,66,96
2316,135,73,66,96
2317,135,73,66,96
2318,135,73,66,96
2319,135,73,66,96
2320,135,73,66,96
2321,135,73,66,96
2322,135,73,66,96
2323,135,73,66,96
2324,135,73,66,96
2325,135,73,66,96
2326,135,73,66,96
2327,135,73,66,96
2328,135,73,66,96
2329,135,73,66,96
2330,135,73,66,96
2331,135,73,66,96
2332,135,73,66,96
2333,135,73,66,96
2334,135,73,66,96
2335,135,73,66,96
2336,135,73,66,96
2337,135,73,66,96
2338,135,73,66,96
2339,135,73,66,96
2340,135,73,66,96
2341,135,73,66,96
2342,135,73,66,96
2343,135,73,66,96
2344,135,73,66,96
2345,135,73,66,96
2346,135,73,66,96
2347,135,73,66,96
2348,135,73,66,96
2349,135,73,66,96
2350,135,73,66,96
2351,93,69,66,96
2352,93,69,66,96
2353,93,70,66,96
2354,93,72,66,96
2355,93,71,66,96
2356,93,71,66,96
2357,93,71,66,96
2358,93,71,66,96
2359,93,71,66,96
2360,93,71,66,96
2361,93,71,66,96
2362,93,71,66,96
2363,93,71,66,96
2364,93,71,66,96
2365,93,71,66,96
2366,93,71,66,96
2367,93,71,66,96
2368,93,71,66,96
2369,93,71,66,96
2370,93,71,66,96
2371,93,71,66,96
2372,93,71,66,96
2373,93,71,66,96
2374,93,71,66,96
2375,93,71,66,96
2376,93,71,66,96
2377,93,71,66,96
2378,93,71,66,96
2379,93,71,66,96
2380,93,71,66,96
2381,93,71,66,96
2382,93,71,66,96
2383,93,71,66,96
2384,93,71,66,96
2385,93,71,66,96
2386,93,71,66,96
2387,93,71,66,96
2388,93,71,66,96
2389,93,71,66,96
2390,93,71,66,96
2391,93,71,66,96
2392,93,71,66,96
2393,93,71,66,96
2394,93,71,66,96
2395,92,71,66,96
2396,91,71,66,96
2397,90,71,66,96
2398,89,71,66,96
2399,89,71,66,96
2400,88,71,66,96
2401,87,71,66,96
2402,86,71,66,96
2403,85,71,66,96
2404,85,71,66,96
2405,84,71,66,96
2406,83,71,66,96
2407,82,71,66,96
2408,81,71,66,96
2409,81,71,66,96
2410,80,71,66,96
2411,79,70,66,96
2412,78,70,66,96
2413,77,69,66,96
2414,77,69,66,96
2415,76,68,66,96
2416,75,67,66,96
2417,74,66,66,96
2418,73,65,66,96
2419,73,65,66,96
2420,72,64,66,96
2421,71,62,66,96
2422,70,61,66,96
2423,69,60,66,96
2424,69,60,66,96
2425,68,59,66,96
2426,1,220,66,96
2427,1,220,66,96
2428,1,220,66,96
2429,2,220,66,96
2430,2,220,66,96
2431,2,220,66,96
2432,2,220,66,96
2433,2,220,66,96
2434,2,220,66,96
2435,2,220,66,96
2436,2,220,66,96
2437,2,220,66,96
2438,2,220,66,96
2439,2,220,66,96
2440,2,220,66,96
2441,2,220,66,96
2442,2,220,66,96
2443,2,220,66,96
2444,2,220,66,96
2445,2,220,66,96
2446,2,220,66,96
2447,2,220,66,96
2448,2,220,66,96
2449,2,220,66,96
2450,2,220,66,96
2451,2,219,66,96
2452,1,218,66,96
2453,1,218,66,96
2454,1,218,66,96
2455,1,217,66,96
2456,1,217,66,96
2457,0,216,66,96
2458,0,215,66,96
2459,0,215,66,96
2460,0,215,66,96
2461,0,214,66,96
2462,0,213,66,96
2463,0,212,66,96
2464,0,212,66,96
2465,2,212,66,96
2466,1,211,66,96
2467,1,210,66,96
2468,1,209,66,96
2469,1,209,66,96
2470,1,208,66,96
2471,1,207,66,96
2472,1,206,66,96
2473,1,205,66,96
2474,1,205,66,96
2475,1,204,66,96
2476,1,203,66,96
2477,1,202,66,96
2478,1,201,66,96
2479,1,201,66,96
2480,1,200,66,96
2481,2,199,66,96
2482,2,198,66,96
2483,2,197,66,96
2484,2,197,66,96
2485,2,196,66,96
2486,1,195,66,96
2487,1,194,66,96
2488,1,194,66,96
2489,1,194,66,96
2490,1,193,66,96
2491,1,193,66,96
2492,1,192,66,96
2493,1,192,66,96
2494,1,192,66,96
2495,1,192,66,96
2496,1,192,66,96
2497,1,192,66,96
2498,1,192,66,96
2499,1,192,66,96
2500,1,192,66,96
2501,1,192,66,96
2502,1,192,66,96
2503,1,192,66,96
2504,1,192,66,96
2505,1,192,66,96
2506,1,192,66,96
2507,1,192,66,96
2508,1,192,66,96
2509,1,192,66,96
2510,1,192,66,96
2511,1,192,66,96
2512,1,192,66,96
2513,1,192,66,96
2514,1,192,66,96
2515,0,192,66,96
2516,0,192,66,96
2517,0,192,66,96
2518,0,192,66,96
2519,0,192,66,96
2520,0,192,66,96
2521,1,193,66,96
2522,1,194,66,96
2523,1,195,66,96
2524,1,195,66,96
2525,1,195,66,96
2526,0,195,66,96
2527,0,195,66,96
2528,0,196,66,96
2529,0,196,66,96
2530,0,196,66,96
2531,0,196,66,96
2532,0,196,66,96
2533,0,196,66,96
2534,0,196,66,96
2535,1,197,66,96
2536,1,198,66,96
2537,1,199,66,96
2538,1,200,66,96
2539,1,200,66,96
2540,1,200,66,96
2541,1,200,66,96
2542,1,200,66,96
2543,1,201,66,96
2544,1,201,66,96
2545,1,202,66,96
2546,1,203,66,96
2547,1,204,66,96
2548,1,204,66,96
2549,1,204,66,96
2550,1,204,66,96
2551,1,204,66,96
2552,1,205,66,96
2553,1,206,66,96
2554,1,206,66,96
2555,1,206,66,96
2556,1,206,66,96
2557,1,206,66,96
2558,1,206,66,96
2559,1,206,66,96
2560,1,206,66,96
2561,1,206,66,96
2562,1,207,66,96
2563,2,208,66,96
2564,2,208,66,96
2565,2,208,66,96
2566,2,208,66,96
2567,1,208,66,96
2568,1,208,66,96
2569,1,208,66,96
2570,1,208,66,96
2571,1,208,66,96
2572,1,208,66,96
2573,1,208,66,96
2574,1,208,66,96
2575,1,208,66,96
2576,1,208,66,96
2577,1,208,66,96
2578,1,208,66,96
2579,1,208,66,96
2580,1,208,66,96
2581,1,208,66,96
2582,1,208,66,96
2583,1,208,66,96
2584,1,208,66,96
2585,1,208,66,96
2586,1,208,66,96
2587,1,208,66,96
2588,1,208,66,96
2589,1,208,66,96
2590,1,208,66,96
2591,1,208,66,96
2592,1,208,66,96
2593,1,208,66,96
2594,1,208,66,96
2595,1,208,66,96
2596,1,208,66,96
2597,1,208,66,96
2598,1,208,66,96
2599,2,209,66,96
2600,2,209,66,96
2601,2,209,66,96
2602,2,209,66,96
2603,2,209,66,96
2604,2,209,66,96
2605,2,209,66,96
2606,2,209,66,96
2607,2,209,66,96
2608,2,209,66,96
2609,2,209,66,96
2610,2,209,66,96
2611,3,209,66,96
2612,3,209,66,96
2613,3,209,66,96
2614,3,209,66,96
2615,3,209,66,96
2616,3,209,66,96
2617,3,209,66,96
2618,3,209,66,96
2619,3,209,66,96
2620,3,209,66,96
2621,4,210,66,96
2622,4,210,66,96
2623,4,210,66,96
2624,4,210,66,96
2625,4,210,66,96
2626,5,211,66,96
2627,5,211,66,96
2628,5,211,66,96
2629,5,211,66,96
2630,5,211,66,96
2631,5,211,66,96
2632,5,211,66,96
2633,5,211,66,96
2634,5,211,66,96
2635,5,211,66,96
2636,5,211,66,96
2637,5,211,66,96
2638,5,211,66,96
2639,5,211,66,96
2640,5,211,66,96
2641,5,211,66,96
2642,5,211,66,96
2643,5,211,66,96
2644,5,211,66,96
2645,5,211,66,96
2646,5,211,66,96
2647,5,211,66,96
2648,5,211,66,96
2649,5,211,66,96
2650,5,211,66,96
2651,5,211,66,96
2652,5,211,66,96
2653,5,211,66,96
2654,5,211,66,96
2655,5,211,66,96
2656,5,211,66,96
2657,5,211,66,96
2658,5,211,66,96
2659,5,211,66,96
2660,5,211,66,96
2661,5,211,66,96
2662,5,211,66,96
2663,5,211,66,96
2664,5,211,66,96
2665,5,211,66,96
2666,5,211,66,96
2667,5,211,66,96
2668,5,211,66,96
2669,5,211,66,96
2670,5,211,66,96
2671,5,211,66,96
2672,5,211,66,96
2673,5,211,66,96
2674,5,211,66,96
2675,5,211,66,96
2676,5,211,66,96
2677,5,211,66,96
2678,5,211,66,96
2679,5,211,66,96
2680,5,211,66,96
2681,5,211,66,96
2682,5,211,66,96
2683,5,211,66,96
2684,5,211,66,96
2685,5,211,66,96
2686,5,211,66,96
2687,5,211,66,96
2688,5,211,66,96
2689,5,211,66,96
2690,5,211,66,96
2691,5,211,66,96
2692,5,211,66,96
2693,6,211,66,96
2694,6,211,66,96
2695,6,211,66,96
2696,6,211,66,96
2697,6,211,66,96
2698,6,211,66,96
2699,6,211,66,96
2700,6,211,66,96
2701,6,211,66,96
2702,6,211,66,96
2703,6,211,66,96
2704,6,211,66,96
2705,6,211,66,96
2706,6,211,66,96
2707,6,211,66,96
2708,6,211,66,96
2709,6,211,66,96
2710,6,211,66,96
2711,6,211,66,96
2712,6,211,66,96
2713,6,211,66,96
2714,6,211,66,96
2715,6,211,66,96
2716,6,211,66,96
2717,6,211,66,96
2718,6,211,66,96
2719,6,211,66,96
2720,6,211,66,96
2721,6,211,66,96
2722,6,211,66,96
2723,6,211,66,96
2724,6,211,66,96
2725,6,211,66,96
2726,6,211,66,96
2727,6,211,66,96
2728,6,211,66,96
2729,6,211,66,96
2730,6,211,66,96
2731,6,211,66,96
2732,6,211,66,96
2733,6,211,66,96
2734,6,211,66,96
2735,6,211,66,96
2736,6,211,66,96
2737,6,211,66,96
2738,6,211,66,96
2739,6,211,66,96
2740,6,211,66,96
2741,6,211,66,96
2742,6,211,66,96
2743,6,211,66,96
2744,6,211,66,96
2745,6,211,66,96
2746,6,211,66,96
2747,5,210,66,96
2748,5,210,66,96
2749,5,210,66,96
2750,5,210,66,96
2751,5,210,66,96
2752,5,210,66,96
2753,5,210,66,96
2754,5,210,66,96
2755,6,211,66,96
2756,6,211,66,96
2757,6,211,66,96
2758,6,211,66,96
2759,6,211,66,96
2760,6,211,66,96
2761,6,211,66,96
2762,6,211,66,96
2763,6,211,66,96
2764,7,212,66,96
2765,7,212,66,96
2766,7,212,66,96
2767,7,212,66,96
2768,7,212,66,96
2769,7,212,66,96
2770,7,212,66,96
2771,7,212,66,96
2772,7,212,66,96
2773,7,212,66,96
2774,7,212,66,96
2775,7,212,66,96
2776,7,212,66,96
2777,7,212,66,96
2778,7,212,66,96
2779,7,212,66,96
2780,6,211,66,96
2781,6,211,66,96
2782,6,211,66,96
2783,6,211,66,96
2784,6,211,66,96
2785,6,211,66,96
2786,6,211,66,96
2787,6,211,66,96
2788,6,211,66,96
2789,6,211,66,96
2790,6,211,66,96
2791,6,211,66,96
2792,6,211,66,96
2793,6,211,66,96
2794,6,211,66,96
2795,6,211,66,96
2796,6,211,66,96
2797,7,212,66,96
2798,7,212,66,96
2799,7,212,66,96
2800,7,212,66,96
2801,7,212,66,96
2802,8,212,66,96
2803,8,212,66,96
2804,8,212,66,96
2805,8,212,66,96
2806,8,212,66,96
2807,8,212,66,96
2808,8,212,66,96
2809,7,211,66,96
2810,7,211,66,96
2811,7,211,66,96
2812,7,211,66,96
2813,7,211,66,96
2814,7,211,66,96
2815,7,211,66,96
2816,7,211,66,96
2817,7,211,66,96
2818,7,211,66,96
2819,7,211,66,96
2820,7,211,66,96
2821,7,211,66,96
2822,7,211,66,96
2823,8,211,66,96
2824,7,210,66,96
2825,7,210,66,96
2826,7,210,66,96
2827,7,210,66,96
2828,7,210,66,96
2829,7,210,66,96
2830,7,210,66,96
2831,7,210,66,96
2832,7,210,66,96
2833,7,210,66,96
2834,7,210,66,96
2835,7,210,66,96
2836,7,210,66,96
2837,7,210,66,96
2838,7,210,66,96
2839,7,210,66,96
2840,7,210,66,96
2841,7,210,66,96
2842,7,210,66,96
2843,7,210,66,96
2844,7,210,66,96
2845,7,210,66,96
2846,7,210,66,96
2847,7,210,66,96
2848,7,210,66,96
2849,7,210,66,96
2850,7,210,66,96
2851,7,210,66,96
2852,7,210,66,96
2853,7,210,66,96
2854,7,210,66,96
2855,7,210,66,96
2856,7,210,66,96
2857,7,210,66,96
2858,7,210,66,96
2859,7,210,66,96
2860,7,210,66,96
2861,7,210,66,96
2862,7,210,66,96
2863,7,210,66,96
2864,7,210,66,96
2865,7,210,66,96
2866,6,209,66,96
2867,6,209,66,96
2868,6,209,66,96
2869,6,209,66,96
2870,6,209,66,96
2871,6,209,66,96
2872,6,209,66,96
2873,6,209,66,96
2874,6,209,66,96
2875,6,209,66,96
2876,6,209,66,96
2877,461,60,66,96
2878,461,60,66,96
2879,461,60,66,96
2880,461,60,66,96
2881,461,60,66,96
2882,461,60,66,96
2883,461,60,66,96
2884,461,60,66,96
2885,461,60,66,96
2886,461,60,66,96
2887,461,60,66,96
2888,461,60,66,96
2889,461,60,66,96
2890,461,60,66,96
2891,461,60,66,96
2892,461,60,66,96
2893,461,60,66,96
2894,461,60,66,96
2895,461,60,66,96
2896,461,60,66,96
2897,461,60,66,96
2898,461,60,66,96
2899,461,60,66,96
2900,461,60,66,96
2901,461,60,66,96
2902,461,60,66,96
2903,461,60,66,96
2904,461,60,66,96
2905,461,60,66,96
2906,461,60,66,96
2907,461,60,66,96
2908,461,59,66,96
2909,461,59,66,96
2910,461,59,66,96
2911,461,59,66,96
2912,461,59,66,96
2913,461,59,66,96
2914,461,59,66,96
2915,461,59,66,96
2916,461,59,66,96
2917,461,59,66,96
2918,461,59,66,96
2919,461,59,66,96
2920,461,59,66,96
2921,461,59,66,96
2922,461,59,66,96
2923,401,83,66,96
2924,401,83,66,96
2925,401,83,66,96
2926,401,83,66,96
2927,400,83,66,96
2928,400,83,66,96
2929,400,83,66,96
2930,400,83,66,96
2931,400,83,66,96
2932,400,83,66,96
2933,400,83,66,96
2934,400,83,66,96
2935,400,83,66,96
2936,400,83,66,96
2937,400,82,66,96
2938,400,81,66,96
2939,400,81,66,96
2940,400,80,66,96
2941,400,79,66,96
2942,401,79,66,96
2943,401,79,66,96
2944,401,79,66,96
2945,401,79,66,96
2946,401,79,66,96
2947,401,79,66,96
2948,401,79,66,96
2949,401,79,66,96
2950,401,79,66,96
2951,401,79,66,96
2952,401,79,66,96
2953,401,79,66,96
2954,401,79,66,96
2955,401,79,66,96
2956,401,79,66,96
2957,401,79,66,96
2958,401,79,66,96
2959,401,79,66,96
2960,401,79,66,96
2961,401,79,66,96
2962,401,79,66,96
2963,401,79,66,96
2964,401,79,66,96
2965,401,79,66,96
2966,401,79,66,96
2967,401,79,66,96
2968,401,79,66,96
2969,401,79,66,96
2970,401,79,66,96
2971,401,79,66,96
2972,401,79,66,96
2973,401,79,66,96
2974,401,79,66,96
2975,401,79,66,96
2976,401,79,66,96
2977,401,79,66,96
2978,401,79,66,96
2979,401,79,66,96
2980,401,79,66,96
2981,401,79,66,96
2982,401,79,66,96
2983,401,79,66,96
2984,401,79,66,96
2985,401,79,66,96
2986,401,79,66,96
2987,401,79,66,96
2988,401,79,66,96
2989,401,79,66,96
2990,401,79,66,96
2991,401,79,66,96
2992,401,79,66,96
2993,401,79,66,96
2994,401,79,66,96
2995,401,79,66,96
2996,401,79,66,96
2997,401,79,66,96
2998,401,79,66,96
2999,401,79,66,96
3000,401,79,66,96
3001,401,79,66,96
3002,401,79,66,96
3003,401,79,66,96
3004,401,79,66,96
3005,401,79,66,96
3006,401,79,66,96
3007,402,79,66,96
3008,402,79,66,96
3009,403,79,66,96
3010,404,79,66,96
3011,405,79,66,96
3012,406,79,66,96
3013,406,79,66,96
3014,406,79,66,96
3015,406,79,66,96
3016,406,79,66,96
3017,406,79,66,96
3018,406,79,66,96
3019,406,79,66,96
3020,406,79,66,96
3021,406,79,66,96
3022,406,79,66,96
3023,406,79,66,96
3024,406,79,66,96
3025,406,79,66,96
3026,406,79,66,96
3027,406,79,66,96
3028,406,79,66,96
3029,406,79,66,96
3030,406,79,66,96
3031,406,79,66,96
3032,406,79,66,96
3033,406,79,66,96
3034,406,79,66,96
3035,406,79,66,96
3036,406,78,66,96
3037,406,78,66,96
3038,406,78,66,96
3039,406,78,66,96
3040,406,78,66,96
3041,406,78,66,96
3042,406,78,66,96
3043,406,78,66,96
3044,406,78,66,96
3045,406,78,66,96
3046,406,78,66,96
3047,406,78,66,96
3048,406,78,66,96
3049,406,78,66,96
3050,406,78,66,96
3051,406,78,66,96
3052,406,78,66,96
3053,406,78,66,96
3054,406,78,66,96
3055,406,78,66,96
3056,406,78,66,96
3057,406,78,66,96
3058,406,78,66,96
3059,406,78,66,96
3060,406,78,66,96
3061,406,78,66,96
3062,406,78,66,96
3063,406,78,66,96
3064,406,78,66,96
3065,406,78,66,96
3066,406,78,66,96
3067,406,78,66,96
3068,406,78,66,96
3069,406,78,66,96
3070,406,78,66,96
3071,406,78,66,96
3072,406,78,66,96
3073,406,78,66,96
3074,406,78,66,96
3075,406,78,66,96
3076,406,78,66,96
3077,406,78,66,96
3078,406,78,66,96
3079,406,78,66,96
3080,406,78,66,96
3081,406,78,66,96
3082,406,78,66,96
3083,406,77,66,96
3084,406,77,66,96
3085,406,77,66,96
3086,406,77,66,96
3087,406,77,66,96
3088,406,77,66,96
3089,406,77,66,96
3090,406,77,66,96
3091,406,77,66,96
3092,406,77,66,96
3093,406,77,66,96
3094,407,77,66,96
3095,407,77,66,96
3096,407,77,66,96
3097,407,77,66,96
3098,407,77,66,96
3099,407,77,66,96
3100,407,77,66,96
3101,407,77,66,96
3102,407,77,66,96
3103,407,77,66,96
3104,407,77,66,96
3105,407,77,66,96
3106,407,77,66,96
3107,407,77,66,96
3108,407,77,66,96
3109,407,77,66,96
3110,407,77,66,96
3111,407,77,66,96
3112,407,77,66,96
3113,407,77,66,96
3114,407,76,66,96
3115,407,76,66,96
3116,407,76,66,96
3117,407,76,66,96
3118,407,76,66,96
3119,407,76,66,96
3120,407,76,66,96
3121,407,76,66,96
3122,407,76,66,96
3123,407,76,66,96
3124,407,76,66,96
3125,407,76,66,96
3126,407,76,66,96
3127,407,76,66,96
3128,407,76,66,96
3129,407,76,66,96
3130,407,76,66,96
3131,407,76,66,96
3132,407,76,66,96
3133,407,76,66,96
3134,407,76,66,96
3135,407,76,66,96
3136,407,76,66,96
3137,407,76,66,96
3138,407,76,66,96
3139,407,76,66,96
3140,354,84,66,96
3141,354,84,66,96
3142,354,84,66,96
3143,354,84,66,96
3144,354,84,66,96
3145,354,84,66,96
3146,354,84,66,96
3147,354,84,66,96
3148,354,84,66,96
3149,354,84,66,96
3150,354,84,66,96
3151,354,84,66,96
3152,354,83,66,96
3153,354,83,66,96
3154,354,83,66,96
3155,354,84,66,96
3156,354,84,66,96
3157,354,84,66,96
3158,354,84,66,96
3159,354,84,66,96
3160,354,84,66,96
3161,354,84,66,96
3162,354,84,66,96
3163,354,84,66,96
3164,354,84,66,96
3165,214,113,66,96
3166,214,113,66,96
3167,214,113,66,96
3168,214,113,66,96
3169,214,113,66,96
3170,214,113,66,96
3171,214,113,66,96
3172,214,113,66,96
3173,214,113,66,96
3174,214,113,66,96
3175,215,113,66,96
3176,216,113,66,96
3177,217,113,66,96
3178,217,113,66,96
3179,217,113,66,96
3180,217,113,66,96
3181,217,113,66,96
3182,217,113,66,96
3183,217,113,66,96
3184,217,114,66,96
3185,217,114,66,96
3186,217,114,66,96
3187,217,114,66,96
3188,217,114,66,96
3189,217,114,66,96
3190,217,114,66,96
3191,217,114,66,96
3192,217,114,66,96
3193,217,114,66,96
3194,217,114,66,96
3195,217,114,66,96
3196,217,114,66,96
3197,217,114,66,96
3198,217,114,66,96
3199,217,114,66,96
3200,217,114,66,96
3201,217,114,66,96
3202,217,114,66,96
3203,217,114,66,96
3204,217,114,66,96
3205,217,114,66,96
3206,217,114,66,96
3207,217,114,66,96
3208,217,114,66,96
3209,217,114,66,96
3210,217,114,66,96
3211,217,114,66,96
3212,217,114,66,96
3213,217,114,66,96
3214,217,114,66,96
3215,217,114,66,96
3216,217,114,66,96
3217,217,114,66,96
3218,217,114,66,96
3219,217,114,66,96
3220,217,114,66,96
3221,217,114,66,96
3222,217,114,66,96
3223,217,114,66,96
3224,217,114,66,96
3225,217,114,66,96
3226,217,114,66,96
3227,217,114,66,96
3228,217,114,66,96
3229,217,114,66,96
3230,217,114,66,96
3231,217,114,66,96
3232,217,114,66,96
3233,217,114,66,96
3234,217,114,66,96
3235,217,114,66,96
3236,217,114,66,96
3237,217,114,66,96
3238,217,114,66,96
3239,217,114,66,96
3240,217,114,66,96
3241,217,114,66,96
3242,217,114,66,96
3243,217,114,66,96
3244,217,114,66,96
3245,217,114,66,96
3246,217,114,66,96
3247,217,114,66,96
3248,217,114,66,96
3249,217,114,66,96
3250,217,114,66,96
3251,217,114,66,96
3252,217,114,66,96
3253,217,114,66,96
3254,217,114,66,96
3255,217,114,66,96
3256,217,114,66,96
3257,217,114,66,96
3258,217,114,66,96
3259,217,114,66,96
3260,217,114,66,96
3261,217,114,66,96
3262,217,114,66,96
3263,217,114,66,96
3264,217,114,66,96
3265,217,114,66,96
3266,217,114,66,96
3267,217,114,66,96
3268,217,114,66,96
3269,217,114,66,96
3270,217,113,66,96
3271,217,113,66,96
3272,217,113,66,96
3273,217,113,66,96
3274,217,113,66,96
3275,217,113,66,96
3276,217,113,66,96
3277,217,113,66,96
3278,217,113,66,96
3279,217,113,66,96
3280,217,113,66,96
3281,217,114,66,96
3282,217,114,66,96
3283,217,114,66,96
3284,217,114,66,96
3285,217,114,66,96
3286,217,114,66,96
3287,217,114,66,96
3288,217,114,66,96
3289,217,114,66,96
3290,217,114,66,96
3291,217,114,66,96
3292,217,114,66,96
3293,217,114,66,96
3294,217,114,66,96
3295,217,114,66,96
3296,217,114,66,96
3297,217,114,66,96
3298,217,114,66,96
3299,217,114,66,96
3300,217,114,66,96
3301,217,114,66,96
3302,217,114,66,96
3303,217,114,66,96
3304,217,114,66,96
3305,217,114,66,96
3306,217,114,66,96
3307,217,114,66,96
3308,217,114,66,96
3309,217,114,66,96
3310,217,114,66,96
3311,217,114,66,96
3312,217,114,66,96
3313,217,114,66,96
3314,217,114,66,96
3315,217,114,66,96
3316,217,114,66,96
3317,217,114,66,96
3318,217,114,66,96
3319,217,114,66,96
3320,217,114,66,96
3321,217,114,66,96
3322,217,114,66,96
3323,217,114,66,96
3324,217,114,66,96
3325,217,114,66,96
3326,217,114,66,96
3327,217,114,66,96
3328,217,114,66,96
3329,217,114,66,96
3330,217,114,66,96
3331,217,114,66,96
3332,217,114,66,96
3333,217,114,66,96
3334,217,114,66,96
3335,217,114,66,96
3336,217,114,66,96
3337,217,114,66,96
3338,217,114,66,96
3339,217,114,66,96
3340,217,114,66,96
3341,217,114,66,96
3342,217,114,66,96
3343,217,114,66,96
3344,217,114,66,96
3345,217,114,66,96
3346,217,114,66,96
3347,217,114,66,96
3348,217,114,66,96
3349,217,114,66,96
3350,217,114,66,96
3351,217,114,66,96
3352,217,114,66,96
3353,217,114,66,96
3354,217,114,66,96
3355,217,114,66,96
3356,217,113,66,96
3357,217,113,66,96
3358,217,113,66,96
3359,217,113,66,96
3360,217,113,66,96
3361,217,113,66,96
3362,217,113,66,96
3363,217,113,66,96
3364,217,113,66,96
3365,217,113,66,96
3366,217,113,66,96
3367,217,113,66,96
3368,217,113,66,96
3369,217,113,66,96
3370,217,113,66,96
3371,217,113,66,96
3372,217,113,66,96
3373,217,113,66,96
3374,217,113,66,96
3375,217,113,66,96
3376,217,113,66,96
3377,217,113,66,96
3378,217,113,66,96
3379,217,113,66,96
3380,217,113,66,96
3381,217,113,66,96
3382,217,113,66,96
3383,217,113,66,96
3384,217,113,66,96
3385,217,113,66,96
3386,217,113,66,96
3387,217,113,66,96
3388,217,113,66,96
3389,217,113,66,96
3390,217,113,66,96
3391,217,113,66,96
3392,217,113,66,96
3393,217,113,66,96
3394,217,113,66,96
3395,217,113,66,96
3396,217,113,66,96
3397,217,113,66,96
3398,217,113,66,96
3399,217,113,66,96
3400,217,113,66,96
3401,217,113,66,96
3402,217,113,66,96
3403,217,113,66,96
3404,217,113,66,96
3405,217,113,66,96
3406,217,113,66,96
3407,217,113,66,96
3408,217,113,66,96
3409,217,113,66,96
3410,217,113,66,96
3411,217,113,66,96
3412,217,113,66,96
3413,217,113,66,96
3414,217,113,66,96
3415,217,113,66,96
3416,217,113,66,96
3417,217,113,66,96
3418,217,113,66,96
3419,217,113,66,96
3420,217,113,66,96
3421,217,113,66,96
3422,217,113,66,96
3423,217,113,66,96
3424,217,113,66,96
3425,217,113,66,96
3426,217,113,66,96
3427,217,113,66,96
3428,217,113,66,96
3429,217,113,66,96
3430,217,113,66,96
3431,217,113,66,96
3432,217,113,66,96
3433,217,113,66,96
3434,217,113,66,96
3435,217,113,66,96
3436,217,113,66,96
3437,217,113,66,96
3438,217,113,66,96
3439,217,113,66,96
3440,217,113,66,96
3441,217,113,66,96
3442,217,113,66,96
3443,217,113,66,96
3444,217,113,66,96
3445,217,113,66,96
3446,217,113,66,96
3447,217,113,66,96
3448,217,113,66,96
3449,217,113,66,96
3450,217,113,66,96
3451,217,113,66,96
3452,217,113,66,96
3453,217,113,66,96
3454,217,113,66,96
3455,217,113,66,96
3456,217,113,66,96
3457,217,113,66,96
3458,217,113,66,96
3459,217,113,66,96
3460,217,113,66,96
3461,217,113,66,96
3462,217,113,66,96
3463,217,113,66,96
3464,217,113,66,96
3465,217,113,66,96
3466,217,113,66,96
3467,217,113,66,96
3468,217,113,66,96
3469,217,113,66,96
3470,217,113,66,96
3471,217,113,66,96
3472,217,113,66,96
3473,217,113,66,96
3474,217,113,66,96
3475,217,113,66,96
3476,217,113,66,96
3477,217,113,66,96
3478,217,113,66,96
3479,217,113,66,96
3480,217,113,66,96
3481,217,113,66,96
3482,217,113,66,96
3483,217,113,66,96
3484,217,113,66,96
3485,217,113,66,96
3486,217,113,66,96
3487,217,113,66,96
3488,217,113,66,96
3489,217,113,66,96
3490,217,113,66,96
3491,217,113,66,96
3492,217,113,66,96
3493,217,113,66,96
3494,217,113,66,96
3495,217,113,66,96
3496,217,113,66,96
3497,217,113,66,96
3498,217,112,66,96
3499,217,112,66,96
3500,217,112,66,96
3501,217,112,66,96
3502,217,112,66,96
3503,217,112,66,96
3504,217,112,66,96
3505,217,112,66,96
3506,217,112,66,96
3507,217,112,66,96
3508,217,112,66,96
3509,217,112,66,96
3510,217,112,66,96
3511,217,112,66,96
3512,217,112,66,96
3513,217,112,66,96
3514,217,112,66,96
3515,217,112,66,96
3516,217,112,66,96
3517,217,112,66,96
3518,217,112,66,96
3519,217,112,66,96
3520,217,112,66,96
3521,217,112,66,96
3522,217,112,66,96
3523,217,112,66,96
3524,95,42,66,96
3525,95,42,66,96
3526,95,42,66,96
3527,95,42,66,96
3528,95,42,66,96
3529,95,42,66,96
3530,95,42,66,96
3531,95,42,66,96
3532,95,42,66,96
3533,95,42,66,96
3534,95,42,66,96
3535,95,42,66,96
3536,95,42,66,96
3537,95,42,66,96
3538,95,42,66,96
3539,95,42,66,96
3540,95,42,66,96
3541,95,42,66,96
3542,95,42,66,96
3543,95,42,66,96
3544,95,42,66,96
3545,95,42,66,96
3546,95,42,66,96
3547,95,42,66,96
3548,95,42,66,96
3549,95,42,66,96
3550,95,42,66,96
3551,95,42,66,96
3552,95,42,66,96
3553,95,42,66,96
3554,95,42,66,96
3555,95,42,66,96
3556,95,42,66,96
3557,95,42,66,96
3558,95,42,66,96
3559,95,42,66,96
3560,95,42,66,96
3561,95,42,66,96
3562,95,42,66,96
3563,95,42,66,96
3564,95,42,66,96
3565,95,42,66,96
3566,95,42,66,96
3567,95,42,66,96
3568,95,42,66,96
3569,95,42,66,96
3570,95,42,66,96
3571,433,98,66,96
3572,433,98,66,96
3573,433,98,66,96
3574,433,98,66,96
3575,433,98,66,96
3576,433,98,66,96
3577,433,98,66,96
3578,433,98,66,96
3579,433,98,66,96
3580,433,98,66,96
3581,433,98,66,96
3582,433,98,66,96
3583,433,98,66,96
3584,433,98,66,96
3585,433,98,66,96
3586,433,98,66,96
3587,433,98,66,96
3588,433,98,66,96
3589,433,98,66,96
3590,433,98,66,96
3591,433,98,66,96
3592,433,98,66,96
3593,433,98,66,96
3594,433,98,66,96
3595,433,98,66,96
3596,433,98,66,96
3597,433,98,66,96
3598,433,98,66,96
3599,433,98,66,96
3600,433,98,66,96
3601,433,98,66,96
3602,433,98,66,96
3603,433,98,66,96
3604,433,98,66,96
3605,433,98,66,96
3606,433,98,66,96
3607,433,98,66,96
3608,433,98,66,96
3609,433,98,66,96
3610,433,98,66,96
3611,433,98,66,96
3612,433,98,66,96
3613,433,98,66,96
3614,433,98,66,96
3615,433,98,66,96
3616,433,98,66,96
3617,433,98,66,96
3618,433,98,66,96
3619,433,98,66,96
3620,433,98,66,96
3621,433,98,66,96
3622,433,98,66,96
3623,433,98,66,96
3624,433,98,66,96
3625,433,98,66,96
3626,433,98,66,96
3627,433,98,66,96
3628,433,98,66,96
3629,433,98,66,96
3630,433,98,66,96
3631,433,98,66,96
3632,433,98,66,96
3633,433,98,66,96
3634,433,98,66,96
3635,433,98,66,96
3636,433,98,66,96
3637,433,98,66,96
3638,433,98,66,96
3639,433,98,66,96
3640,433,98,66,96
3641,433,98,66,96
3642,433,98,66,96
3643,433,98,66,96
3644,433,98,66,96
3645,433,98,66,96
3646,433,98,66,96
3647,433,98,66,96
3648,433,98,66,96
3649,444,44,66,96
3650,444,43,66,96
3651,444,43,66,96
3652,444,43,66,96
3653,444,43,66,96
3654,444,43,66,96
3655,444,43,66,96
3656,444,43,66,96
3657,444,43,66,96
3658,444,43,66,96
3659,444,43,66,96
3660,444,43,66,96
3661,444,43,66,96
3662,444,43,66,96
3663,444,43,66,96
3664,444,43,66,96
3665,444,43,66,96
3666,444,43,66,96
3667,444,43,66,96
3668,444,43,66,96
3669,444,43,66,96
3670,444,43,66,96
3671,444,43,66,96
3672,444,43,66,96
3673,444,43,66,96
3674,444,43,66,96
3675,444,43,66,96
3676,444,43,66,96
3677,444,43,66,96
3678,444,43,66,96
3679,444,43,66,96
3680,444,43,66,96
3681,444,43,66,96
3682,444,43,66,96
3683,444,43,66,96
3684,444,43,66,96
3685,444,43,66,96
3686,444,43,66,96
3687,444,43,66,96
3688,444,43,66,96
3689,444,43,66,96
3690,444,43,66,96
3691,444,43,66,96
3692,444,43,66,96
3693,444,43,66,96
3694,444,43,66,96
3695,444,43,66,96
3696,444,43,66,96
3697,444,43,66,96
3698,444,43,66,96
3699,444,43,66,96
3700,444,43,66,96
3701,444,43,66,96
3702,444,43,66,96
3703,444,43,66,96
3704,444,43,66,96
3705,444,43,66,96
3706,444,43,66,96
3707,444,43,66,96
3708,444,43,66,96
3709,444,43,66,96
3710,444,43,66,96
3711,444,43,66,96
3712,444,43,66,96
3713,444,43,66,96
3714,444,43,66,96
3715,444,43,66,96
3716,444,43,66,96
3717,444,43,66,96
3718,444,43,66,96
3719,444,43,66,96
3720,444,43,66,96
3721,115,257,66,96
3722,115,257,66,96
3723,115,257,66,96
3724,115,257,66,96
3725,115,257,66,96
3726,115,257,66,96
3727,115,257,66,96
3728,115,257,66,96
3729,115,257,66,96
3730,115,257,66,96
3731,115,257,66,96
3732,115,257,66,96
3733,115,257,66,96
3734,115,257,66,96
3735,115,257,66,96
3736,115,257,66,96
3737,115,257,66,96
3738,115,257,66,96
3739,115,257,66,96
3740,115,257,66,96
3741,115,257,66,96
3742,115,257,66,96
3743,115,257,66,96
3744,115,257,66,96
3745,115,257,66,96
3746,115,257,66,96
3747,115,257,66,96
3748,115,257,66,96
3749,115,257,66,96
3750,115,257,66,96
3751,115,257,66,96
3752,115,257,66,96
3753,115,257,66,96
3754,115,257,66,96
3755,115,257,66,96
3756,115,257,66,96
3757,115,257,66,96
3758,115,257,66,96
3759,115,257,66,96
3760,115,257,66,96
3761,115,257,66,96
3762,115,257,66,96
3763,115,257,66,96
3764,115,257,66,96
3765,115,257,66,96
3766,115,257,66,96
3767,115,257,66,96
3768,115,257,66,96
3769,115,257,66,96
3770,115,257,66,96
3771,115,257,66,96
3772,115,257,66,96
3773,115,257,66,96
3774,115,257,66,96
3775,115,257,66,96
3776,115,257,66,96
3777,115,257,66,96
3778,115,257,66,96
3779,115,257,66,96
3780,115,257,66,96
3781,115,257,66,96
3782,115,257,66,96
3783,115,257,66,96
3784,115,257,66,96
3785,115,257,66,96
3786,115,257,66,96
3787,115,257,66,96
3788,115,257,66,96
3789,115,257,66,96
3790,115,257,66,96
3791,115,257,66,96
3792,115,257,66,96
3793,115,257,66,96
3794,115,257,66,96
3795,115,257,66,96
3796,115,257,66,96
3797,115,257,66,96
3798,115,257,66,96
3799,114,257,66,96
3800,114,257,66,96
3801,114,257,66,96
3802,114,257,66,96
3803,114,257,66,96
3804,114,257,66,96
3805,114,257,66,96
3806,114,257,66,96
3807,114,257,66,96
3808,114,257,66,96
3809,114,257,66,96
3810,114,257,66,96
3811,114,257,66,96
3812,114,257,66,96
3813,114,257,66,96
3814,114,257,66,96
3815,114,257,66,96
3816,114,257,66,96
3817,114,257,66,96
3818,114,257,66,96
3819,114,257,66,96
3820,114,257,66,96
3821,114,257,66,96
3822,114,257,66,96
3823,114,257,66,96
3824,114,257,66,96
3825,114,257,66,96
3826,114,257,66,96
3827,114,257,66,96
3828,114,257,66,96
3829,114,257,66,96
3830,114,257,66,96
3831,114,257,66,96
3832,114,257,66,96
3833,114,257,66,96
3834,114,257,66,96
3835,114,257,66,96
3836,114,257,66,96
3837,114,257,66,96
3838,114,257,66,96
3839,114,257,66,96
3840,114,257,66,96
3841,114,257,66,96
3842,114,257,66,96
3843,114,257,66,96
3844,114,257,66,96
3845,114,257,66,96
3846,114,257,66,96
3847,114,257,66,96
3848,114,257,66,96
3849,114,257,66,96
3850,114,257,66,96
3851,114,257,66,96
3852,114,257,66,96
3853,115,257,66,96
3854,115,257,66,96
3855,115,257,66,96
3856,115,257,66,96
3857,115,257,66,96
3858,115,257,66,96
3859,115,257,66,96
3860,115,257,66,96
3861,115,257,66,96
3862,115,257,66,96
3863,115,257,66,96
3864,115,257,66,96
3865,115,257,66,96
3866,115,257,66,96
3867,115,257,66,96
3868,115,257,66,96
3869,115,257,66,96
3870,115,257,66,96
3871,115,257,66,96
3872,115,257,66,96
3873,115,257,66,96
3874,115,257,66,96
3875,115,257,66,96
3876,115,257,66,96
3877,115,257,66,96
3878,115,257,66,96
3879,115,257,66,96
3880,115,257,66,96
3881,115,257,66,96
3882,115,257,66,96
3883,115,257,66,96
3884,115,257,66,96
3885,115,257,66,96
3886,115,257,66,96
3887,115,257,66,96
3888,115,257,66,96
3889,115,257,66,96
3890,115,257,66,96
3891,115,257,66,96
3892,115,257,66,96
3893,115,257,66,96
3894,115,257,66,96
3895,115,257,66,96
3896,115,257,66,96
3897,115,257,66,96
3898,115,257,66,96
3899,115,257,66,96
3900,115,257,66,96
3901,115,257,66,96
3902,115,257,66,96
3903,115,257,66,96
3904,115,257,66,96
3905,115,257,66,96
3906,115,257,66,96
3907,115,257,66,96
3908,115,257,66,96
3909,115,257,66,96
3910,115,257,66,96
3911,115,257,66,96
3912,115,257,66,96
3913,115,257,66,96
3914,115,257,66,96
3915,115,257,66,96
3916,115,257,66,96
3917,115,257,66,96
3918,115,257,66,96
3919,115,257,66,96
3920,115,257,66,96
3921,115,257,66,96
3922,115,257,66,96
3923,115,257,66,96
3924,115,257,66,96
3925,115,257,66,96
3926,115,257,66,96
3927,115,257,66,96
3928,115,257,66,96
3929,115,257,66,96
3930,115,257,66,96
3931,115,257,66,96
3932,115,257,66,96
3933,115,257,66,96
3934,115,257,66,96
3935,115,257,66,96
3936,115,257,66,96
3937,115,257,66,96
3938,115,257,66,96
3939,115,257,66,96
3940,115,257,66,96
3941,115,257,66,96
3942,115,257,66,96
3943,115,257,66,96
3944,115,257,66,96
3945,115,257,66,96
3946,115,257,66,96
3947,115,257,66,96
3948,115,257,66,96
3949,115,257,66,96
3950,115,257,66,96
3951,115,257,66,96
3952,115,257,66,96
3953,115,257,66,96
3954,115,257,66,96
3955,115,257,66,96
3956,115,257,66,96
3957,115,257,66,96
3958,115,257,66,96
3959,115,257,66,96
3960,115,257,66,96
3961,115,257,66,96
3962,115,257,66,96
3963,115,257,66,96
3964,115,257,66,96
3965,115,257,66,96
3966,115,257,66,96
3967,115,257,66,96
3968,115,257,66,96
3969,115,257,66,96
3970,115,257,66,96
3971,115,257,66,96
3972,115,257,66,96
3973,115,257,66,96
3974,115,257,66,96
3975,115,257,66,96
3976,115,257,66,96
3977,115,257,66,96
3978,115,257,66,96
3979,115,257,66,96
3980,115,257,66,96
3981,115,257,66,96
3982,115,257,66,96
3983,115,257,66,96
3984,115,257,66,96
3985,115,257,66,96
3986,115,257,66,96
3987,115,257,66,96
3988,115,257,66,96
3989,115,257,66,96
3990,115,257,66,96
3991,115,257,66,96
3992,115,257,66,96
3993,115,257,66,96
3994,115,257,66,96
3995,115,257,66,96
3996,115,257,66,96
3997,115,257,66,96
3998,115,257,66,96
3999,115,257,66,96
4000,115,257,66,96
4001,115,257,66,96
4002,115,257,66,96
4003,115,257,66,96
4004,115,257,66,96
4005,114,257,66,96
4006,114,257,66,96
4007,114,257,66,96
4008,114,257,66,96
4009,114,257,66,96
4010,114,257,66,96
4011,114,257,66,96
4012,114,257,66,96
4013,114,257,66,96
4014,114,257,66,96
4015,114,257,66,96
4016,114,257,66,96
4017,113,257,66,96
4018,113,257,66,96
4019,113,257,66,96
4020,113,257,66,96
4021,113,257,66,96
4022,113,257,66,96
4023,113,257,66,96
4024,113,257,66,96
4025,113,257,66,96
4026,113,257,66,96
4027,113,257,66,96
4028,113,257,66,96
4029,113,257,66,96
4030,113,257,66,96
4031,113,257,66,96
4032,113,257,66,96
4033,113,257,66,96
4034,113,257,66,96
4035,113,257,66,96
4036,113,257,66,96
4037,113,257,66,96
4038,113,257,66,96
4039,113,257,66,96
4040,113,257,66,96
4041,113,257,66,96
4042,113,257,66,96
4043,113,257,66,96
4044,113,257,66,96
4045,113,257,66,96
4046,113,257,66,96
4047,113,257,66,96
4048,113,257,66,96
4049,113,257,66,96
4050,113,257,66,96
4051,113,257,66,96
4052,113,257,66,96
4053,113,257,66,96
4054,113,257,66,96
4055,113,257,66,96
4056,113,257,66,96
4057,113,257,66,96
4058,113,257,66,96
4059,113,257,66,96
4060,113,257,66,96
4061,113,257,66,96
4062,113,257,66,96
4063,112,257,66,96
4064,112,257,66,96
4065,112,257,66,96
4066,112,257,66,96
4067,112,257,66,96
4068,112,257,66,96
4069,112,257,66,96
4070,112,257,66,96
4071,112,257,66,96
4072,112,257,66,96
4073,112,257,66,96
4074,112,257,66,96
4075,112,257,66,96
4076,112,257,66,96
4077,112,257,66,96
4078,112,257,66,96
4079,112,257,66,96
4080,112,257,66,96
4081,112,257,66,96
4082,112,257,66,96
4083,112,257,66,96
4084,112,257,66,96
4085,112,257,66,96
4086,112,257,66,96
4087,112,257,66,96
4088,112,257,66,96
4089,112,257,66,96
4090,112,257,66,96
4091,112,257,66,96
4092,112,257,66,96
4093,112,257,66,96
4094,112,257,66,96
4095,112,257,66,96
4096,112,257,66,96
4097,112,257,66,96
4098,112,257,66,96
4099,112,257,66,96
4100,112,257,66,96
4101,112,257,66,96
4102,112,257,66,96
4103,112,257,66,96
4104,112,257,66,96
4105,112,257,66,96
4106,112,257,66,96
4107,112,257,66,96
4108,113,257,66,96
4109,114,257,66,96
4110,114,257,66,96
4111,115,257,66,96
4112,115,257,66,96
4113,115,257,66,96
4114,115,257,66,96
4115,115,257,66,96
4116,115,257,66,96
4117,115,257,66,96
4118,115,257,66,96
4119,115,257,66,96
4120,115,257,66,96
4121,115,257,66,96
4122,115,257,66,96
4123,115,257,66,96
4124,115,257,66,96
4125,115,257,66,96
4126,115,257,66,96
4127,115,257,66,96
4128,115,257,66,96
4129,115,257,66,96
4130,115,257,66,96
4131,115,257,66,96
4132,115,257,66,96
4133,115,257,66,96
4134,115,257,66,96
4135,115,257,66,96
4136,115,257,66,96
4137,115,257,66,96
4138,115,257,66,96
4139,115,257,66,96
4140,115,257,66,96
4141,115,257,66,96
4142,115,257,66,96
4143,115,257,66,96
4144,115,257,66,96
4145,115,257,66,96
4146,115,257,66,96
4147,115,257,66,96
4148,115,257,66,96
4149,115,257,66,96
4150,115,257,66,96
4151,115,257,66,96
4152,115,257,66,96
4153,115,257,66,96
4154,115,257,66,96
4155,115,257,66,96
4156,115,257,66,96
4157,115,257,66,96
4158,115,257,66,96
4159,115,257,66,96
4160,115,257,66,96
4161,115,257,66,96
4162,115,257,66,96
4163,115,257,66,96
4164,115,257,66,96
4165,115,257,66,96
4166,115,257,66,96
4167,115,257,66,96
4168,115,257,66,96
4169,115,257,66,96
4170,115,257,66,96
4171,115,257,66,96
4172,115,257,66,96
4173,115,257,66,96
4174,115,257,66,96
4175,115,257,66,96
4176,115,257,66,96
4177,115,257,66,96
4178,115,257,66,96
4179,115,257,66,96
4180,115,257,66,96
4181,114,257,66,96
4182,114,257,66,96
4183,114,257,66,96
4184,114,257,66,96
4185,114,257,66,96
4186,114,257,66,96
4187,114,257,66,96
4188,114,257,66,96
4189,114,257,66,96
4190,114,257,66,96
4191,114,257,66,96
4192,114,257,66,96
4193,114,257,66,96
4194,114,257,66,96
4195,114,257,66,96
4196,114,257,66,96
4197,114,257,66,96
4198,114,257,66,96
4199,124,51,66,96
4200,124,51,66,96
4201,124,51,66,96
4202,124,51,66,96
4203,124,51,66,96
4204,124,51,66,96
4205,124,51,66,96
4206,124,51,66,96
4207,124,51,66,96
4208,124,51,66,96
4209,124,51,66,96
4210,124,51,66,96
4211,124,51,66,96
4212,124,51,66,96
4213,124,51,66,96
4214,124,51,66,96
4215,124,51,66,96
4216,124,51,66,96
4217,124,51,66,96
4218,124,51,66,96
4219,124,51,66,96
4220,124,51,66,96
4221,124,51,66,96
4222,124,51,66,96
4223,124,51,66,96
4224,124,51,66,96
4225,124,51,66,96
4226,124,51,66,96
4227,124,51,66,96
4228,124,51,66,96
4229,124,51,66,96
4230,124,51,66,96
