14-LongDuration 9
1,543,133,62,133
2,535,133,62,133
3,535,133,62,133
4,528,133,62,133
5,525,133,62,133
6,525,133,62,133
7,519,133,62,133
8,519,133,62,133
9,519,133,62,133
10,511,133,62,133
11,511,133,62,133
12,510,133,62,133
13,510,133,62,133
14,510,133,62,133
15,510,133,62,133
16,510,133,62,133
17,510,133,62,133
18,510,133,62,133
19,510,133,62,133
20,510,133,62,133
21,510,133,62,133
22,510,133,62,133
23,510,133,62,133
24,510,133,62,133
25,510,133,62,133
26,510,133,62,133
27,510,134,62,133
28,510,134,62,133
29,510,134,62,133
30,510,134,62,133
31,510,134,62,133
32,510,134,62,133
33,510,134,62,133
34,510,134,62,133
35,510,135,62,133
36,510,135,62,133
37,510,135,62,133
38,510,135,62,133
39,510,135,62,133
40,510,135,62,133
41,510,135,62,133
42,510,135,62,133
43,510,135,62,133
44,510,135,62,133
45,510,135,62,133
46,510,135,62,133
47,510,135,62,133
48,510,135,62,133
49,510,135,62,133
50,510,135,62,133
51,510,135,62,133
52,510,135,62,133
53,510,135,62,133
54,510,135,62,133
55,510,135,62,133
56,510,135,62,133
57,510,135,62,133
58,510,135,62,133
59,510,135,62,133
60,510,135,62,133
61,510,135,62,133
62,510,135,62,133
63,510,135,62,133
64,510,135,62,133
65,510,135,62,133
66,510,135,62,133
67,510,134,62,133
68,510,134,62,133
69,510,134,62,133
70,510,134,62,133
71,510,134,62,133
72,510,134,62,133
73,510,134,62,133
74,510,134,62,133
75,510,134,62,133
76,510,134,62,133
77,510,134,62,133
78,510,134,62,133
79,510,134,62,133
80,510,134,62,133
81,510,133,62,133
82,510,133,62,133
83,510,133,62,133
84,510,133,62,133
85,510,133,62,133
86,510,133,62,133
87,510,133,62,133
88,510,133,62,133
89,510,133,62,133
90,510,133,62,133
91,510,133,62,133
92,510,133,62,133
93,510,133,62,133
94,510,133,62,133
95,510,133,62,133
96,510,133,62,133
97,510,133,62,133
98,510,133,62,133
99,510,133,62,133
100,510,133,62,133
101,510,134,62,133
102,510,134,62,133
103,510,134,62,133
104,510,134,62,133
105,510,134,62,133
106,510,134,62,133
107,510,134,62,133
108,510,134,62,133
109,510,134,62,133
110,510,134,62,133
111,510,134,62,133
112,510,134,62,133
113,510,134,62,133
114,510,135,62,133
115,510,135,62,133
116,510,135,62,133
117,510,135,62,133
118,510,135,62,133
119,510,135,62,133
120,510,135,62,133
121,510,135,62,133
122,510,135,62,133
123,510,135,62,133
124,510,135,62,133
125,510,135,62,133
126,510,136,62,133
127,510,136,62,133
128,510,136,62,133
129,510,136,62,133
130,510,136,62,133
131,510,136,62,133
132,510,136,62,133
133,510,136,62,133
134,510,136,62,133
135,510,136,62,133
136,510,136,62,133
137,510,136,62,133
138,510,136,62,133
139,510,136,62,133
140,510,136,62,133
141,510,136,62,133
142,510,136,62,133
143,510,136,62,133
144,510,136,62,133
145,510,136,62,133
146,510,136,62,133
147,510,136,62,133
148,510,136,62,133
149,510,136,62,133
150,510,136,62,133
151,510,137,62,133
152,510,137,62,133
153,510,137,62,133
154,510,137,62,133
155,510,137,62,133
156,510,137,62,133
157,510,137,62,133
158,510,137,62,133
159,510,137,62,133
160,510,137,62,133
161,510,137,62,133
162,510,137,62,133
163,510,137,62,133
164,510,137,62,133
165,510,137,62,133
166,510,137,62,133
167,510,137,62,133
168,510,137,62,133
169,510,137,62,133
170,510,137,62,133
171,510,137,62,133
172,510,137,62,133
173,510,137,62,133
174,510,137,62,133
175,510,137,62,133
176,510,137,62,133
177,510,137,62,133
178,510,137,62,133
179,510,137,62,133
180,510,137,62,133
181,510,137,62,133
182,510,137,62,133
183,510,137,62,133
184,510,137,62,133
185,510,137,62,133
186,510,137,62,133
187,510,137,62,133
188,510,137,62,133
189,510,136,62,133
190,510,136,62,133
191,510,136,62,133
192,510,136,62,133
193,510,136,62,133
194,510,136,62,133
195,510,136,62,133
196,510,136,62,133
197,510,136,62,133
198,510,136,62,133
199,510,136,62,133
200,510,136,62,133
201,510,136,62,133
202,510,136,62,133
203,510,136,62,133
204,510,136,62,133
205,510,136,62,133
206,510,136,62,133
207,510,136,62,133
208,510,136,62,133
209,510,136,62,133
210,510,136,62,133
211,510,136,62,133
212,510,136,62,133
213,510,136,62,133
214,510,136,62,133
215,510,136,62,133
216,510,136,62,133
217,510,136,62,133
218,510,136,62,133
219,510,136,62,133
220,510,136,62,133
221,510,137,62,133
222,510,137,62,133
223,510,137,62,133
224,510,137,62,133
225,510,137,62,133
226,510,137,62,133
227,510,137,62,133
228,510,137,62,133
229,510,137,62,133
230,510,137,62,133
231,510,137,62,133
232,510,137,62,133
233,510,137,62,133
234,510,137,62,133
235,510,137,62,133
236,510,137,62,133
237,510,137,62,133
238,510,137,62,133
239,510,137,62,133
240,510,137,62,133
241,510,137,62,133
242,510,137,62,133
243,510,137,62,133
244,510,137,62,133
245,510,137,62,133
246,510,137,62,133
247,510,137,62,133
248,510,137,62,133
249,510,137,62,133
250,510,137,62,133
251,510,137,62,133
252,510,137,62,133
253,510,137,62,133
254,510,137,62,133
255,510,137,62,133
256,510,137,62,133
257,510,137,62,133
258,510,138,62,133
259,510,138,62,133
260,510,138,62,133
261,510,138,62,133
262,510,138,62,133
263,510,138,62,133
264,510,138,62,133
265,510,138,62,133
266,510,138,62,133
267,510,138,62,133
268,510,138,62,133
269,510,138,62,133
270,510,138,62,133
271,510,138,62,133
272,510,138,62,133
273,510,138,62,133
274,510,137,62,133
275,510,137,62,133
276,510,137,62,133
277,510,137,62,133
278,510,136,62,133
279,510,136,62,133
280,510,136,62,133
281,510,136,62,133
282,510,136,62,133
283,510,136,62,133
284,510,136,62,133
285,510,136,62,133
286,510,136,62,133
287,510,136,62,133
288,510,136,62,133
289,510,136,62,133
290,510,136,62,133
291,510,136,62,133
292,510,136,62,133
293,510,136,62,133
294,510,136,62,133
295,510,136,62,133
296,510,135,62,133
297,510,135,62,133
298,510,135,62,133
299,510,135,62,133
300,510,135,62,133
301,510,135,62,133
302,510,135,62,133
303,510,135,62,133
304,510,135,62,133
305,510,135,62,133
306,510,135,62,133
307,510,135,62,133
308,510,135,62,133
309,510,135,62,133
310,510,135,62,133
311,510,135,62,133
312,510,135,62,133
313,510,135,62,133
314,510,135,62,133
315,510,135,62,133
316,510,135,62,133
317,510,135,62,133
318,510,135,62,133
319,510,136,62,133
320,510,136,62,133
321,510,136,62,133
322,510,136,62,133
323,510,136,62,133
324,510,136,62,133
325,510,136,62,133
326,510,136,62,133
327,510,136,62,133
328,510,136,62,133
329,510,136,62,133
330,510,136,62,133
331,510,136,62,133
332,510,136,62,133
333,510,136,62,133
334,510,136,62,133
335,510,136,62,133
336,510,136,62,133
337,510,136,62,133
338,510,136,62,133
339,510,136,62,133
340,510,136,62,133
341,510,136,62,133
342,510,136,62,133
343,510,136,62,133
344,510,136,62,133
345,510,136,62,133
346,510,136,62,133
347,510,136,62,133
348,510,136,62,133
349,510,136,62,133
350,510,136,62,133
351,510,136,62,133
352,510,136,62,133
353,510,137,62,133
354,510,137,62,133
355,510,137,62,133
356,510,137,62,133
357,510,137,62,133
358,510,137,62,133
359,510,137,62,133
360,510,137,62,133
361,510,137,62,133
362,510,137,62,133
363,510,137,62,133
364,510,137,62,133
365,510,137,62,133
366,510,137,62,133
367,510,137,62,133
368,510,136,62,133
369,510,136,62,133
370,510,136,62,133
371,510,136,62,133
372,510,136,62,133
373,510,136,62,133
374,510,136,62,133
375,510,136,62,133
376,510,136,62,133
377,510,136,62,133
378,510,136,62,133
379,510,136,62,133
380,510,136,62,133
381,510,136,62,133
382,510,136,62,133
383,510,136,62,133
384,510,136,62,133
385,510,136,62,133
386,510,136,62,133
387,510,136,62,133
388,510,136,62,133
389,510,136,62,133
390,510,136,62,133
391,510,136,62,133
392,510,136,62,133
393,510,136,62,133
394,510,136,62,133
395,510,136,62,133
396,510,136,62,133
397,510,136,62,133
398,510,136,62,133
399,510,137,62,133
400,510,137,62,133
401,510,137,62,133
402,510,137,62,133
403,510,137,62,133
404,510,137,62,133
405,510,137,62,133
406,510,137,62,133
407,510,137,62,133
408,510,137,62,133
409,510,137,62,133
410,510,137,62,133
411,510,137,62,133
412,510,137,62,133
413,510,137,62,133
414,510,137,62,133
415,510,137,62,133
416,510,137,62,133
417,510,137,62,133
418,510,137,62,133
419,510,137,62,133
420,510,138,62,133
421,510,138,62,133
422,510,138,62,133
423,510,138,62,133
424,510,138,62,133
425,510,138,62,133
426,510,138,62,133
427,510,138,62,133
428,510,138,62,133
429,510,138,62,133
430,510,138,62,133
431,510,138,62,133
432,510,138,62,133
433,510,138,62,133
434,510,138,62,133
435,510,138,62,133
436,510,138,62,133
437,510,138,62,133
438,510,138,62,133
439,510,138,62,133
440,510,138,62,133
441,510,138,62,133
442,510,138,62,133
443,510,138,62,133
444,510,138,62,133
445,510,138,62,133
446,510,138,62,133
447,510,138,62,133
448,510,138,62,133
449,510,138,62,133
450,510,138,62,133
451,510,138,62,133
452,510,138,62,133
453,510,138,62,133
454,510,138,62,133
455,510,138,62,133
456,510,138,62,133
457,510,138,62,133
458,510,138,62,133
459,510,138,62,133
460,510,138,62,133
461,510,138,62,133
462,510,138,62,133
463,510,138,62,133
464,510,138,62,133
465,510,138,62,133
466,510,138,62,133
467,510,138,62,133
468,510,138,62,133
469,510,138,62,133
470,510,138,62,133
471,510,138,62,133
472,510,138,62,133
473,510,138,62,133
474,510,138,62,133
475,510,138,62,133
476,510,138,62,133
477,510,138,62,133
478,510,138,62,133
479,510,138,62,133
480,510,138,62,133
481,510,138,62,133
482,510,138,62,133
483,510,138,62,133
484,510,138,62,133
485,510,138,62,133
486,510,138,62,133
487,515,138,62,133
488,515,138,62,133
489,515,138,62,133
490,523,138,62,133
491,523,138,62,133
492,528,138,62,133
493,528,138,62,133
494,528,138,62,133
495,528,138,62,133
496,528,138,62,133
497,540,137,62,133
498,540,137,62,133
499,540,137,62,133
500,540,138,62,133
501,540,138,62,133
502,540,139,62,133
503,540,139,62,133
504,540,139,62,133
505,540,139,62,133
506,540,139,62,133
507,540,140,62,133
508,540,141,62,133
509,540,141,62,133
510,540,141,62,133
511,540,141,62,133
512,540,141,62,133
513,540,141,62,133
514,540,141,62,133
515,540,141,62,133
516,540,141,62,133
517,540,141,62,133
518,540,141,62,133
519,540,141,62,133
520,540,141,62,133
521,540,141,62,133
522,540,141,62,133
523,540,141,62,133
524,540,141,62,133
525,540,141,62,133
526,540,141,62,133
527,540,141,62,133
528,540,141,62,133
529,540,141,62,133
530,540,141,62,133
531,540,141,62,133
532,540,141,62,133
533,540,141,62,133
534,540,141,62,133
535,540,141,62,133
536,540,141,62,133
537,540,141,62,133
538,540,141,62,133
539,540,141,62,133
540,540,141,62,133
541,540,141,62,133
542,540,141,62,133
543,540,140,62,133
544,540,140,62,133
545,540,140,62,133
546,540,140,62,133
547,540,140,62,133
548,540,140,62,133
549,540,139,62,133
550,540,139,62,133
551,540,139,62,133
552,540,139,62,133
553,540,139,62,133
554,540,139,62,133
555,540,139,62,133
556,540,139,62,133
557,540,139,62,133
558,540,139,62,133
559,540,139,62,133
560,540,139,62,133
561,540,139,62,133
562,540,139,62,133
563,540,139,62,133
564,540,139,62,133
565,540,139,62,133
566,540,139,62,133
567,540,139,62,133
568,540,139,62,133
569,540,139,62,133
570,540,139,62,133
571,540,139,62,133
572,540,139,62,133
573,540,139,62,133
574,540,139,62,133
575,540,139,62,133
576,540,139,62,133
577,540,139,62,133
578,540,139,62,133
579,540,139,62,133
580,540,139,62,133
581,540,139,62,133
582,539,140,62,133
583,539,140,62,133
584,539,140,62,133
585,535,142,62,133
586,535,142,62,133
587,533,143,62,133
588,533,143,62,133
589,533,143,62,133
590,533,143,62,133
591,533,143,62,133
592,528,144,62,133
593,528,144,62,133
594,527,145,62,133
595,527,146,62,133
596,527,146,62,133
597,526,148,62,133
598,526,148,62,133
599,526,148,62,133
600,526,152,62,133
601,526,152,62,133
602,526,154,62,133
603,526,154,62,133
604,526,154,62,133
605,526,155,62,133
606,526,155,62,133
607,526,156,62,133
608,526,156,62,133
609,526,157,62,133
610,526,157,62,133
611,526,157,62,133
612,526,159,62,133
613,526,159,62,133
614,526,159,62,133
615,526,162,62,133
616,526,162,62,133
617,525,163,62,133
618,525,163,62,133
619,524,163,62,133
620,524,163,62,133
621,524,163,62,133
622,524,163,62,133
623,524,163,62,133
624,524,163,62,133
625,524,163,62,133
626,524,163,62,133
627,525,164,62,133
628,525,164,62,133
629,526,166,62,133
630,526,167,62,133
631,526,167,62,133
632,527,168,62,133
633,527,168,62,133
634,528,168,62,133
635,529,168,62,133
636,529,168,62,133
637,530,168,62,133
638,530,168,62,133
639,530,168,62,133
640,531,169,62,133
641,531,169,62,133
642,532,170,62,133
643,532,170,62,133
644,532,171,62,133
645,532,171,62,133
646,532,171,62,133
647,532,173,62,133
648,532,173,62,133
649,532,174,62,133
650,532,174,62,133
651,532,174,62,133
652,532,174,62,133
653,532,174,62,133
654,532,174,62,133
655,532,174,62,133
656,532,174,62,133
657,532,174,62,133
658,532,174,62,133
659,532,174,62,133
660,532,174,62,133
661,532,174,62,133
662,532,174,62,133
663,532,174,62,133
664,532,174,62,133
665,532,174,62,133
666,532,175,62,133
667,532,175,62,133
668,532,175,62,133
669,532,175,62,133
670,532,175,62,133
671,532,175,62,133
672,532,175,62,133
673,532,175,62,133
674,532,175,62,133
675,532,175,62,133
676,532,175,62,133
677,532,175,62,133
678,532,175,62,133
679,532,175,62,133
680,532,175,62,133
681,532,175,62,133
682,532,175,62,133
683,532,175,62,133
684,532,175,62,133
685,532,175,62,133
686,532,175,62,133
687,532,175,62,133
688,532,175,62,133
689,532,175,62,133
690,532,175,62,133
691,532,175,62,133
692,532,175,62,133
693,532,175,62,133
694,532,175,62,133
695,532,175,62,133
696,532,175,62,133
697,532,175,62,133
698,532,175,62,133
699,532,175,62,133
700,532,175,62,133
701,532,175,62,133
702,532,175,62,133
703,532,175,62,133
704,532,175,62,133
705,532,175,62,133
706,532,175,62,133
707,532,175,62,133
708,532,175,62,133
709,532,175,62,133
710,532,175,62,133
711,532,175,62,133
712,532,175,62,133
713,532,175,62,133
714,532,175,62,133
715,532,175,62,133
716,532,175,62,133
717,532,175,62,133
718,532,175,62,133
719,532,175,62,133
720,532,175,62,133
721,532,175,62,133
722,532,175,62,133
723,532,175,62,133
724,532,175,62,133
725,532,175,62,133
726,532,175,62,133
727,532,175,62,133
728,532,175,62,133
729,532,175,62,133
730,532,175,62,133
731,532,175,62,133
732,532,175,62,133
733,532,175,62,133
734,532,175,62,133
735,532,175,62,133
736,532,175,62,133
737,532,175,62,133
738,532,175,62,133
739,532,175,62,133
740,532,175,62,133
741,532,175,62,133
742,532,175,62,133
743,532,175,62,133
744,532,175,62,133
745,532,175,62,133
746,532,175,62,133
747,532,175,62,133
748,532,175,62,133
749,532,175,62,133
750,532,175,62,133
751,532,174,62,133
752,532,174,62,133
753,532,174,62,133
754,532,174,62,133
755,532,174,62,133
756,532,174,62,133
757,532,174,62,133
758,532,174,62,133
759,532,174,62,133
760,532,174,62,133
761,532,174,62,133
762,532,174,62,133
763,532,174,62,133
764,532,174,62,133
765,532,174,62,133
766,532,174,62,133
767,532,174,62,133
768,532,174,62,133
769,532,174,62,133
770,532,174,62,133
771,532,174,62,133
772,532,174,62,133
773,532,174,62,133
774,532,174,62,133
775,532,174,62,133
776,532,174,62,133
777,532,174,62,133
778,532,174,62,133
779,532,173,62,133
780,532,173,62,133
781,532,173,62,133
782,532,173,62,133
783,532,173,62,133
784,532,173,62,133
785,532,173,62,133
786,532,173,62,133
787,532,173,62,133
788,532,173,62,133
789,532,173,62,133
790,532,173,62,133
791,532,173,62,133
792,532,173,62,133
793,532,173,62,133
794,532,173,62,133
795,532,173,62,133
796,532,173,62,133
797,532,173,62,133
798,532,173,62,133
799,532,173,62,133
800,532,173,62,133
801,532,173,62,133
802,532,173,62,133
803,532,173,62,133
804,532,173,62,133
805,532,173,62,133
806,532,173,62,133
807,532,173,62,133
808,532,173,62,133
809,532,173,62,133
810,532,173,62,133
811,532,173,62,133
812,532,173,62,133
813,532,173,62,133
814,532,173,62,133
815,532,173,62,133
816,532,173,62,133
817,532,173,62,133
818,532,173,62,133
819,532,173,62,133
820,532,173,62,133
821,532,173,62,133
822,532,173,62,133
823,532,173,62,133
824,532,173,62,133
825,532,173,62,133
826,532,173,62,133
827,532,173,62,133
828,532,173,62,133
829,532,173,62,133
830,532,173,62,133
831,532,173,62,133
832,532,173,62,133
833,532,173,62,133
834,532,173,62,133
835,532,173,62,133
836,532,173,62,133
837,532,173,62,133
838,532,173,62,133
839,532,173,62,133
840,532,173,62,133
841,532,173,62,133
842,532,173,62,133
843,532,173,62,133
844,532,173,62,133
845,532,173,62,133
846,532,173,62,133
847,532,173,62,133
848,532,173,62,133
849,532,173,62,133
850,532,173,62,133
851,532,173,62,133
852,532,173,62,133
853,532,173,62,133
854,532,173,62,133
855,532,173,62,133
856,532,173,62,133
857,532,173,62,133
858,532,173,62,133
859,532,173,62,133
860,532,173,62,133
861,532,173,62,133
862,532,173,62,133
863,532,173,62,133
864,532,173,62,133
865,532,173,62,133
866,532,173,62,133
867,532,173,62,133
868,532,173,62,133
869,532,173,62,133
870,532,173,62,133
871,532,173,62,133
872,532,173,62,133
873,532,173,62,133
874,532,173,62,133
875,532,173,62,133
876,532,173,62,133
877,532,173,62,133
878,532,173,62,133
879,532,173,62,133
880,532,173,62,133
881,532,173,62,133
882,532,173,62,133
883,532,173,62,133
884,532,173,62,133
885,532,173,62,133
886,532,173,62,133
887,532,173,62,133
888,532,173,62,133
889,532,173,62,133
890,532,173,62,133
891,532,173,62,133
892,532,173,62,133
893,532,173,62,133
894,532,173,62,133
895,532,173,62,133
896,532,173,62,133
897,532,173,62,133
898,532,173,62,133
899,532,173,62,133
900,532,173,62,133
901,532,173,62,133
902,532,173,62,133
903,532,173,62,133
904,532,173,62,133
905,532,173,62,133
906,532,173,62,133
907,532,173,62,133
908,532,173,62,133
909,532,173,62,133
910,532,173,62,133
911,532,173,62,133
912,532,173,62,133
913,532,173,62,133
914,532,173,62,133
915,532,173,62,133
916,532,173,62,133
917,532,173,62,133
918,532,173,62,133
919,532,173,62,133
920,532,173,62,133
921,532,173,62,133
922,532,173,62,133
923,532,173,62,133
924,532,173,62,133
925,532,173,62,133
926,532,173,62,133
927,532,173,62,133
928,532,173,62,133
929,532,173,62,133
930,532,173,62,133
931,532,173,62,133
932,532,173,62,133
933,532,173,62,133
934,532,173,62,133
935,532,173,62,133
936,532,173,62,133
937,532,173,62,133
938,532,173,62,133
939,532,173,62,133
940,532,173,62,133
941,532,173,62,133
942,532,173,62,133
943,532,173,62,133
944,532,173,62,133
945,532,173,62,133
946,532,173,62,133
947,532,173,62,133
948,532,173,62,133
949,532,173,62,133
950,532,173,62,133
951,532,173,62,133
952,532,173,62,133
953,532,173,62,133
954,532,173,62,133
955,532,173,62,133
956,532,173,62,133
957,532,173,62,133
958,532,173,62,133
959,532,173,62,133
960,532,173,62,133
961,532,173,62,133
962,532,173,62,133
963,532,173,62,133
964,532,173,62,133
965,532,173,62,133
966,532,173,62,133
967,532,173,62,133
968,532,173,62,133
969,532,173,62,133
970,532,173,62,133
971,532,173,62,133
972,532,173,62,133
973,532,173,62,133
974,532,173,62,133
975,532,173,62,133
976,532,173,62,133
977,532,173,62,133
978,532,173,62,133
979,532,173,62,133
980,532,173,62,133
981,532,173,62,133
982,532,173,62,133
983,532,173,62,133
984,532,173,62,133
985,532,173,62,133
986,532,173,62,133
987,532,173,62,133
988,532,173,62,133
989,532,173,62,133
990,532,173,62,133
991,532,173,62,133
992,532,173,62,133
993,532,173,62,133
994,532,173,62,133
995,532,173,62,133
996,532,173,62,133
997,532,173,62,133
998,532,173,62,133
999,532,173,62,133
1000,532,173,62,133
1001,532,173,62,133
1002,532,173,62,133
1003,532,173,62,133
1004,532,172,62,133
1005,532,172,62,133
1006,532,172,62,133
1007,532,172,62,133
1008,532,172,62,133
1009,532,172,62,133
1010,532,172,62,133
1011,532,172,62,133
1012,532,172,62,133
1013,532,172,62,133
1014,532,172,62,133
1015,532,172,62,133
1016,532,172,62,133
1017,532,172,62,133
1018,532,172,62,133
1019,532,172,62,133
1020,532,172,62,133
1021,532,172,62,133
1022,532,172,62,133
1023,532,172,62,133
1024,532,172,62,133
1025,532,172,62,133
1026,532,172,62,133
1027,532,172,62,133
1028,532,172,62,133
1029,532,172,62,133
1030,532,172,62,133
1031,532,172,62,133
1032,532,172,62,133
1033,532,172,62,133
1034,532,172,62,133
1035,532,172,62,133
1036,532,172,62,133
1037,532,172,62,133
1038,532,172,62,133
1039,532,172,62,133
1040,532,172,62,133
1041,532,172,62,133
1042,532,172,62,133
1043,532,172,62,133
1044,532,172,62,133
1045,532,172,62,133
1046,532,172,62,133
1047,532,172,62,133
1048,532,172,62,133
1049,532,172,62,133
1050,532,172,62,133
1051,532,172,62,133
1052,532,172,62,133
1053,532,172,62,133
1054,532,172,62,133
1055,532,172,62,133
1056,532,172,62,133
1057,532,172,62,133
1058,532,172,62,133
1059,532,172,62,133
1060,532,172,62,133
1061,532,172,62,133
1062,532,172,62,133
1063,532,172,62,133
1064,532,172,62,133
1065,532,172,62,133
1066,532,172,62,133
1067,532,172,62,133
1068,532,172,62,133
1069,532,171,62,133
1070,532,171,62,133
1071,532,171,62,133
1072,532,171,62,133
1073,532,171,62,133
1074,532,171,62,133
1075,532,171,62,133
1076,532,171,62,133
1077,532,171,62,133
1078,532,171,62,133
1079,532,171,62,133
1080,532,171,62,133
1081,532,171,62,133
1082,532,171,62,133
1083,532,171,62,133
1084,532,171,62,133
1085,532,172,62,133
1086,532,171,62,133
1087,532,171,62,133
1088,532,171,62,133
1089,532,171,62,133
1090,532,171,62,133
1091,532,171,62,133
1092,532,171,62,133
1093,532,171,62,133
1094,532,171,62,133
1095,532,171,62,133
1096,532,171,62,133
1097,532,171,62,133
1098,532,171,62,133
1099,532,171,62,133
1100,532,171,62,133
1101,532,171,62,133
1102,532,171,62,133
1103,532,171,62,133
1104,532,171,62,133
1105,532,171,62,133
1106,532,171,62,133
1107,532,171,62,133
1108,532,171,62,133
1109,532,171,62,133
1110,532,171,62,133
1111,532,171,62,133
1112,532,171,62,133
1113,532,171,62,133
1114,532,171,62,133
1115,532,171,62,133
1116,532,171,62,133
1117,532,171,62,133
1118,532,171,62,133
1119,532,171,62,133
1120,532,171,62,133
1121,532,171,62,133
1122,532,171,62,133
1123,532,171,62,133
1124,532,171,62,133
1125,532,171,62,133
1126,532,171,62,133
1127,532,171,62,133
1128,532,171,62,133
1129,532,171,62,133
1130,532,171,62,133
1131,532,171,62,133
1132,532,171,62,133
1133,532,171,62,133
1134,532,171,62,133
1135,532,171,62,133
1136,532,171,62,133
1137,532,171,62,133
1138,532,171,62,133
1139,532,171,62,133
1140,532,171,62,133
1141,532,171,62,133
1142,532,171,62,133
1143,532,171,62,133
1144,532,171,62,133
1145,532,171,62,133
1146,532,171,62,133
1147,532,171,62,133
1148,532,171,62,133
1149,532,171,62,133
1150,532,171,62,133
1151,532,171,62,133
1152,532,170,62,133
1153,532,170,62,133
1154,532,170,62,133
1155,532,170,62,133
1156,532,170,62,133
1157,532,170,62,133
1158,532,170,62,133
1159,532,170,62,133
1160,532,170,62,133
1161,532,170,62,133
1162,532,169,62,133
1163,532,169,62,133
1164,532,169,62,133
1165,532,168,62,133
1166,532,168,62,133
1167,532,167,62,133
1168,532,167,62,133
1169,532,167,62,133
1170,532,166,62,133
1171,532,166,62,133
1172,532,166,62,133
1173,532,166,62,133
1174,532,166,62,133
1175,532,166,62,133
1176,532,166,62,133
1177,532,165,62,133
1178,532,165,62,133
1179,532,165,62,133
1180,532,160,62,133
1181,532,160,62,133
1182,532,159,62,133
1183,532,159,62,133
1184,532,159,62,133
1185,532,157,62,133
1186,532,157,62,133
1187,532,157,62,133
1188,532,155,62,133
1189,532,155,62,133
1190,532,155,62,133
1191,532,155,62,133
1192,532,154,62,133
1193,532,154,62,133
1194,532,152,62,133
1195,532,151,62,133
1196,532,151,62,133
1197,532,149,62,133
1198,532,149,62,133
1199,532,149,62,133
1200,532,146,62,133
1201,532,146,62,133
1202,532,145,62,133
1203,532,145,62,133
1204,532,145,62,133
1205,532,145,62,133
1206,532,145,62,133
1207,531,144,62,133
1208,531,144,62,133
1209,530,143,62,133
1210,530,142,62,133
1211,530,142,62,133
1212,530,139,62,133
1213,530,139,62,133
1214,530,139,62,133
1215,530,137,62,133
1216,530,137,62,133
1217,530,136,62,133
1218,530,136,62,133
1219,530,136,62,133
1220,531,135,62,133
1221,531,135,62,133
1222,531,135,62,133
1223,531,135,62,133
1224,535,134,62,133
1225,535,133,62,133
1226,535,132,62,133
1227,535,131,62,133
1228,535,131,62,133
1229,535,131,62,133
1230,535,131,62,133
1231,535,131,62,133
1232,535,131,62,133
1233,535,131,62,133
1234,535,131,62,133
1235,535,131,62,133
1236,535,131,62,133
1237,535,131,62,133
1238,535,131,62,133
1239,535,131,62,133
1240,535,131,62,133
1241,535,131,62,133
