14-LongDuration 3
1,145,84,54,37
2,148,85,54,37
3,153,86,54,37
4,155,86,54,37
5,159,86,54,37
6,164,87,54,37
7,167,87,54,37
8,170,87,54,37
9,172,88,54,37
10,174,88,54,37
11,177,89,54,37
12,179,90,54,37
13,180,90,54,37
14,181,91,54,37
15,181,92,54,37
16,179,93,54,37
17,178,94,54,37
18,176,95,54,37
19,174,96,54,37
20,172,97,54,37
21,170,98,54,37
22,165,100,54,37
23,163,101,54,37
24,162,102,54,37
25,160,103,54,37
26,159,104,54,37
27,159,104,54,37
28,159,105,54,37
29,160,105,54,37
30,163,105,54,37
31,165,105,54,37
32,168,105,54,37
33,169,105,54,37
34,173,105,54,37
35,174,105,54,37
36,175,105,54,37
37,176,105,54,37
38,177,105,54,37
39,177,105,54,37
40,177,105,54,37
41,177,105,54,37
42,177,105,54,37
43,177,105,54,37
44,177,105,54,37
45,177,105,54,37
46,177,106,54,37
47,177,106,54,37
48,177,106,54,37
49,178,107,54,37
50,178,107,54,37
51,178,107,54,37
52,178,107,54,37
53,179,107,54,37
54,179,107,54,37
55,179,107,54,37
56,180,107,54,37
57,180,107,54,37
58,180,107,54,37
59,181,107,54,37
60,182,107,54,37
61,182,107,54,37
62,183,107,54,37
63,183,107,54,37
64,184,107,54,37
65,184,107,54,37
66,184,107,54,37
67,184,107,54,37
68,184,107,54,37
69,183,107,54,37
70,182,107,54,37
71,178,107,54,37
72,176,107,54,37
73,175,107,54,37
74,170,107,54,37
75,165,106,54,37
76,163,106,54,37
77,159,105,54,37
78,157,103,54,37
79,157,102,54,37
80,158,99,54,37
81,159,98,54,37
82,160,97,54,37
83,162,95,54,37
84,163,94,54,37
85,165,92,54,37
86,167,90,54,37
87,168,89,54,37
88,169,88,54,37
89,171,86,54,37
90,172,85,54,37
91,173,84,54,37
92,175,82,54,37
93,176,81,54,37
94,177,80,54,37
95,177,80,54,37
96,179,79,54,37
97,180,78,54,37
98,180,78,54,37
99,182,77,54,37
100,183,77,54,37
101,183,77,54,37
102,183,77,54,37
103,184,77,54,37
104,184,77,54,37
105,184,77,54,37
106,185,77,54,37
107,185,77,54,37
108,185,77,54,37
109,185,77,54,37
110,185,77,54,37
111,185,77,54,37
112,185,77,54,37
113,187,77,54,37
114,190,77,54,37
115,193,77,54,37
116,195,77,54,37
117,201,78,54,37
118,203,79,54,37
119,206,80,54,37
120,211,81,54,37
121,213,82,54,37
122,215,83,54,37
123,216,84,54,37
124,219,87,54,37
125,220,88,54,37
126,221,89,54,37
127,223,91,54,37
128,223,92,54,37
129,223,93,54,37
130,223,93,54,37
131,222,93,54,37
132,221,93,54,37
133,217,91,54,37
134,216,90,54,37
135,214,89,54,37
136,212,88,54,37
137,210,86,54,37
138,209,85,54,37
139,206,81,54,37
140,205,80,54,37
141,204,79,54,37
142,202,79,54,37
143,201,79,54,37
144,201,79,54,37
145,200,79,54,37
146,199,79,54,37
147,198,80,54,37
148,198,81,54,37
149,198,82,54,37
150,198,83,54,37
151,197,85,54,37
152,197,86,54,37
153,196,87,54,37
154,195,88,54,37
155,194,89,54,37
156,193,90,54,37
157,192,91,54,37
158,192,91,54,37
159,192,92,54,37
160,192,93,54,37
161,192,93,54,37
162,192,94,54,37
163,192,94,54,37
164,192,94,54,37
165,196,94,54,37
166,208,93,54,37
167,216,91,54,37
168,221,79,54,37
169,235,78,54,37
170,133,78,54,37
171,134,78,54,37
172,135,78,54,37
173,136,78,54,37
174,137,78,54,37
175,138,78,54,37
176,138,78,54,37
177,139,78,54,37
178,140,78,54,37
179,141,78,54,37
180,142,79,54,37
181,143,80,54,37
182,143,80,54,37
183,143,80,54,37
184,143,80,54,37
185,144,80,54,37
186,144,80,54,37
187,144,80,54,37
188,145,81,54,37
189,145,81,54,37
190,145,81,54,37
191,146,80,54,37
192,146,79,54,37
193,147,78,54,37
194,149,76,54,37
195,150,75,54,37
196,151,74,54,37
197,152,73,54,37
198,153,72,54,37
199,153,72,54,37
200,154,71,54,37
201,154,71,54,37
202,154,71,54,37
203,153,72,54,37
204,152,73,54,37
205,152,74,54,37
206,151,76,54,37
207,150,77,54,37
208,149,78,54,37
209,148,79,54,37
210,146,80,54,37
211,146,80,54,37
212,145,81,54,37
213,144,81,54,37
214,142,82,54,37
215,141,83,54,37
216,140,84,54,37
217,139,85,54,37
218,137,87,54,37
219,136,88,54,37
220,135,89,54,37
221,134,89,54,37
222,131,91,54,37
223,130,92,54,37
224,130,93,54,37
225,128,95,54,37
226,127,96,54,37
227,124,98,54,37
228,123,99,54,37
229,122,100,54,37
230,120,101,54,37
231,119,102,54,37
232,114,103,54,37
233,112,104,54,37
234,111,104,54,37
235,109,105,54,37
236,105,106,54,37
237,104,106,54,37
238,100,108,54,37
239,98,109,54,37
240,97,109,54,37
241,92,110,54,37
242,90,111,54,37
243,89,112,54,37
244,87,112,54,37
245,85,112,54,37
246,81,112,54,37
247,78,111,54,37
248,73,109,54,37
249,72,108,54,37
250,71,107,54,37
251,70,106,54,37
252,69,105,54,37
253,67,104,54,37
254,66,103,54,37
255,65,102,54,37
256,64,102,54,37
257,62,101,54,37
258,61,101,54,37
259,60,101,54,37
260,59,101,54,37
261,59,101,54,37
262,59,101,54,37
263,59,103,54,37
264,59,104,54,37
265,59,104,54,37
266,59,105,54,37
267,59,107,54,37
268,59,107,54,37
269,59,108,54,37
270,59,109,54,37
271,59,110,54,37
272,60,111,54,37
273,61,112,54,37
274,62,113,54,37
275,63,114,54,37
276,65,116,54,37
277,66,117,54,37
278,67,118,54,37
279,69,119,54,37
280,70,119,54,37
281,71,119,54,37
282,72,119,54,37
283,73,119,54,37
284,74,119,54,37
285,76,118,54,37
286,77,118,54,37
287,77,118,54,37
288,78,117,54,37
289,79,117,54,37
290,80,117,54,37
291,81,117,54,37
292,82,117,54,37
293,83,117,54,37
294,84,117,54,37
295,84,117,54,37
296,84,117,54,37
297,84,117,54,37
298,84,117,54,37
299,84,117,54,37
300,84,117,54,37
301,84,117,54,37
302,84,117,54,37
303,84,116,54,37
304,84,116,54,37
305,84,116,54,37
306,84,116,54,37
307,84,116,54,37
308,83,116,54,37
309,83,116,54,37
310,83,117,54,37
311,83,118,54,37
312,83,118,54,37
313,83,119,54,37
314,83,120,54,37
315,83,121,54,37
316,82,122,54,37
317,82,123,54,37
318,82,123,54,37
319,81,123,54,37
320,81,122,54,37
321,80,121,54,37
322,80,120,54,37
323,79,118,54,37
324,78,117,54,37
325,77,116,54,37
326,77,115,54,37
327,77,114,54,37
328,77,113,54,37
329,77,113,54,37
330,78,113,54,37
331,78,114,54,37
332,78,114,54,37
333,78,115,54,37
334,78,117,54,37
335,78,118,54,37
336,78,119,54,37
337,78,121,54,37
338,78,122,54,37
339,78,123,54,37
340,78,124,54,37
341,78,124,54,37
342,78,124,54,37
343,78,124,54,37
344,78,124,54,37
345,78,125,54,37
346,78,125,54,37
347,78,125,54,37
348,77,125,54,37
349,77,125,54,37
350,76,125,54,37
351,76,125,54,37
352,76,125,54,37
353,76,125,54,37
354,74,126,54,37
355,74,126,54,37
356,73,127,54,37
357,73,127,54,37
358,71,128,54,37
359,69,129,54,37
360,69,129,54,37
361,69,129,54,37
362,68,130,54,37
363,84,128,54,37
364,118,126,54,37
365,6,62,54,37
366,23,61,54,37
367,43,58,54,37
368,57,56,54,37
369,165,74,54,37
370,185,71,54,37
371,85,64,54,37
372,153,75,54,37
373,143,62,54,37
374,138,41,54,37
375,153,30,54,37
376,170,28,54,37
377,218,29,54,37
378,208,8,54,37
379,215,2,54,37
380,24,142,54,37
381,70,137,54,37
382,89,134,54,37
383,110,131,54,37
384,111,106,54,37
385,123,102,54,37
386,190,111,54,37
387,188,93,54,37
388,84,43,54,37
389,86,32,54,37
390,94,29,54,37
391,185,41,54,37
392,117,3,54,37
393,197,13,54,37
394,199,5,54,37
395,232,7,54,37
396,233,1,54,37
397,21,30,54,37
398,48,29,54,37
399,61,28,54,37
400,208,49,54,37
401,214,48,54,37
402,217,47,54,37
403,201,49,54,37
404,209,47,54,37
405,214,45,54,37
406,220,44,54,37
407,222,44,54,37
408,222,44,54,37
409,221,44,54,37
410,213,43,54,37
411,212,39,54,37
412,207,36,54,37
413,204,35,54,37
414,201,36,54,37
415,200,37,54,37
416,197,42,54,37
417,194,50,54,37
418,191,55,54,37
419,185,55,54,37
420,162,69,54,37
421,159,74,54,37
422,160,85,54,37
423,164,88,54,37
424,168,89,54,37
425,179,80,54,37
426,190,70,54,37
427,195,60,54,37
428,192,62,54,37
429,125,116,54,37
430,62,11,54,37
431,204,161,54,37
432,207,145,54,37
433,228,128,54,37
434,119,65,54,37
435,114,66,54,37
436,118,68,54,37
437,134,69,54,37
438,151,78,54,37
439,167,82,54,37
440,165,102,54,37
441,189,105,54,37
442,202,109,54,37
443,212,114,54,37
444,189,135,54,37
445,186,141,54,37
446,184,147,54,37
447,189,157,54,37
448,190,160,54,37
449,186,168,54,37
450,182,172,54,37
451,183,174,54,37
452,185,176,54,37
453,186,177,54,37
454,193,177,54,37
455,196,177,54,37
456,199,177,54,37
457,194,178,54,37
458,201,176,54,37
459,193,177,54,37
460,190,176,54,37
461,190,175,54,37
462,191,174,54,37
463,191,173,54,37
464,195,171,54,37
465,195,168,54,37
466,195,167,54,37
467,201,165,54,37
468,210,162,54,37
469,216,158,54,37
470,217,157,54,37
471,196,161,54,37
472,58,104,54,37
473,73,99,54,37
474,87,95,54,37
475,19,48,54,37
476,45,43,54,37
477,68,38,54,37
478,70,38,54,37
479,150,21,54,37
480,150,21,54,37
481,137,29,54,37
482,135,29,54,37
483,134,29,54,37
484,131,29,54,37
485,141,23,54,37
486,146,21,54,37
487,148,20,54,37
488,146,20,54,37
489,145,20,54,37
490,142,21,54,37
491,140,21,54,37
492,136,21,54,37
493,134,21,54,37
494,133,21,54,37
495,140,15,54,37
496,139,15,54,37
497,134,16,54,37
498,133,16,54,37
499,131,16,54,37
500,127,16,54,37
501,125,16,54,37
502,123,16,54,37
503,122,16,54,37
504,229,1,54,37
505,233,0,54,37
506,234,0,54,37
507,45,41,54,37
508,44,41,54,37
509,39,42,54,37
510,40,41,54,37
511,150,165,54,37
512,156,163,54,37
513,167,160,54,37
514,168,159,54,37
515,172,158,54,37
516,186,155,54,37
517,185,155,54,37
518,180,155,54,37
519,177,155,54,37
520,174,155,54,37
521,171,155,54,37
522,168,154,54,37
523,177,151,54,37
524,181,149,54,37
525,187,147,54,37
526,182,147,54,37
527,186,144,54,37
528,193,142,54,37
529,185,142,54,37
530,191,140,54,37
531,197,139,54,37
532,202,138,54,37
533,198,138,54,37
534,182,139,54,37
535,172,139,54,37
536,144,136,54,37
537,152,126,54,37
538,159,120,54,37
539,157,178,54,37
540,171,163,54,37
541,177,147,54,37
542,77,150,54,37
543,96,138,54,37
544,125,123,54,37
545,141,117,54,37
546,150,112,54,37
547,161,107,54,37
548,166,105,54,37
549,180,101,54,37
550,186,100,54,37
551,195,101,54,37
552,202,101,54,37
553,207,101,54,37
554,211,101,54,37
555,228,100,54,37
556,232,100,54,37
557,235,100,54,37
558,235,101,54,37
559,235,101,54,37
560,235,101,54,37
561,235,101,54,37
562,235,100,54,37
563,165,111,54,37
564,176,107,54,37
565,184,104,54,37
566,194,100,54,37
567,202,95,54,37
568,48,1,54,37
569,52,0,54,37
570,51,0,54,37
571,60,0,54,37
572,69,0,54,37
573,95,0,54,37
574,105,1,54,37
575,117,3,54,37
576,141,6,54,37
577,152,9,54,37
578,164,12,54,37
579,205,13,54,37
580,211,13,54,37
581,217,12,54,37
582,221,5,54,37
583,225,0,54,37
584,170,81,54,37
585,174,78,54,37
586,58,79,54,37
587,70,70,54,37
588,77,62,54,37
589,227,19,54,37
590,231,12,54,37
591,136,15,54,37
592,144,14,54,37
593,49,134,54,37
594,61,134,54,37
595,82,137,54,37
596,196,132,54,37
597,205,134,54,37
598,115,147,54,37
599,160,146,54,37
600,207,149,54,37
601,208,156,54,37
602,120,171,54,37
603,168,174,54,37
604,176,177,54,37
605,191,178,54,37
606,202,178,54,37
607,210,179,54,37
608,198,140,54,37
609,189,143,54,37
610,189,145,54,37
611,201,145,54,37
612,192,148,54,37
613,193,148,54,37
614,199,148,54,37
615,204,148,54,37
616,209,148,54,37
617,212,148,54,37
618,217,148,54,37
619,219,148,54,37
620,221,148,54,37
621,227,148,54,37
622,227,148,54,37
623,227,148,54,37
624,226,148,54,37
625,223,148,54,37
626,226,147,54,37
627,222,147,54,37
628,220,147,54,37
629,215,147,54,37
630,210,147,54,37
631,215,146,54,37
632,215,146,54,37
633,218,145,54,37
634,234,143,54,37
635,209,143,54,37
636,0,140,54,37
637,97,127,54,37
638,7,84,54,37
639,6,89,54,37
640,21,158,54,37
641,91,133,54,37
642,195,46,54,37
643,50,76,54,37
644,74,105,54,37
645,79,107,54,37
646,123,116,54,37
647,188,118,54,37
648,204,122,54,37
649,54,90,54,37
650,56,92,54,37
651,72,97,54,37
652,0,39,54,37
653,31,38,54,37
654,44,53,54,37
655,120,66,54,37
656,53,161,54,37
657,156,116,54,37
658,217,113,54,37
659,181,175,54,37
660,191,179,54,37
661,126,12,54,37
662,135,13,54,37
663,156,12,54,37
664,149,15,54,37
665,161,15,54,37
666,169,17,54,37
667,182,13,54,37
668,197,10,54,37
669,202,10,54,37
670,14,153,54,37
671,31,152,54,37
672,35,152,54,37
673,47,151,54,37
674,65,149,54,37
675,70,149,54,37
676,82,148,54,37
677,90,147,54,37
678,99,146,54,37
679,116,144,54,37
680,123,143,54,37
681,132,142,54,37
682,148,141,54,37
683,155,141,54,37
684,163,141,54,37
685,168,141,54,37
686,180,141,54,37
687,192,141,54,37
688,197,141,54,37
689,205,142,54,37
690,212,143,54,37
691,53,152,54,37
692,48,155,54,37
693,67,155,54,37
694,65,158,54,37
695,60,161,54,37
696,72,162,54,37
697,147,160,54,37
698,146,162,54,37
699,149,163,54,37
700,153,164,54,37
701,204,163,54,37
702,185,165,54,37
703,158,168,54,37
704,168,168,54,37
705,42,178,54,37
706,71,177,54,37
707,98,176,54,37
708,93,177,54,37
709,111,177,54,37
710,126,176,54,37
711,105,177,54,37
712,93,177,54,37
713,90,175,54,37
714,102,171,54,37
715,111,168,54,37
716,148,163,54,37
717,161,160,54,37
718,149,153,54,37
719,149,150,54,37
720,161,147,54,37
721,170,146,54,37
722,147,147,54,37
723,163,147,54,37
724,157,149,54,37
725,203,151,54,37
726,120,156,54,37
727,137,158,54,37
728,77,164,54,37
729,94,164,54,37
730,81,166,54,37
731,109,166,54,37
732,114,167,54,37
733,107,169,54,37
734,104,170,54,37
735,116,170,54,37
736,127,170,54,37
737,139,170,54,37
738,149,170,54,37
739,158,170,54,37
740,169,170,54,37
741,178,171,54,37
742,187,171,54,37
743,199,171,54,37
744,206,171,54,37
745,211,172,54,37
746,216,173,54,37
747,223,174,54,37
748,229,174,54,37
749,234,174,54,37
750,235,176,54,37
751,235,176,54,37
752,234,176,54,37
753,235,176,54,37
754,235,177,54,37
755,235,177,54,37
756,0,179,54,37
757,5,179,54,37
758,5,179,54,37
759,4,179,54,37
760,25,178,54,37
761,38,177,54,37
762,38,177,54,37
763,41,176,54,37
764,53,174,54,37
765,71,173,54,37
766,68,171,54,37
767,64,170,54,37
768,147,165,54,37
769,147,163,54,37
770,163,161,54,37
771,128,160,54,37
772,109,157,54,37
773,117,155,54,37
774,119,153,54,37
775,131,152,54,37
776,120,150,54,37
777,180,147,54,37
778,170,145,54,37
779,159,143,54,37
780,172,141,54,37
781,179,138,54,37
782,187,136,54,37
783,167,135,54,37
784,168,133,54,37
785,168,133,54,37
786,167,131,54,37
787,163,130,54,37
788,157,129,54,37
789,162,128,54,37
790,164,127,54,37
791,161,127,54,37
792,164,125,54,37
793,164,124,54,37
794,164,124,54,37
795,89,124,54,37
796,80,122,54,37
797,78,122,54,37
798,64,122,54,37
799,70,121,54,37
800,65,120,54,37
801,72,119,54,37
802,79,118,54,37
803,79,117,54,37
804,65,117,54,37
805,65,116,54,37
806,54,115,54,37
807,73,114,54,37
808,74,113,54,37
809,58,113,54,37
810,60,112,54,37
811,73,111,54,37
812,74,110,54,37
813,66,109,54,37
814,69,107,54,37
815,68,106,54,37
816,66,105,54,37
817,65,105,54,37
818,50,103,54,37
819,48,101,54,37
820,56,100,54,37
821,52,98,54,37
822,46,97,54,37
823,45,94,54,37
824,41,92,54,37
825,30,91,54,37
826,30,90,54,37
827,20,90,54,37
828,15,90,54,37
829,15,90,54,37
830,19,90,54,37
831,12,90,54,37
832,13,90,54,37
833,13,90,54,37
834,7,90,54,37
835,7,90,54,37
836,2,90,54,37
837,0,90,54,37
838,0,90,54,37
839,0,90,54,37
840,0,90,54,37
841,0,91,54,37
842,0,92,54,37
843,0,92,54,37
844,0,92,54,37
845,0,93,54,37
846,0,93,54,37
847,0,96,54,37
848,1,97,54,37
849,4,97,54,37
850,3,98,54,37
851,1,101,54,37
852,1,102,54,37
853,1,102,54,37
854,6,102,54,37
855,0,112,54,37
856,0,113,54,37
857,0,114,54,37
858,0,115,54,37
859,0,117,54,37
860,0,118,54,37
861,0,119,54,37
862,0,120,54,37
863,0,122,54,37
864,0,123,54,37
865,0,124,54,37
866,0,126,54,37
867,0,127,54,37
868,0,128,54,37
869,0,129,54,37
870,0,132,54,37
871,0,133,54,37
872,0,135,54,37
873,0,137,54,37
874,0,139,54,37
875,0,141,54,37
876,0,142,54,37
877,0,143,54,37
878,0,145,54,37
879,0,148,54,37
880,0,148,54,37
881,0,150,54,37
882,0,152,54,37
883,1,152,54,37
884,0,153,54,37
885,0,153,54,37
886,0,153,54,37
887,0,153,54,37
888,0,153,54,37
889,10,153,54,37
890,44,152,54,37
891,52,152,54,37
892,65,152,54,37
893,75,152,54,37
894,76,152,54,37
895,87,152,54,37
896,111,150,54,37
897,112,148,54,37
898,124,143,54,37
899,127,136,54,37
900,133,123,54,37
901,138,115,54,37
902,143,106,54,37
903,147,98,54,37
904,153,84,54,37
905,157,76,54,37
906,161,68,54,37
907,167,55,54,37
908,171,48,54,37
909,174,37,54,37
910,178,29,54,37
911,182,22,54,37
912,188,13,54,37
913,193,9,54,37
914,197,10,54,37
915,198,11,54,37
916,198,17,54,37
917,199,32,54,37
918,199,35,54,37
919,199,44,54,37
920,199,48,54,37
921,200,55,54,37
922,200,62,54,37
923,202,69,54,37
924,202,71,54,37
925,204,79,54,37
926,206,83,54,37
927,209,88,54,37
928,209,88,54,37
929,212,92,54,37
930,213,93,54,37
931,215,95,54,37
932,217,96,54,37
933,220,97,54,37
934,223,97,54,37
935,229,95,54,37
936,229,95,54,37
937,234,93,54,37
938,235,93,54,37
939,235,91,54,37
940,234,89,54,37
941,235,88,54,37
942,0,87,54,37
943,6,86,54,37
944,10,82,54,37
945,17,80,54,37
946,18,79,54,37
947,29,75,54,37
948,47,73,54,37
949,52,72,54,37
950,67,70,54,37
951,66,65,54,37
952,93,64,54,37
953,99,60,54,37
954,110,58,54,37
955,107,56,54,37
956,117,55,54,37
957,117,55,54,37
958,114,55,54,37
959,110,55,54,37
960,114,55,54,37
961,114,56,54,37
962,110,57,54,37
963,91,57,54,37
964,87,57,54,37
965,105,57,54,37
966,112,57,54,37
967,65,55,54,37
968,59,54,54,37
969,72,54,54,37
970,71,53,54,37
971,88,53,54,37
972,101,53,54,37
973,85,52,54,37
974,82,51,54,37
975,93,51,54,37
976,118,52,54,37
977,119,52,54,37
978,219,18,54,37
979,230,18,54,37
980,235,18,54,37
981,235,18,54,37
982,106,115,54,37
983,50,152,54,37
984,197,43,54,37
985,221,42,54,37
986,205,11,54,37
987,70,160,54,37
988,96,164,54,37
989,23,96,54,37
990,38,95,54,37
991,78,94,54,37
992,142,80,54,37
993,154,75,54,37
994,173,65,54,37
995,125,26,54,37
996,183,131,54,37
997,197,124,54,37
998,204,121,54,37
999,212,116,54,37
1000,215,115,54,37
1001,216,112,54,37
1002,216,112,54,37
1003,222,112,54,37
1004,227,112,54,37
1005,64,7,54,37
1006,73,9,54,37
1007,79,10,54,37
1008,92,13,54,37
1009,103,16,54,37
1010,113,17,54,37
1011,118,18,54,37
1012,126,20,54,37
1013,135,22,54,37
1014,147,24,54,37
1015,157,26,54,37
1016,164,27,54,37
1017,173,28,54,37
1018,180,29,54,37
1019,187,30,54,37
1020,194,31,54,37
1021,197,31,54,37
1022,216,34,54,37
1023,222,35,54,37
1024,225,35,54,37
1025,230,36,54,37
1026,235,37,54,37
1027,140,36,54,37
1028,147,37,54,37
1029,157,38,54,37
1030,167,39,54,37
1031,158,39,54,37
1032,159,40,54,37
1033,165,41,54,37
1034,154,41,54,37
1035,165,42,54,37
1036,180,43,54,37
1037,180,43,54,37
1038,185,43,54,37
1039,184,42,54,37
1040,191,42,54,37
1041,198,42,54,37
1042,203,41,54,37
1043,208,41,54,37
1044,213,41,54,37
1045,216,40,54,37
1046,221,39,54,37
1047,226,39,54,37
1048,230,38,54,37
1049,234,37,54,37
1050,235,36,54,37
1051,235,35,54,37
1052,234,34,54,37
1053,0,34,54,37
1054,6,33,54,37
1055,10,32,54,37
1056,13,32,54,37
1057,15,32,54,37
1058,23,32,54,37
1059,26,32,54,37
1060,28,32,54,37
1061,36,31,54,37
1062,39,31,54,37
1063,41,31,54,37
1064,48,30,54,37
1065,52,29,54,37
1066,54,29,54,37
1067,61,28,54,37
1068,65,27,54,37
1069,66,27,54,37
1070,70,26,54,37
1071,72,26,54,37
1072,77,25,54,37
1073,82,24,54,37
1074,85,23,54,37
1075,90,22,54,37
1076,94,21,54,37
1077,97,20,54,37
1078,101,19,54,37
1079,103,19,54,37
1080,110,18,54,37
1081,114,17,54,37
1082,116,17,54,37
1083,122,16,54,37
1084,125,15,54,37
1085,126,15,54,37
1086,130,14,54,37
1087,132,14,54,37
1088,137,13,54,37
1089,140,12,54,37
1090,142,12,54,37
1091,146,12,54,37
1092,148,12,54,37
1093,150,12,54,37
1094,152,12,54,37
1095,155,12,54,37
1096,157,12,54,37
1097,159,12,54,37
1098,160,12,54,37
1099,163,12,54,37
1100,165,12,54,37
1101,166,12,54,37
1102,167,12,54,37
1103,168,12,54,37
1104,170,12,54,37
1105,171,12,54,37
1106,172,12,54,37
1107,173,12,54,37
1108,174,12,54,37
1109,174,12,54,37
1110,175,13,54,37
1111,175,13,54,37
1112,176,14,54,37
1113,177,15,54,37
1114,177,15,54,37
1115,178,17,54,37
1116,179,18,54,37
1117,179,18,54,37
1118,180,19,54,37
1119,181,20,54,37
1120,181,20,54,37
1121,182,21,54,37
1122,182,21,54,37
1123,182,21,54,37
1124,183,21,54,37
1125,184,21,54,37
1126,185,21,54,37
1127,187,21,54,37
1128,188,21,54,37
1129,190,20,54,37
1130,192,19,54,37
1131,194,18,54,37
1132,198,16,54,37
1133,201,14,54,37
1134,203,13,54,37
1135,206,12,54,37
1136,211,10,54,37
1137,213,9,54,37
1138,216,8,54,37
1139,218,7,54,37
1140,223,4,54,37
1141,227,2,54,37
1142,230,1,54,37
1143,235,0,54,37
1144,68,91,54,37
1145,75,91,54,37
1146,93,91,54,37
1147,103,91,54,37
1148,124,91,54,37
1149,143,92,54,37
1150,166,91,54,37
1151,174,91,54,37
1152,187,91,54,37
1153,165,91,54,37
1154,165,91,54,37
1155,188,92,54,37
1156,201,92,54,37
1157,211,92,54,37
1158,218,92,54,37
1159,87,93,54,37
1160,111,95,54,37
1161,117,96,54,37
1162,120,98,54,37
1163,134,100,54,37
1164,150,103,54,37
1165,167,105,54,37
1166,176,107,54,37
1167,202,111,54,37
1168,47,111,54,37
1169,64,113,54,37
1170,80,115,54,37
1171,82,116,54,37
1172,104,118,54,37
1173,119,119,54,37
1174,157,121,54,37
1175,164,122,54,37
1176,190,124,54,37
1177,200,125,54,37
1178,204,126,54,37
1179,86,128,54,37
1180,101,129,54,37
1181,105,130,54,37
1182,122,134,54,37
1183,122,135,54,37
1184,125,136,54,37
1185,162,138,54,37
1186,175,140,54,37
1187,184,140,54,37
1188,221,141,54,37
1189,234,142,54,37
1190,69,143,54,37
1191,72,144,54,37
1192,86,145,54,37
1193,80,147,54,37
1194,91,148,54,37
1195,132,149,54,37
1196,150,150,54,37
1197,154,150,54,37
1198,220,151,54,37
1199,93,151,54,37
1200,111,151,54,37
1201,125,151,54,37
1202,135,151,54,37
1203,137,152,54,37
1204,149,153,54,37
1205,156,154,54,37
1206,168,154,54,37
1207,176,156,54,37
1208,191,158,54,37
1209,197,158,54,37
1210,229,159,54,37
1211,0,161,54,37
1212,42,162,54,37
1213,60,163,54,37
1214,72,164,54,37
1215,65,165,54,37
1216,83,165,54,37
1217,107,166,54,37
1218,121,166,54,37
1219,130,166,54,37
1220,218,166,54,37
1221,231,166,54,37
1222,10,168,54,37
1223,18,168,54,37
1224,22,168,54,37
1225,24,168,54,37
1226,57,167,54,37
1227,113,165,54,37
1228,107,165,54,37
1229,139,163,54,37
1230,158,161,54,37
1231,166,160,54,37
1232,176,158,54,37
1233,72,157,54,37
1234,129,156,54,37
1235,113,155,54,37
1236,121,154,54,37
1237,112,153,54,37
1238,98,152,54,37
1239,107,151,54,37
1240,96,150,54,37
1241,232,147,54,37
1242,234,146,54,37
1243,215,145,54,37
1244,211,144,54,37
1245,228,143,54,37
1246,233,141,54,37
1247,0,141,54,37
1248,45,139,54,37
1249,61,138,54,37
1250,96,137,54,37
1251,91,136,54,37
1252,110,135,54,37
1253,116,135,54,37
1254,106,134,54,37
1255,126,133,54,37
1256,147,131,54,37
1257,163,130,54,37
1258,180,128,54,37
1259,233,127,54,37
1260,234,125,54,37
1261,6,128,54,37
1262,20,127,54,37
1263,52,126,54,37
1264,87,125,54,37
1265,100,125,54,37
1266,83,126,54,37
1267,109,126,54,37
1268,121,126,54,37
1269,169,128,54,37
1270,179,129,54,37
1271,189,129,54,37
1272,204,131,54,37
1273,214,132,54,37
1274,24,144,54,37
1275,8,146,54,37
1276,25,147,54,37
1277,64,149,54,37
1278,99,150,54,37
1279,116,151,54,37
1280,133,152,54,37
1281,146,152,54,37
1282,202,152,54,37
1283,227,152,54,37
1284,233,152,54,37
1285,113,154,54,37
1286,135,153,54,37
1287,151,152,54,37
1288,166,151,54,37
1289,207,149,54,37
1290,226,148,54,37
1291,74,151,54,37
1292,99,150,54,37
1293,113,149,54,37
1294,83,152,54,37
1295,100,152,54,37
1296,33,154,54,37
1297,53,154,54,37
1298,75,154,54,37
1299,88,154,54,37
1300,122,154,54,37
1301,137,154,54,37
1302,154,154,54,37
1303,196,154,54,37
1304,214,154,54,37
1305,220,155,54,37
1306,226,155,54,37
1307,62,159,54,37
1308,83,160,54,37
1309,91,160,54,37
1310,136,159,54,37
1311,136,159,54,37
1312,151,158,54,37
1313,163,157,54,37
1314,136,158,54,37
1315,147,158,54,37
1316,160,157,54,37
1317,167,155,54,37
1318,178,155,54,37
1319,187,154,54,37
1320,197,154,54,37
1321,208,153,54,37
1322,213,152,54,37
1323,174,152,54,37
1324,177,151,54,37
1325,167,151,54,37
1326,174,148,54,37
1327,176,147,54,37
1328,166,147,54,37
1329,161,145,54,37
1330,170,144,54,37
1331,163,144,54,37
1332,173,143,54,37
1333,177,143,54,37
1334,181,143,54,37
1335,197,143,54,37
1336,204,143,54,37
1337,209,143,54,37
1338,90,148,54,37
1339,101,148,54,37
1340,93,149,54,37
1341,106,149,54,37
1342,111,149,54,37
1343,114,149,54,37
1344,125,149,54,37
1345,128,149,54,37
1346,130,149,54,37
1347,136,149,54,37
1348,143,149,54,37
1349,145,149,54,37
1350,149,149,54,37
1351,159,149,54,37
1352,161,149,54,37
1353,165,149,54,37
1354,170,149,54,37
1355,173,149,54,37
1356,173,149,54,37
1357,175,149,54,37
1358,180,149,54,37
1359,184,149,54,37
1360,187,149,54,37
1361,192,148,54,37
1362,205,147,54,37
1363,212,148,54,37
1364,216,148,54,37
1365,222,148,54,37
1366,201,149,54,37
1367,205,149,54,37
1368,186,150,54,37
1369,177,151,54,37
1370,182,151,54,37
1371,191,151,54,37
1372,14,158,54,37
1373,24,158,54,37
1374,15,159,54,37
1375,25,159,54,37
1376,31,159,54,37
1377,41,159,54,37
1378,44,159,54,37
1379,44,159,54,37
1380,43,159,54,37
1381,43,159,54,37
1382,62,158,54,37
1383,63,158,54,37
1384,216,152,54,37
1385,221,152,54,37
1386,223,152,54,37
1387,228,152,54,37
1388,150,157,54,37
1389,163,156,54,37
1390,210,154,54,37
1391,216,154,54,37
1392,220,154,54,37
1393,208,155,54,37
1394,203,156,54,37
1395,208,156,54,37
1396,202,157,54,37
1397,192,160,54,37
1398,192,161,54,37
1399,185,164,54,37
1400,175,169,54,37
1401,179,170,54,37
1402,169,173,54,37
1403,162,175,54,37
1404,176,177,54,37
1405,176,178,54,37
1406,188,178,54,37
1407,24,70,54,37
1408,30,69,54,37
1409,189,95,54,37
1410,192,94,54,37
1411,195,91,54,37
1412,203,85,54,37
1413,210,84,54,37
1414,84,17,54,37
1415,102,13,54,37
1416,114,8,54,37
1417,126,4,54,37
1418,158,0,54,37
1419,162,0,54,37
1420,3,73,54,37
1421,3,73,54,37
1422,107,172,54,37
1423,131,172,54,37
1424,142,173,54,37
1425,168,173,54,37
1426,183,173,54,37
1427,0,172,54,37
1428,45,169,54,37
1429,68,167,54,37
1430,171,161,54,37
1431,102,89,54,37
1432,103,88,54,37
1433,106,86,54,37
1434,108,85,54,37
1435,111,84,54,37
1436,113,84,54,37
1437,114,85,54,37
1438,116,86,54,37
1439,118,88,54,37
1440,121,92,54,37
1441,123,94,54,37
1442,125,97,54,37
1443,127,100,54,37
1444,129,103,54,37
1445,131,105,54,37
1446,132,106,54,37
1447,133,106,54,37
1448,134,106,54,37
1449,135,105,54,37
1450,136,104,54,37
1451,136,103,54,37
1452,134,102,54,37
1453,133,101,54,37
1454,130,100,54,37
1455,127,100,54,37
1456,125,100,54,37
1457,121,100,54,37
1458,118,100,54,37
1459,115,100,54,37
1460,113,100,54,37
1461,109,100,54,37
1462,107,100,54,37
1463,105,100,54,37
1464,104,100,54,37
1465,101,100,54,37
1466,99,100,54,37
1467,96,101,54,37
1468,94,102,54,37
1469,92,103,54,37
1470,91,104,54,37
1471,90,105,54,37
1472,89,106,54,37
1473,89,107,54,37
1474,89,107,54,37
1475,87,109,54,37
1476,86,110,54,37
1477,86,110,54,37
1478,85,110,54,37
1479,84,110,54,37
1480,83,109,54,37
1481,82,107,54,37
1482,81,105,54,37
1483,80,103,54,37
1484,78,100,54,37
1485,78,98,54,37
1486,78,97,54,37
1487,152,89,54,37
1488,153,87,54,37
1489,163,85,54,37
1490,163,85,54,37
1491,162,83,54,37
1492,163,82,54,37
1493,164,81,54,37
1494,165,80,54,37
1495,165,80,54,37
1496,165,80,54,37
1497,165,79,54,37
1498,165,79,54,37
1499,165,79,54,37
1500,165,79,54,37
1501,165,79,54,37
1502,165,79,54,37
1503,165,78,54,37
1504,165,77,54,37
1505,164,77,54,37
1506,164,77,54,37
1507,163,77,54,37
1508,163,77,54,37
1509,163,77,54,37
1510,163,77,54,37
1511,163,78,54,37
1512,164,78,54,37
1513,165,79,54,37
1514,175,81,54,37
1515,181,81,54,37
1516,164,81,54,37
1517,168,82,54,37
1518,171,83,54,37
1519,175,84,54,37
1520,178,85,54,37
1521,181,86,54,37
1522,183,86,54,37
1523,185,86,54,37
1524,187,86,54,37
1525,188,86,54,37
1526,192,86,54,37
1527,194,86,54,37
1528,196,86,54,37
1529,198,85,54,37
1530,200,84,54,37
1531,202,83,54,37
1532,204,83,54,37
1533,206,83,54,37
1534,208,82,54,37
1535,209,82,54,37
1536,210,81,54,37
1537,212,80,54,37
1538,213,80,54,37
1539,214,79,54,37
1540,214,79,54,37
1541,214,79,54,37
1542,214,79,54,37
1543,214,79,54,37
1544,215,79,54,37
1545,217,79,54,37
1546,217,79,54,37
1547,219,79,54,37
1548,220,79,54,37
1549,220,79,54,37
1550,222,79,54,37
1551,224,80,54,37
1552,225,80,54,37
1553,226,81,54,37
1554,227,81,54,37
1555,228,82,54,37
1556,227,83,54,37
1557,227,84,54,37
1558,226,85,54,37
1559,226,86,54,37
1560,222,88,54,37
1561,220,89,54,37
1562,220,90,54,37
1563,217,91,54,37
1564,214,93,54,37
1565,213,93,54,37
1566,212,94,54,37
1567,210,95,54,37
1568,210,95,54,37
1569,209,96,54,37
1570,209,97,54,37
1571,209,98,54,37
1572,209,98,54,37
1573,210,99,54,37
1574,210,100,54,37
1575,210,100,54,37
1576,211,101,54,37
1577,213,102,54,37
1578,217,103,54,37
1579,216,104,54,37
1580,217,105,54,37
1581,221,106,54,37
1582,220,106,54,37
1583,222,107,54,37
1584,226,108,54,37
1585,226,108,54,37
1586,228,108,54,37
1587,230,107,54,37
1588,231,107,54,37
1589,232,106,54,37
1590,234,105,54,37
1591,235,104,54,37
1592,235,102,54,37
1593,235,100,54,37
1594,235,100,54,37
1595,235,98,54,37
1596,235,96,54,37
1597,234,94,54,37
1598,0,93,54,37
1599,0,91,54,37
1600,0,90,54,37
1601,0,88,54,37
1602,0,87,54,37
1603,0,86,54,37
1604,0,86,54,37
1605,0,84,54,37
1606,0,83,54,37
1607,0,83,54,37
1608,0,82,54,37
1609,0,81,54,37
1610,0,81,54,37
1611,0,80,54,37
1612,0,80,54,37
1613,0,80,54,37
1614,0,80,54,37
1615,1,80,54,37
1616,4,80,54,37
1617,7,80,54,37
1618,9,80,54,37
1619,10,80,54,37
1620,39,82,54,37
1621,217,160,54,37
1622,217,160,54,37
1623,220,160,54,37
1624,211,145,54,37
1625,216,145,54,37
1626,221,145,54,37
1627,7,120,54,37
1628,61,150,54,37
1629,70,126,54,37
1630,93,128,54,37
1631,113,129,54,37
1632,28,21,54,37
1633,41,15,54,37
1634,62,17,54,37
1635,220,125,54,37
1636,109,10,54,37
1637,129,11,54,37
1638,138,12,54,37
1639,230,66,54,37
1640,220,21,54,37
1641,226,20,54,37
1642,57,58,54,37
1643,56,58,54,37
1644,56,58,54,37
1645,52,58,54,37
1646,51,58,54,37
1647,51,58,54,37
1648,50,58,54,37
1649,49,58,54,37
1650,47,58,54,37
1651,47,58,54,37
1652,47,58,54,37
1653,47,58,54,37
1654,47,58,54,37
1655,64,58,54,37
1656,93,60,54,37
1657,101,61,54,37
1658,178,169,54,37
1659,188,170,54,37
1660,197,171,54,37
1661,164,168,54,37
1662,171,169,54,37
1663,170,169,54,37
1664,216,65,54,37
1665,217,65,54,37
1666,219,66,54,37
1667,220,66,54,37
1668,221,66,54,37
1669,223,66,54,37
1670,224,66,54,37
1671,225,66,54,37
1672,226,66,54,37
1673,64,50,54,37
1674,66,50,54,37
1675,67,50,54,37
1676,77,51,54,37
1677,79,51,54,37
1678,80,51,54,37
1679,85,51,54,37
1680,90,51,54,37
1681,92,51,54,37
1682,100,52,54,37
1683,103,52,54,37
1684,104,52,54,37
1685,111,52,54,37
1686,114,52,54,37
1687,115,52,54,37
1688,120,53,54,37
1689,122,53,54,37
1690,126,53,54,37
1691,130,53,54,37
1692,132,53,54,37
1693,137,53,54,37
1694,140,53,54,37
1695,142,53,54,37
1696,145,53,54,37
1697,149,53,54,37
1698,151,53,54,37
1699,154,54,54,37
1700,155,54,54,37
1701,160,55,54,37
1702,162,55,54,37
1703,163,55,54,37
1704,166,55,54,37
1705,168,55,54,37
1706,173,56,54,37
1707,174,56,54,37
1708,180,57,54,37
1709,182,57,54,37
1710,183,57,54,37
1711,189,58,54,37
1712,191,58,54,37
1713,192,58,54,37
1714,195,59,54,37
1715,199,60,54,37
1716,200,60,54,37
1717,203,61,54,37
1718,206,62,54,37
1719,209,63,54,37
1720,212,64,54,37
1721,215,65,54,37
1722,218,66,54,37
1723,221,67,54,37
1724,224,68,54,37
1725,227,69,54,37
1726,230,70,54,37
1727,233,71,54,37
1728,235,72,54,37
1729,235,72,54,37
1730,235,72,54,37
1731,235,72,54,37
1732,235,73,54,37
1733,0,75,54,37
1734,0,75,54,37
1735,0,75,54,37
1736,0,76,54,37
1737,1,78,54,37
1738,1,78,54,37
1739,1,79,54,37
1740,1,80,54,37
1741,1,81,54,37
1742,1,82,54,37
1743,1,83,54,37
1744,1,83,54,37
1745,1,84,54,37
1746,1,85,54,37
1747,1,85,54,37
1748,1,86,54,37
1749,1,87,54,37
1750,1,87,54,37
1751,1,87,54,37
1752,1,87,54,37
1753,1,87,54,37
1754,1,87,54,37
1755,1,87,54,37
1756,2,87,54,37
1757,2,87,54,37
1758,2,87,54,37
1759,3,87,54,37
1760,3,87,54,37
1761,3,86,54,37
1762,3,86,54,37
1763,3,86,54,37
1764,3,85,54,37
1765,4,83,54,37
1766,4,83,54,37
1767,4,82,54,37
1768,5,81,54,37
1769,6,80,54,37
1770,6,79,54,37
1771,6,78,54,37
1772,6,77,54,37
1773,7,77,54,37
1774,8,76,54,37
1775,8,76,54,37
1776,9,75,54,37
1777,9,75,54,37
1778,9,75,54,37
1779,10,75,54,37
1780,11,75,54,37
1781,11,75,54,37
1782,12,75,54,37
1783,13,75,54,37
1784,13,75,54,37
1785,13,75,54,37
1786,13,75,54,37
1787,13,75,54,37
1788,13,75,54,37
1789,12,75,54,37
1790,11,75,54,37
1791,10,75,54,37
1792,9,75,54,37
1793,8,75,54,37
1794,6,75,54,37
1795,4,75,54,37
1796,3,75,54,37
1797,3,75,54,37
1798,0,75,54,37
1799,0,75,54,37
1800,0,75,54,37
1801,0,75,54,37
1802,0,75,54,37
1803,0,75,54,37
1804,0,75,54,37
1805,0,75,54,37
1806,0,75,54,37
1807,0,75,54,37
1808,0,75,54,37
1809,0,75,54,37
1810,0,75,54,37
1811,0,76,54,37
1812,0,76,54,37
1813,0,76,54,37
1814,0,76,54,37
1815,0,77,54,37
1816,0,77,54,37
1817,3,78,54,37
1818,0,78,54,37
1819,0,78,54,37
1820,0,78,54,37
1821,0,79,54,37
1822,0,79,54,37
1823,0,80,54,37
1824,0,80,54,37
1825,0,80,54,37
1826,0,81,54,37
1827,0,81,54,37
1828,0,81,54,37
1829,0,81,54,37
1830,0,82,54,37
1831,0,82,54,37
1832,0,83,54,37
1833,0,83,54,37
1834,1,84,54,37
1835,1,85,54,37
1836,2,86,54,37
1837,3,87,54,37
1838,4,88,54,37
1839,4,88,54,37
1840,7,90,54,37
1841,8,91,54,37
1842,8,91,54,37
1843,10,92,54,37
1844,11,93,54,37
1845,11,93,54,37
1846,13,94,54,37
1847,14,95,54,37
1848,16,96,54,37
1849,18,97,54,37
1850,19,98,54,37
1851,19,98,54,37
1852,20,99,54,37
1853,22,100,54,37
1854,22,100,54,37
1855,24,101,54,37
1856,26,102,54,37
1857,27,102,54,37
1858,29,103,54,37
1859,31,104,54,37
1860,32,104,54,37
1861,33,104,54,37
1862,34,104,54,37
1863,35,104,54,37
1864,35,104,54,37
1865,36,104,54,37
1866,40,105,54,37
1867,40,105,54,37
1868,41,105,54,37
1869,42,105,54,37
1870,43,105,54,37
1871,44,105,54,37
1872,46,105,54,37
1873,48,105,54,37
1874,48,105,54,37
1875,54,106,54,37
1876,55,106,54,37
1877,60,107,54,37
1878,62,107,54,37
1879,63,107,54,37
1880,66,107,54,37
1881,68,107,54,37
1882,70,107,54,37
1883,71,107,54,37
1884,78,108,54,37
1885,80,108,54,37
1886,81,108,54,37
1887,84,108,54,37
1888,87,108,54,37
1889,90,108,54,37
1890,93,108,54,37
1891,96,108,54,37
1892,98,108,54,37
1893,102,108,54,37
1894,105,108,54,37
1895,107,108,54,37
1896,108,108,54,37
1897,114,109,54,37
1898,116,109,54,37
1899,117,109,54,37
1900,123,110,54,37
1901,127,111,54,37
1902,128,111,54,37
1903,133,112,54,37
1904,138,113,54,37
1905,142,114,54,37
1906,142,114,54,37
1907,154,117,54,37
1908,158,118,54,37
1909,161,119,54,37
1910,174,123,54,37
1911,180,125,54,37
1912,183,126,54,37
1913,194,129,54,37
1914,200,131,54,37
1915,208,133,54,37
1916,213,135,54,37
1917,217,136,54,37
1918,223,138,54,37
1919,227,139,54,37
1920,232,141,54,37
1921,0,143,54,37
1922,22,148,54,37
1923,21,148,54,37
1924,21,148,54,37
1925,33,151,54,37
1926,46,154,54,37
1927,46,154,54,37
1928,49,155,54,37
1929,48,155,54,37
1930,48,155,54,37
1931,48,155,54,37
1932,70,160,54,37
1933,70,160,54,37
1934,70,160,54,37
1935,70,160,54,37
1936,71,160,54,37
1937,86,162,54,37
1938,155,178,54,37
1939,19,146,54,37
1940,38,150,54,37
1941,31,151,54,37
1942,32,151,54,37
1943,47,154,54,37
1944,58,156,54,37
1945,58,156,54,37
1946,60,156,54,37
1947,61,156,54,37
1948,61,156,54,37
1949,61,156,54,37
1950,67,157,54,37
1951,67,157,54,37
1952,68,157,54,37
1953,78,159,54,37
1954,80,159,54,37
1955,88,160,54,37
1956,96,161,54,37
1957,112,164,54,37
1958,113,164,54,37
1959,147,171,54,37
1960,96,158,54,37
1961,97,158,54,37
1962,87,155,54,37
1963,103,158,54,37
1964,106,158,54,37
1965,108,158,54,37
1966,110,158,54,37
1967,112,158,54,37
1968,113,158,54,37
1969,110,156,54,37
1970,104,154,54,37
1971,105,154,54,37
1972,90,150,54,37
1973,92,150,54,37
1974,124,157,54,37
1975,114,154,54,37
1976,133,158,54,37
1977,139,159,54,37
1978,131,156,54,37
1979,150,160,54,37
1980,157,161,54,37
1981,164,162,54,37
1982,169,163,54,37
1983,176,165,54,37
1984,180,166,54,37
1985,187,168,54,37
1986,191,169,54,37
1987,168,163,54,37
1988,202,172,54,37
1989,206,173,54,37
1990,219,176,54,37
1991,223,177,54,37
1992,190,178,54,37
1993,171,174,54,37
1994,175,175,54,37
1995,138,69,54,37
1996,152,75,54,37
1997,48,139,54,37
1998,88,146,54,37
1999,115,150,54,37
2000,29,8,54,37
2001,50,14,54,37
2002,71,20,54,37
2003,77,22,54,37
2004,77,22,54,37
2005,132,50,54,37
2006,136,52,54,37
2007,166,63,54,37
2008,178,71,54,37
2009,76,97,54,37
2010,93,109,54,37
2011,104,118,54,37
2012,124,124,54,37
2013,167,135,54,37
2014,187,141,54,37
2015,197,148,54,37
2016,206,151,54,37
2017,215,153,54,37
2018,220,154,54,37
2019,223,154,54,37
2020,228,155,54,37
2021,233,156,54,37
2022,234,156,54,37
2023,194,144,54,37
2024,201,145,54,37
2025,206,146,54,37
2026,211,146,54,37
2027,220,148,54,37
2028,136,125,54,37
2029,135,124,54,37
2030,134,123,54,37
2031,133,122,54,37
2032,132,121,54,37
2033,132,120,54,37
2034,132,119,54,37
2035,132,119,54,37
2036,135,118,54,37
2037,137,118,54,37
2038,138,118,54,37
2039,140,117,54,37
2040,144,116,54,37
2041,145,116,54,37
2042,148,116,54,37
2043,150,115,54,37
2044,152,115,54,37
2045,153,115,54,37
2046,157,114,54,37
2047,159,113,54,37
2048,160,113,54,37
2049,162,112,54,37
2050,165,111,54,37
2051,165,111,54,37
2052,165,110,54,37
2053,165,109,54,37
2054,162,108,54,37
2055,157,106,54,37
2056,154,105,54,37
2057,151,104,54,37
2058,151,104,54,37
2059,139,100,54,37
2060,135,99,54,37
2061,134,99,54,37
2062,130,98,54,37
2063,129,98,54,37
2064,127,98,54,37
2065,126,98,54,37
2066,125,98,54,37
2067,124,98,54,37
2068,122,98,54,37
2069,121,98,54,37
2070,120,98,54,37
2071,120,98,54,37
2072,119,98,54,37
2073,118,98,54,37
2074,118,98,54,37
2075,117,98,54,37
2076,116,98,54,37
2077,116,98,54,37
2078,115,98,54,37
2079,114,98,54,37
2080,114,98,54,37
2081,114,98,54,37
2082,114,98,54,37
2083,114,98,54,37
2084,113,98,54,37
2085,113,98,54,37
2086,113,98,54,37
2087,113,98,54,37
2088,114,99,54,37
2089,114,99,54,37
2090,114,99,54,37
2091,114,99,54,37
2092,114,99,54,37
2093,114,99,54,37
2094,114,99,54,37
2095,123,101,54,37
2096,122,101,54,37
2097,122,101,54,37
2098,122,101,54,37
2099,122,101,54,37
2100,122,101,54,37
2101,122,101,54,37
2102,122,101,54,37
2103,122,101,54,37
2104,122,100,54,37
2105,122,100,54,37
2106,122,100,54,37
2107,122,100,54,37
2108,122,100,54,37
2109,122,100,54,37
2110,122,100,54,37
2111,121,100,54,37
2112,121,100,54,37
2113,120,100,54,37
2114,119,100,54,37
2115,119,100,54,37
2116,118,100,54,37
2117,117,100,54,37
2118,116,100,54,37
2119,116,100,54,37
2120,115,100,54,37
2121,115,100,54,37
2122,114,100,54,37
2123,113,100,54,37
2124,113,100,54,37
2125,113,100,54,37
2126,114,101,54,37
2127,114,101,54,37
2128,115,102,54,37
2129,116,103,54,37
2130,116,103,54,37
2131,116,103,54,37
2132,116,103,54,37
2133,118,105,54,37
2134,119,106,54,37
2135,120,107,54,37
2136,121,108,54,37
2137,122,109,54,37
2138,122,109,54,37
2139,123,110,54,37
2140,124,111,54,37
2141,124,111,54,37
2142,125,112,54,37
2143,126,113,54,37
2144,126,113,54,37
2145,128,114,54,37
2146,129,114,54,37
2147,130,114,54,37
2148,130,114,54,37
2149,133,114,54,37
2150,134,114,54,37
2151,137,114,54,37
2152,138,114,54,37
2153,140,114,54,37
2154,141,114,54,37
2155,145,113,54,37
2156,147,113,54,37
2157,148,113,54,37
2158,152,112,54,37
2159,154,112,54,37
2160,155,112,54,37
2161,157,112,54,37
2162,161,112,54,37
2163,164,112,54,37
2164,166,112,54,37
2165,168,112,54,37
2166,169,112,54,37
2167,173,112,54,37
2168,174,112,54,37
2169,174,112,54,37
2170,177,112,54,37
2171,177,112,54,37
2172,177,112,54,37
2173,177,111,54,37
2174,176,110,54,37
2175,175,109,54,37
2176,174,108,54,37
2177,174,108,54,37
2178,174,108,54,37
2179,174,108,54,37
2180,174,107,54,37
2181,174,107,54,37
2182,174,107,54,37
2183,175,107,54,37
2184,175,107,54,37
2185,175,107,54,37
2186,176,108,54,37
2187,176,108,54,37
2188,176,108,54,37
2189,177,109,54,37
2190,177,109,54,37
2191,177,109,54,37
2192,178,110,54,37
2193,180,111,54,37
2194,180,111,54,37
2195,181,112,54,37
2196,181,112,54,37
2197,181,112,54,37
2198,181,112,54,37
2199,181,112,54,37
2200,181,112,54,37
2201,181,112,54,37
2202,181,112,54,37
2203,181,112,54,37
2204,181,112,54,37
2205,181,112,54,37
2206,181,112,54,37
2207,181,112,54,37
2208,181,112,54,37
2209,181,112,54,37
2210,181,112,54,37
2211,182,112,54,37
2212,182,112,54,37
2213,182,112,54,37
2214,182,112,54,37
2215,182,112,54,37
2216,182,112,54,37
2217,180,111,54,37
2218,179,110,54,37
2219,179,110,54,37
2220,174,108,54,37
2221,172,107,54,37
2222,166,105,54,37
2223,161,103,54,37
2224,156,101,54,37
2225,149,98,54,37
2226,144,96,54,37
2227,141,95,54,37
2228,138,94,54,37
2229,129,92,54,37
2230,127,92,54,37
2231,126,92,54,37
2232,124,92,54,37
2233,120,92,54,37
2234,119,92,54,37
2235,115,92,54,37
2236,114,92,54,37
2237,113,92,54,37
2238,111,92,54,37
2239,111,93,54,37
2240,112,94,54,37
2241,112,95,54,37
2242,112,96,54,37
2243,111,96,54,37
2244,111,97,54,37
2245,112,98,54,37
2246,113,99,54,37
2247,112,99,54,37
2248,115,101,54,37
2249,117,102,54,37
2250,121,104,54,37
2251,129,107,54,37
2252,138,110,54,37
2253,138,110,54,37
2254,149,114,54,37
2255,153,116,54,37
2256,159,118,54,37
2257,167,121,54,37
2258,172,123,54,37
2259,177,125,54,37
2260,185,128,54,37
2261,190,130,54,37
2262,191,131,54,37
2263,197,134,54,37
2264,202,136,54,37
2265,205,137,54,37
2266,211,139,54,37
2267,215,140,54,37
2268,220,141,54,37
2269,226,142,54,37
2270,231,143,54,37
2271,235,144,54,37
2272,52,17,54,37
2273,58,18,54,37
2274,64,19,54,37
2275,65,19,54,37
2276,79,21,54,37
2277,85,22,54,37
2278,86,22,54,37
2279,99,24,54,37
2280,104,25,54,37
2281,106,25,54,37
2282,121,27,54,37
2283,126,28,54,37
2284,128,28,54,37
2285,141,30,54,37
2286,146,31,54,37
2287,147,31,54,37
2288,160,32,54,37
2289,165,33,54,37
2290,166,33,54,37
2291,175,34,54,37
2292,179,35,54,37
2293,185,36,54,37
2294,197,38,54,37
2295,202,39,54,37
2296,203,39,54,37
2297,211,40,54,37
2298,216,41,54,37
2299,221,42,54,37
2300,226,43,54,37
2301,230,44,54,37
2302,234,45,54,37
2303,27,121,54,37
2304,38,124,54,37
2305,55,129,54,37
2306,71,134,54,37
2307,82,137,54,37
2308,93,140,54,37
2309,96,141,54,37
2310,115,147,54,37
2311,125,150,54,37
2312,140,155,54,37
2313,156,158,54,37
2314,170,163,54,37
2315,183,168,54,37
2316,194,173,54,37
2317,205,178,54,37
2318,212,179,54,37
2319,214,179,54,37
2320,22,126,54,37
2321,43,134,54,37
2322,46,135,54,37
2323,65,142,54,37
2324,78,147,54,37
2325,94,153,54,37
2326,114,161,54,37
2327,126,166,54,37
2328,141,171,54,37
2329,152,175,54,37
2330,14,133,54,37
2331,14,133,54,37
2332,32,140,54,37
2333,49,146,54,37
2334,60,150,54,37
2335,63,151,54,37
2336,83,151,54,37
2337,91,154,54,37
2338,94,155,54,37
2339,107,159,54,37
2340,136,170,54,37
2341,139,171,54,37
2342,151,174,54,37
2343,160,177,54,37
2344,170,178,54,37
2345,172,179,54,37
2346,86,79,54,37
2347,85,79,54,37
2348,89,81,54,37
2349,94,83,54,37
2350,96,84,54,37
2351,99,85,54,37
2352,97,85,54,37
2353,107,89,54,37
2354,107,89,54,37
2355,106,89,54,37
2356,110,91,54,37
2357,110,91,54,37
2358,112,92,54,37
2359,114,93,54,37
2360,117,94,54,37
2361,120,95,54,37
2362,123,96,54,37
2363,124,96,54,37
2364,125,96,54,37
2365,127,96,54,37
2366,127,96,54,37
2367,127,95,54,37
2368,127,94,54,37
2369,127,93,54,37
2370,127,93,54,37
2371,127,93,54,37
2372,127,93,54,37
2373,127,93,54,37
2374,127,93,54,37
2375,129,94,54,37
2376,131,95,54,37
2377,133,96,54,37
2378,135,97,54,37
2379,138,98,54,37
2380,140,99,54,37
2381,142,100,54,37
2382,142,100,54,37
2383,146,102,54,37
2384,150,104,54,37
2385,150,104,54,37
2386,154,106,54,37
2387,156,107,54,37
2388,158,108,54,37
2389,162,110,54,37
2390,164,111,54,37
2391,166,112,54,37
2392,170,114,54,37
2393,172,115,54,37
2394,174,116,54,37
2395,178,118,54,37
2396,180,119,54,37
2397,182,120,54,37
2398,182,120,54,37
2399,188,123,54,37
2400,190,124,54,37
2401,190,124,54,37
2402,194,126,54,37
2403,199,129,54,37
2404,199,129,54,37
2405,203,131,54,37
2406,207,133,54,37
2407,207,133,54,37
2408,211,135,54,37
2409,213,136,54,37
2410,216,137,54,37
2411,220,139,54,37
2412,222,140,54,37
2413,224,141,54,37
2414,224,141,54,37
2415,230,144,54,37
2416,232,145,54,37
2417,232,145,54,37
2418,234,147,54,37
2419,235,150,54,37
2420,235,150,54,37
2421,26,171,54,37
2422,47,176,54,37
2423,50,177,54,37
2424,67,175,54,37
2425,79,178,54,37
2426,82,179,54,37
2427,38,120,54,37
2428,38,120,54,37
2429,41,121,54,37
2430,41,121,54,37
2431,41,121,54,37
2432,41,121,54,37
2433,57,126,54,37
2434,57,126,54,37
2435,57,126,54,37
2436,57,126,54,37
2437,57,126,54,37
2438,58,126,54,37
2439,58,126,54,37
2440,60,126,54,37
2441,60,125,54,37
2442,60,125,54,37
2443,74,129,54,37
2444,81,131,54,37
2445,84,131,54,37
2446,92,131,54,37
2447,97,131,54,37
2448,99,129,54,37
2449,103,127,54,37
2450,106,126,54,37
2451,109,125,54,37
2452,112,122,54,37
2453,120,123,54,37
2454,124,122,54,37
2455,120,118,54,37
2456,128,119,54,37
2457,129,118,54,37
2458,130,118,54,37
2459,117,110,54,37
2460,117,109,54,37
2461,118,107,54,37
2462,118,106,54,37
2463,118,105,54,37
2464,118,103,54,37
2465,118,102,54,37
2466,118,101,54,37
2467,118,101,54,37
2468,118,99,54,37
2469,118,98,54,37
2470,118,98,54,37
2471,118,97,54,37
2472,119,96,54,37
2473,119,95,54,37
2474,120,94,54,37
2475,120,93,54,37
2476,120,92,54,37
2477,121,92,54,37
2478,122,90,54,37
2479,122,89,54,37
2480,122,89,54,37
2481,123,88,54,37
2482,124,88,54,37
2483,124,88,54,37
2484,135,91,54,37
2485,135,91,54,37
2486,135,91,54,37
2487,135,91,54,37
2488,135,91,54,37
2489,135,91,54,37
2490,135,90,54,37
2491,136,90,54,37
2492,137,90,54,37
2493,138,90,54,37
2494,138,90,54,37
2495,138,89,54,37
2496,139,89,54,37
2497,140,89,54,37
2498,140,89,54,37
2499,141,89,54,37
2500,141,89,54,37
2501,141,89,54,37
2502,141,89,54,37
2503,141,89,54,37
2504,141,89,54,37
2505,141,89,54,37
2506,141,89,54,37
2507,141,89,54,37
2508,141,89,54,37
2509,141,89,54,37
2510,141,89,54,37
2511,141,89,54,37
2512,141,89,54,37
2513,141,89,54,37
2514,141,89,54,37
2515,141,89,54,37
2516,141,89,54,37
2517,141,89,54,37
2518,141,89,54,37
2519,141,89,54,37
2520,141,89,54,37
2521,141,89,54,37
2522,142,89,54,37
2523,142,89,54,37
2524,142,89,54,37
2525,143,89,54,37
2526,143,88,54,37
2527,143,88,54,37
2528,144,88,54,37
2529,145,88,54,37
2530,145,88,54,37
2531,146,88,54,37
2532,147,88,54,37
2533,147,88,54,37
2534,147,87,54,37
2535,148,86,54,37
2536,148,86,54,37
2537,149,85,54,37
2538,149,84,54,37
2539,149,83,54,37
2540,150,81,54,37
2541,150,80,54,37
2542,150,79,54,37
2543,151,77,54,37
2544,151,76,54,37
2545,151,75,54,37
2546,152,75,54,37
2547,154,74,54,37
2548,154,72,54,37
2549,155,72,54,37
2550,157,71,54,37
2551,158,71,54,37
2552,158,71,54,37
2553,159,71,54,37
2554,159,71,54,37
2555,159,71,54,37
2556,163,73,54,37
2557,164,74,54,37
2558,164,74,54,37
2559,167,76,54,37
2560,169,77,54,37
2561,169,77,54,37
2562,172,78,54,37
2563,172,78,54,37
2564,173,78,54,37
2565,176,79,54,37
2566,177,79,54,37
2567,178,79,54,37
2568,182,80,54,37
2569,183,80,54,37
2570,185,80,54,37
2571,188,80,54,37
2572,190,80,54,37
2573,193,80,54,37
2574,198,81,54,37
2575,202,81,54,37
2576,203,81,54,37
2577,206,81,54,37
2578,210,81,54,37
2579,211,81,54,37
2580,214,81,54,37
2581,216,81,54,37
2582,217,80,54,37
2583,218,79,54,37
2584,217,78,54,37
2585,216,77,54,37
2586,216,77,54,37
2587,212,74,54,37
2588,210,73,54,37
2589,210,73,54,37
2590,204,70,54,37
2591,202,69,54,37
2592,202,69,54,37
2593,198,67,54,37
2594,193,65,54,37
2595,193,65,54,37
2596,188,64,54,37
2597,185,64,54,37
2598,184,64,54,37
2599,181,64,54,37
2600,178,65,54,37
2601,177,65,54,37
2602,174,67,54,37
2603,172,70,54,37
2604,171,70,54,37
2605,169,73,54,37
2606,168,74,54,37
2607,167,74,54,37
2608,166,76,54,37
2609,166,77,54,37
2610,166,77,54,37
2611,166,78,54,37
2612,165,79,54,37
2613,165,79,54,37
2614,165,80,54,37
2615,164,81,54,37
2616,164,81,54,37
2617,164,82,54,37
2618,163,83,54,37
2619,163,83,54,37
2620,163,84,54,37
2621,163,85,54,37
2622,163,86,54,37
2623,162,86,54,37
2624,162,86,54,37
2625,162,86,54,37
2626,162,86,54,37
2627,162,86,54,37
2628,162,86,54,37
2629,162,86,54,37
2630,162,86,54,37
2631,162,86,54,37
2632,162,86,54,37
2633,162,86,54,37
2634,162,86,54,37
2635,162,86,54,37
2636,162,86,54,37
2637,162,86,54,37
2638,162,86,54,37
2639,162,86,54,37
2640,163,86,54,37
2641,163,86,54,37
2642,164,86,54,37
2643,165,86,54,37
2644,166,86,54,37
2645,167,86,54,37
2646,167,86,54,37
2647,167,86,54,37
2648,167,86,54,37
2649,166,86,54,37
2650,165,86,54,37
2651,165,87,54,37
2652,164,87,54,37
2653,163,87,54,37
2654,164,88,54,37
2655,163,89,54,37
2656,164,90,54,37
2657,165,91,54,37
2658,165,92,54,37
2659,166,93,54,37
2660,167,94,54,37
2661,167,94,54,37
2662,167,95,54,37
2663,176,98,54,37
2664,176,98,54,37
2665,177,99,54,37
2666,177,100,54,37
2667,177,100,54,37
2668,178,101,54,37
2669,178,102,54,37
2670,178,102,54,37
2671,178,103,54,37
2672,178,104,54,37
2673,178,104,54,37
2674,179,106,54,37
2675,180,107,54,37
2676,180,107,54,37
2677,180,108,54,37
2678,180,108,54,37
2679,180,108,54,37
2680,180,108,54,37
2681,180,108,54,37
2682,180,108,54,37
2683,180,108,54,37
2684,179,107,54,37
2685,179,107,54,37
2686,178,106,54,37
2687,177,105,54,37
2688,177,105,54,37
2689,177,105,54,37
2690,177,105,54,37
2691,177,105,54,37
2692,176,105,54,37
2693,176,105,54,37
2694,176,105,54,37
2695,176,105,54,37
2696,175,105,54,37
2697,174,105,54,37
2698,174,105,54,37
2699,173,105,54,37
2700,173,105,54,37
2701,173,105,54,37
2702,173,105,54,37
2703,173,105,54,37
2704,173,105,54,37
2705,173,105,54,37
2706,173,105,54,37
2707,173,105,54,37
2708,173,105,54,37
2709,172,105,54,37
2710,172,105,54,37
2711,171,105,54,37
2712,170,105,54,37
2713,170,105,54,37
2714,169,105,54,37
2715,169,105,54,37
2716,168,105,54,37
2717,167,105,54,37
2718,166,105,54,37
2719,166,105,54,37
2720,165,105,54,37
2721,165,105,54,37
2722,165,105,54,37
2723,163,104,54,37
2724,163,104,54,37
2725,163,104,54,37
2726,163,104,54,37
2727,162,104,54,37
2728,162,104,54,37
2729,161,104,54,37
2730,161,104,54,37
2731,161,104,54,37
2732,161,104,54,37
2733,161,104,54,37
2734,161,104,54,37
2735,161,104,54,37
2736,161,104,54,37
2737,161,104,54,37
2738,159,103,54,37
2739,159,103,54,37
2740,159,103,54,37
2741,158,102,54,37
2742,158,102,54,37
2743,158,102,54,37
2744,158,102,54,37
2745,158,102,54,37
2746,158,102,54,37
2747,158,102,54,37
2748,157,102,54,37
2749,156,102,54,37
2750,156,102,54,37
2751,155,102,54,37
2752,154,102,54,37
2753,153,102,54,37
2754,152,102,54,37
2755,151,102,54,37
2756,150,102,54,37
2757,150,102,54,37
2758,150,103,54,37
2759,149,103,54,37
2760,149,104,54,37
2761,148,104,54,37
2762,147,104,54,37
2763,148,105,54,37
2764,150,106,54,37
2765,149,106,54,37
2766,149,106,54,37
2767,150,107,54,37
2768,150,107,54,37
2769,150,107,54,37
2770,152,108,54,37
2771,152,108,54,37
2772,152,108,54,37
2773,153,108,54,37
2774,153,108,54,37
2775,154,108,54,37
2776,154,108,54,37
2777,156,108,54,37
2778,157,108,54,37
2779,157,108,54,37
2780,159,108,54,37
2781,160,107,54,37
2782,162,107,54,37
2783,163,107,54,37
2784,164,106,54,37
2785,166,105,54,37
2786,167,105,54,37
2787,168,104,54,37
2788,168,103,54,37
2789,169,102,54,37
2790,170,101,54,37
2791,170,100,54,37
2792,171,99,54,37
2793,172,98,54,37
2794,172,96,54,37
2795,172,96,54,37
2796,173,95,54,37
2797,173,94,54,37
2798,174,94,54,37
2799,174,94,54,37
2800,174,93,54,37
2801,174,93,54,37
2802,174,93,54,37
2803,174,93,54,37
2804,174,93,54,37
2805,174,93,54,37
2806,174,93,54,37
2807,174,93,54,37
2808,174,93,54,37
2809,174,93,54,37
2810,174,93,54,37
2811,174,93,54,37
2812,174,93,54,37
2813,174,93,54,37
2814,174,93,54,37
2815,174,93,54,37
2816,174,93,54,37
