14-LongDuration 2
1,273,96,21,18
2,72,156,21,18
3,71,156,21,18
4,71,156,21,18
5,79,154,21,18
6,87,160,21,18
7,95,166,21,18
8,131,163,21,18
9,128,168,21,18
10,126,173,21,18
11,123,178,21,18
12,119,186,21,18
13,116,189,21,18
14,115,192,21,18
15,115,192,21,18
16,120,186,21,18
17,116,178,21,18
18,84,177,21,18
19,86,172,21,18
20,99,164,21,18
21,99,163,21,18
22,117,163,21,18
23,115,161,21,18
24,106,157,21,18
25,100,163,21,18
26,92,163,21,18
27,128,160,21,18
28,135,166,21,18
29,143,170,21,18
30,137,173,21,18
31,137,175,21,18
32,141,174,21,18
33,141,168,21,18
34,139,164,21,18
35,137,160,21,18
36,145,164,21,18
37,145,168,21,18
38,143,171,21,18
39,143,169,21,18
40,142,171,21,18
41,140,167,21,18
42,136,166,21,18
43,136,166,21,18
44,139,166,21,18
45,138,168,21,18
46,138,170,21,18
47,146,172,21,18
48,146,175,21,18
49,149,177,21,18
50,150,179,21,18
51,152,180,21,18
52,152,178,21,18
53,154,174,21,18
54,154,172,21,18
55,155,170,21,18
56,157,169,21,18
57,156,166,21,18
58,158,159,21,18
59,159,154,21,18
60,160,154,21,18
61,160,152,21,18
62,155,151,21,18
63,149,151,21,18
64,153,155,21,18
65,153,155,21,18
66,149,154,21,18
67,148,155,21,18
68,148,158,21,18
69,148,164,21,18
70,148,168,21,18
71,146,168,21,18
72,143,168,21,18
73,143,169,21,18
74,144,169,21,18
75,136,170,21,18
76,130,171,21,18
77,125,173,21,18
78,125,175,21,18
79,125,178,21,18
80,122,181,21,18
81,120,183,21,18
82,122,186,21,18
83,141,185,21,18
84,141,189,21,18
85,138,193,21,18
86,137,195,21,18
87,138,193,21,18
88,144,187,21,18
89,145,182,21,18
90,144,180,21,18
91,143,178,21,18
92,140,179,21,18
93,137,180,21,18
94,131,182,21,18
95,134,183,21,18
96,131,186,21,18
97,126,188,21,18
98,123,190,21,18
99,120,192,21,18
100,119,196,21,18
101,118,196,21,18
102,116,196,21,18
103,116,198,21,18
104,116,201,21,18
105,114,201,21,18
106,112,203,21,18
107,123,204,21,18
108,127,204,21,18
109,129,204,21,18
110,132,205,21,18
111,163,202,21,18
112,182,202,21,18
113,164,217,21,18
114,166,218,21,18
115,160,215,21,18
116,153,208,21,18
117,147,203,21,18
118,145,197,21,18
119,141,194,21,18
120,138,191,21,18
121,134,190,21,18
122,132,187,21,18
123,130,184,21,18
124,128,180,21,18
125,123,181,21,18
126,122,184,21,18
127,123,184,21,18
128,118,189,21,18
129,124,189,21,18
130,121,187,21,18
131,111,179,21,18
132,106,172,21,18
133,98,169,21,18
134,94,164,21,18
135,87,160,21,18
136,82,160,21,18
137,73,166,21,18
138,81,168,21,18
139,79,169,21,18
140,71,169,21,18
141,78,162,21,18
142,73,162,21,18
143,59,162,21,18
144,59,158,21,18
145,51,161,21,18
146,47,165,21,18
147,42,169,21,18
148,43,169,21,18
149,39,172,21,18
150,35,175,21,18
151,29,179,21,18
152,43,176,21,18
153,38,181,21,18
154,42,181,21,18
155,42,181,21,18
156,43,180,21,18
157,43,181,21,18
158,45,184,21,18
159,50,184,21,18
160,50,184,21,18
161,9,81,21,18
162,9,81,21,18
163,9,83,21,18
164,9,85,21,18
165,9,87,21,18
166,9,87,21,18
167,8,87,21,18
168,8,86,21,18
169,245,154,21,18
170,247,154,21,18
171,249,151,21,18
172,253,148,21,18
173,256,148,21,18
174,260,148,21,18
175,262,150,21,18
176,263,154,21,18
177,266,157,21,18
178,266,158,21,18
179,266,156,21,18
180,268,154,21,18
181,268,150,21,18
182,272,147,21,18
183,275,140,21,18
184,281,138,21,18
185,278,133,21,18
186,281,133,21,18
187,281,133,21,18
188,279,135,21,18
189,279,140,21,18
190,279,145,21,18
191,281,151,21,18
192,281,154,21,18
193,281,161,21,18
194,282,169,21,18
195,284,177,21,18
196,285,181,21,18
197,285,181,21,18
198,286,179,21,18
199,287,175,21,18
200,284,168,21,18
201,284,162,21,18
202,284,156,21,18
203,284,155,21,18
204,272,147,21,18
205,271,147,21,18
206,271,147,21,18
207,274,150,21,18
208,277,153,21,18
209,280,156,21,18
210,281,156,21,18
211,287,164,21,18
212,290,167,21,18
213,298,167,21,18
214,299,162,21,18
215,299,156,21,18
216,299,155,21,18
217,299,158,21,18
218,298,162,21,18
219,290,157,21,18
220,288,156,21,18
221,288,155,21,18
222,291,152,21,18
223,294,148,21,18
224,299,150,21,18
225,304,155,21,18
226,306,157,21,18
227,305,160,21,18
228,305,163,21,18
229,303,165,21,18
230,301,168,21,18
231,296,169,21,18
232,293,169,21,18
233,291,169,21,18
234,289,171,21,18
235,288,173,21,18
236,289,172,21,18
237,288,170,21,18
238,289,171,21,18
239,292,173,21,18
240,295,175,21,18
241,295,175,21,18
242,295,173,21,18
243,294,176,21,18
244,294,178,21,18
245,294,179,21,18
246,291,177,21,18
247,292,177,21,18
248,292,177,21,18
249,293,177,21,18
250,295,174,21,18
251,295,171,21,18
252,295,167,21,18
253,295,166,21,18
254,293,163,21,18
255,292,164,21,18
256,291,164,21,18
257,287,162,21,18
258,286,162,21,18
259,284,159,21,18
260,283,161,21,18
261,283,164,21,18
262,286,165,21,18
263,286,164,21,18
264,286,162,21,18
265,286,161,21,18
266,288,164,21,18
267,291,169,21,18
268,291,173,21,18
269,290,178,21,18
270,290,183,21,18
271,290,185,21,18
272,287,181,21,18
273,286,178,21,18
274,283,173,21,18
275,333,69,21,18
276,33,71,21,18
277,32,70,21,18
278,30,64,21,18
279,27,59,21,18
280,26,53,21,18
281,26,48,21,18
282,29,46,21,18
283,34,49,21,18
284,35,53,21,18
285,37,57,21,18
286,37,59,21,18
287,37,57,21,18
288,35,52,21,18
289,36,51,21,18
290,40,54,21,18
291,41,56,21,18
292,40,54,21,18
293,40,53,21,18
294,41,52,21,18
295,42,54,21,18
296,146,58,21,18
297,144,70,21,18
298,132,77,21,18
299,145,82,21,18
300,139,84,21,18
301,133,87,21,18
302,188,88,21,18
303,188,86,21,18
304,188,85,21,18
305,188,86,21,18
306,189,83,21,18
307,190,78,21,18
308,190,77,21,18
309,193,78,21,18
310,194,78,21,18
311,194,77,21,18
312,197,77,21,18
313,200,76,21,18
314,97,95,21,18
315,123,85,21,18
316,123,84,21,18
317,124,89,21,18
318,123,91,21,18
319,120,88,21,18
320,118,84,21,18
321,115,77,21,18
322,112,67,21,18
323,112,59,21,18
324,107,55,21,18
325,103,59,21,18
326,103,70,21,18
327,85,82,21,18
328,83,93,21,18
329,81,96,21,18
330,220,89,21,18
331,220,81,21,18
332,222,79,21,18
333,226,79,21,18
334,230,76,21,18
335,230,75,21,18
336,231,69,21,18
337,231,69,21,18
338,233,72,21,18
339,233,76,21,18
340,232,78,21,18
341,231,79,21,18
342,231,80,21,18
343,232,80,21,18
344,234,78,21,18
345,233,74,21,18
346,233,76,21,18
347,236,80,21,18
348,238,81,21,18
349,236,76,21,18
350,234,73,21,18
351,121,100,21,18
352,26,85,21,18
353,28,87,21,18
354,27,85,21,18
355,23,86,21,18
356,25,91,21,18
357,26,95,21,18
358,22,92,21,18
359,19,91,21,18
360,20,93,21,18
361,22,92,21,18
362,20,86,21,18
363,17,81,21,18
364,20,81,21,18
365,27,85,21,18
366,30,85,21,18
367,27,85,21,18
368,30,88,21,18
369,34,90,21,18
370,34,91,21,18
371,33,89,21,18
372,32,87,21,18
373,30,85,21,18
374,26,83,21,18
375,24,85,21,18
376,23,84,21,18
377,21,78,21,18
378,20,74,21,18
379,23,80,21,18
380,26,87,21,18
381,27,91,21,18
382,28,94,21,18
383,30,99,21,18
384,33,102,21,18
385,34,103,21,18
386,34,104,21,18
387,36,108,21,18
388,38,110,21,18
389,37,108,21,18
390,35,104,21,18
391,35,101,21,18
392,36,95,21,18
393,37,89,21,18
394,39,86,21,18
395,40,87,21,18
396,39,90,21,18
397,38,93,21,18
398,37,96,21,18
399,37,100,21,18
400,37,104,21,18
401,37,110,21,18
402,36,115,21,18
403,35,118,21,18
404,33,120,21,18
405,31,121,21,18
406,30,121,21,18
407,30,118,21,18
408,30,113,21,18
409,30,113,21,18
410,31,114,21,18
411,31,114,21,18
412,31,117,21,18
413,32,121,21,18
414,31,122,21,18
415,28,118,21,18
416,27,115,21,18
417,30,107,21,18
418,32,105,21,18
419,35,108,21,18
420,38,116,21,18
421,37,121,21,18
422,34,121,21,18
423,31,121,21,18
424,29,122,21,18
425,29,121,21,18
426,28,119,21,18
427,27,114,21,18
428,26,109,21,18
429,27,106,21,18
430,28,104,21,18
431,28,101,21,18
432,28,100,21,18
433,28,102,21,18
434,27,106,21,18
435,25,109,21,18
436,24,112,21,18
437,24,114,21,18
438,23,114,21,18
439,22,113,21,18
440,24,115,21,18
441,25,118,21,18
442,26,116,21,18
443,27,99,21,18
444,25,91,21,18
445,36,89,21,18
446,49,89,21,18
447,57,86,21,18
448,71,88,21,18
449,84,89,21,18
450,94,87,21,18
451,104,87,21,18
452,101,86,21,18
453,110,88,21,18
454,113,88,21,18
455,114,87,21,18
456,117,89,21,18
457,91,90,21,18
458,96,89,21,18
459,82,89,21,18
460,187,91,21,18
461,188,97,21,18
462,188,99,21,18
463,192,96,21,18
464,192,90,21,18
465,194,84,21,18
466,201,83,21,18
467,205,80,21,18
468,209,77,21,18
469,211,77,21,18
470,212,78,21,18
471,212,79,21,18
472,210,79,21,18
473,211,82,21,18
474,209,86,21,18
475,207,89,21,18
476,207,90,21,18
477,207,90,21,18
478,207,87,21,18
479,208,85,21,18
480,209,83,21,18
481,207,81,21,18
482,205,82,21,18
483,203,85,21,18
484,203,88,21,18
485,202,90,21,18
486,202,89,21,18
487,202,87,21,18
488,205,88,21,18
489,207,85,21,18
490,207,82,21,18
491,208,81,21,18
492,210,81,21,18
493,210,81,21,18
494,208,79,21,18
495,207,78,21,18
496,207,78,21,18
497,203,80,21,18
498,202,83,21,18
499,200,85,21,18
500,198,83,21,18
501,198,83,21,18
502,197,83,21,18
503,197,83,21,18
504,197,84,21,18
505,197,85,21,18
506,197,86,21,18
507,197,87,21,18
508,196,87,21,18
509,195,88,21,18
510,194,89,21,18
511,193,93,21,18
512,192,97,21,18
513,192,97,21,18
514,191,93,21,18
515,192,90,21,18
516,192,90,21,18
517,194,93,21,18
518,192,95,21,18
519,189,96,21,18
520,185,93,21,18
521,181,89,21,18
522,178,82,21,18
523,298,64,21,18
524,296,65,21,18
525,300,64,21,18
526,299,66,21,18
527,299,67,21,18
528,299,67,21,18
529,300,66,21,18
530,301,65,21,18
531,302,62,21,18
532,305,61,21,18
533,307,59,21,18
534,307,56,21,18
535,308,53,21,18
536,311,52,21,18
537,313,52,21,18
538,313,52,21,18
539,313,50,21,18
540,312,48,21,18
541,311,49,21,18
542,310,51,21,18
543,307,52,21,18
544,304,50,21,18
545,302,46,21,18
546,301,42,21,18
547,300,39,21,18
548,299,38,21,18
549,297,42,21,18
550,297,37,21,18
551,291,45,21,18
552,286,51,21,18
553,278,60,21,18
554,267,68,21,18
555,242,70,21,18
556,234,63,21,18
557,231,70,21,18
558,231,68,21,18
559,228,61,21,18
560,226,65,21,18
561,226,55,21,18
562,222,59,21,18
563,220,63,21,18
564,217,61,21,18
565,211,61,21,18
566,212,61,21,18
567,211,59,21,18
568,209,58,21,18
569,211,56,21,18
570,200,53,21,18
571,205,47,21,18
572,194,27,21,18
573,207,21,21,18
574,211,16,21,18
575,216,13,21,18
576,219,15,21,18
577,220,18,21,18
578,220,24,21,18
579,220,27,21,18
580,218,31,21,18
581,209,39,21,18
582,205,49,21,18
583,189,55,21,18
584,179,63,21,18
585,169,71,21,18
586,173,62,21,18
587,168,64,21,18
588,170,61,21,18
589,175,54,21,18
590,186,44,21,18
591,208,36,21,18
592,200,33,21,18
593,201,29,21,18
594,202,31,21,18
595,203,36,21,18
596,206,42,21,18
597,204,45,21,18
598,203,48,21,18
599,202,49,21,18
600,202,47,21,18
601,199,45,21,18
602,199,43,21,18
603,201,42,21,18
604,202,38,21,18
605,197,31,21,18
606,198,25,21,18
607,203,20,21,18
608,233,23,21,18
609,210,25,21,18
610,211,22,21,18
611,213,20,21,18
612,214,18,21,18
613,213,18,21,18
614,215,24,21,18
615,216,36,21,18
616,213,45,21,18
617,213,53,21,18
618,212,55,21,18
619,214,52,21,18
620,218,46,21,18
621,228,40,21,18
622,236,35,21,18
623,243,31,21,18
624,247,27,21,18
625,250,26,21,18
626,251,24,21,18
627,252,22,21,18
628,253,18,21,18
629,246,21,21,18
630,253,16,21,18
631,223,22,21,18
632,226,18,21,18
633,226,15,21,18
634,231,15,21,18
635,236,16,21,18
636,240,18,21,18
637,244,22,21,18
638,247,30,21,18
639,209,27,21,18
640,210,35,21,18
641,210,39,21,18
642,209,41,21,18
643,207,42,21,18
644,206,44,21,18
645,208,49,21,18
646,210,52,21,18
647,211,53,21,18
648,213,53,21,18
649,215,51,21,18
650,217,48,21,18
651,220,46,21,18
652,223,43,21,18
653,225,43,21,18
654,227,40,21,18
655,228,35,21,18
656,230,35,21,18
657,232,38,21,18
658,232,44,21,18
659,229,51,21,18
660,229,53,21,18
661,229,59,21,18
662,229,65,21,18
663,230,70,21,18
664,231,91,21,18
665,232,93,21,18
666,233,96,21,18
667,252,102,21,18
668,265,112,21,18
669,264,120,21,18
670,257,127,21,18
671,258,145,21,18
672,251,150,21,18
673,250,150,21,18
674,250,148,21,18
675,253,140,21,18
676,257,136,21,18
677,260,132,21,18
678,263,128,21,18
679,265,124,21,18
680,266,123,21,18
681,265,125,21,18
682,263,127,21,18
683,263,124,21,18
684,263,122,21,18
685,263,119,21,18
686,263,115,21,18
687,263,108,21,18
688,262,102,21,18
689,263,97,21,18
690,264,94,21,18
691,263,91,21,18
692,261,89,21,18
693,262,92,21,18
694,263,97,21,18
695,262,98,21,18
696,261,101,21,18
697,262,104,21,18
698,263,106,21,18
699,265,108,21,18
700,267,111,21,18
701,268,113,21,18
702,268,115,21,18
703,268,116,21,18
704,268,118,21,18
705,269,120,21,18
706,270,120,21,18
707,272,115,21,18
708,274,115,21,18
709,276,115,21,18
710,277,113,21,18
711,277,112,21,18
712,279,114,21,18
713,280,116,21,18
714,280,116,21,18
715,281,116,21,18
716,282,115,21,18
717,283,115,21,18
718,284,115,21,18
719,286,115,21,18
720,288,114,21,18
721,289,112,21,18
722,289,108,21,18
723,290,106,21,18
724,292,106,21,18
725,294,103,21,18
726,295,103,21,18
727,296,106,21,18
728,296,107,21,18
729,295,105,21,18
730,294,105,21,18
731,293,106,21,18
732,293,106,21,18
733,293,105,21,18
734,293,105,21,18
735,295,106,21,18
736,297,107,21,18
737,297,105,21,18
738,298,104,21,18
739,299,104,21,18
740,299,103,21,18
741,299,103,21,18
742,300,106,21,18
743,301,107,21,18
744,300,106,21,18
745,300,105,21,18
746,301,103,21,18
747,301,100,21,18
748,302,100,21,18
749,303,102,21,18
750,303,103,21,18
751,303,105,21,18
752,304,108,21,18
753,306,111,21,18
754,306,114,21,18
755,302,114,21,18
756,300,116,21,18
757,299,119,21,18
758,300,119,21,18
759,302,116,21,18
760,304,110,21,18
761,306,110,21,18
762,307,109,21,18
763,308,107,21,18
764,308,101,21,18
765,307,94,21,18
766,308,89,21,18
767,311,89,21,18
768,313,93,21,18
769,313,94,21,18
770,313,93,21,18
771,314,91,21,18
772,315,92,21,18
773,315,91,21,18
774,315,91,21,18
775,314,91,21,18
776,312,93,21,18
777,311,97,21,18
778,310,97,21,18
779,309,94,21,18
780,309,90,21,18
781,310,85,21,18
782,311,82,21,18
783,312,80,21,18
784,313,80,21,18
785,313,81,21,18
786,312,85,21,18
787,312,87,21,18
788,312,88,21,18
789,312,88,21,18
790,313,89,21,18
791,314,89,21,18
792,314,87,21,18
793,314,85,21,18
794,315,85,21,18
795,315,87,21,18
796,314,88,21,18
797,313,88,21,18
798,311,88,21,18
799,310,87,21,18
800,310,85,21,18
801,311,81,21,18
802,312,75,21,18
803,314,71,21,18
804,318,74,21,18
805,321,79,21,18
806,322,83,21,18
807,323,87,21,18
808,325,88,21,18
809,326,89,21,18
810,327,88,21,18
811,327,90,21,18
812,328,92,21,18
813,327,94,21,18
814,326,91,21,18
815,324,88,21,18
816,325,85,21,18
817,327,82,21,18
818,330,82,21,18
819,332,80,21,18
820,334,78,21,18
821,336,79,21,18
822,337,82,21,18
823,337,83,21,18
824,336,84,21,18
825,336,84,21,18
826,337,81,21,18
827,337,77,21,18
828,336,75,21,18
829,336,77,21,18
830,336,79,21,18
831,337,83,21,18
832,340,83,21,18
833,343,83,21,18
834,346,82,21,18
835,348,79,21,18
836,351,76,21,18
837,354,76,21,18
838,356,78,21,18
839,356,82,21,18
840,355,86,21,18
841,354,90,21,18
842,355,94,21,18
843,355,96,21,18
844,355,94,21,18
845,356,92,21,18
846,359,92,21,18
847,362,92,21,18
848,365,89,21,18
849,367,84,21,18
850,368,79,21,18
851,370,75,21,18
852,372,74,21,18
853,373,73,21,18
854,373,76,21,18
855,373,79,21,18
856,372,79,21,18
857,372,78,21,18
858,373,75,21,18
859,376,69,21,18
860,377,66,21,18
861,379,66,21,18
862,379,66,21,18
863,379,66,21,18
864,379,68,21,18
865,380,71,21,18
866,381,73,21,18
867,381,74,21,18
868,383,74,21,18
869,386,77,21,18
870,389,79,21,18
871,392,79,21,18
872,395,79,21,18
873,397,79,21,18
874,398,76,21,18
875,398,73,21,18
876,398,72,21,18
877,398,71,21,18
878,398,70,21,18
879,398,70,21,18
880,398,69,21,18
881,399,66,21,18
882,400,62,21,18
883,402,59,21,18
884,405,56,21,18
885,408,53,21,18
886,410,52,21,18
887,412,53,21,18
888,412,54,21,18
889,412,56,21,18
890,412,57,21,18
891,413,57,21,18
892,413,57,21,18
893,412,55,21,18
894,413,55,21,18
895,414,52,21,18
896,415,48,21,18
897,417,44,21,18
898,419,44,21,18
899,422,42,21,18
900,424,44,21,18
901,425,47,21,18
902,426,49,21,18
903,427,47,21,18
904,430,45,21,18
905,432,44,21,18
906,433,42,21,18
907,436,39,21,18
908,440,35,21,18
909,443,31,21,18
910,448,28,21,18
911,454,23,21,18
912,459,22,21,18
913,467,22,21,18
914,474,20,21,18
915,481,19,21,18
916,489,21,21,18
917,495,19,21,18
918,495,15,21,18
919,490,11,21,18
920,490,8,21,18
921,490,5,21,18
922,490,2,21,18
923,269,96,21,18
924,269,88,21,18
925,270,80,21,18
926,271,74,21,18
927,273,68,21,18
928,275,66,21,18
929,277,63,21,18
930,277,61,21,18
931,278,64,21,18
932,278,64,21,18
933,277,60,21,18
934,277,56,21,18
935,279,55,21,18
936,283,58,21,18
937,287,62,21,18
938,290,67,21,18
939,291,71,21,18
940,291,69,21,18
941,289,65,21,18
942,289,70,21,18
943,289,77,21,18
944,287,77,21,18
945,286,74,21,18
946,288,73,21,18
947,289,67,21,18
948,290,68,21,18
949,294,73,21,18
950,298,79,21,18
951,297,85,21,18
952,304,91,21,18
953,303,98,21,18
954,298,94,21,18
955,298,84,21,18
956,297,73,21,18
957,292,65,21,18
958,296,59,21,18
959,300,56,21,18
960,301,56,21,18
961,301,53,21,18
962,301,53,21,18
963,301,53,21,18
964,300,53,21,18
965,300,54,21,18
966,300,56,21,18
967,300,59,21,18
968,301,62,21,18
969,302,63,21,18
970,303,65,21,18
971,306,65,21,18
972,308,64,21,18
973,310,62,21,18
974,312,62,21,18
975,314,64,21,18
976,315,66,21,18
977,315,67,21,18
978,314,65,21,18
979,313,63,21,18
980,312,58,21,18
981,311,53,21,18
982,310,49,21,18
983,310,48,21,18
984,311,51,21,18
985,312,56,21,18
986,312,59,21,18
987,312,60,21,18
988,312,62,21,18
989,314,62,21,18
990,317,62,21,18
991,320,62,21,18
992,322,59,21,18
993,324,55,21,18
994,326,51,21,18
995,327,48,21,18
996,328,48,21,18
997,328,48,21,18
998,328,50,21,18
999,328,53,21,18
1000,328,55,21,18
1001,329,57,21,18
1002,330,58,21,18
1003,330,55,21,18
1004,332,55,21,18
1005,335,59,21,18
1006,336,63,21,18
1007,336,63,21,18
1008,336,62,21,18
1009,336,59,21,18
1010,336,58,21,18
1011,338,56,21,18
1012,340,54,21,18
1013,341,52,21,18
1014,342,50,21,18
1015,344,51,21,18
1016,344,52,21,18
1017,344,52,21,18
1018,344,52,21,18
1019,345,51,21,18
1020,347,52,21,18
1021,350,53,21,18
1022,352,52,21,18
1023,353,51,21,18
1024,354,49,21,18
1025,355,45,21,18
1026,356,40,21,18
1027,356,35,21,18
1028,356,32,21,18
1029,356,31,21,18
1030,356,30,21,18
1031,356,29,21,18
1032,356,29,21,18
1033,358,32,21,18
1034,359,36,21,18
1035,360,39,21,18
1036,361,42,21,18
1037,362,43,21,18
1038,363,46,21,18
1039,364,50,21,18
1040,365,51,21,18
1041,365,46,21,18
1042,365,41,21,18
1043,367,36,21,18
1044,370,33,21,18
1045,371,31,21,18
1046,371,29,21,18
1047,371,26,21,18
1048,371,24,21,18
1049,372,24,21,18
1050,374,27,21,18
1051,374,28,21,18
1052,373,26,21,18
1053,373,23,21,18
1054,374,20,21,18
1055,376,16,21,18
1056,378,15,21,18
1057,381,16,21,18
1058,382,18,21,18
1059,383,22,21,18
1060,385,23,21,18
1061,387,21,21,18
1062,389,17,21,18
1063,391,13,21,18
1064,395,9,21,18
1065,395,7,21,18
1066,356,22,21,18
1067,357,18,21,18
1068,359,16,21,18
1069,361,16,21,18
1070,362,17,21,18
1071,363,18,21,18
1072,364,18,21,18
1073,366,18,21,18
1074,370,19,21,18
1075,373,20,21,18
1076,375,19,21,18
1077,376,17,21,18
1078,378,13,21,18
1079,379,9,21,18
1080,380,0,21,18
1081,349,19,21,18
1082,352,17,21,18
1083,354,17,21,18
1084,356,15,21,18
1085,358,13,21,18
1086,361,12,21,18
1087,364,10,21,18
1088,366,7,21,18
1089,368,6,21,18
1090,370,4,21,18
1091,373,1,21,18
1092,363,12,21,18
1093,11,63,21,18
1094,11,61,21,18
1095,12,61,21,18
1096,12,63,21,18
1097,12,67,21,18
1098,11,72,21,18
1099,10,76,21,18
1100,8,78,21,18
1101,6,80,21,18
1102,5,81,21,18
1103,3,79,21,18
1104,1,76,21,18
1105,1,71,21,18
1106,0,67,21,18
1107,0,64,21,18
1108,0,64,21,18
1109,0,69,21,18
1110,0,74,21,18
1111,0,76,21,18
1112,348,37,21,18
1113,348,34,21,18
1114,348,30,21,18
1115,348,26,21,18
1116,350,24,21,18
1117,352,22,21,18
1118,353,21,21,18
1119,354,23,21,18
1120,357,27,21,18
1121,359,29,21,18
1122,360,28,21,18
1123,361,24,21,18
1124,363,21,21,18
1125,359,21,21,18
1126,361,17,21,18
1127,361,11,21,18
1128,361,9,21,18
1129,361,9,21,18
1130,360,10,21,18
1131,359,10,21,18
1132,358,8,21,18
1133,358,5,21,18
1134,359,2,21,18
1135,360,0,21,18
1136,363,0,21,18
1137,366,1,21,18
1138,367,0,21,18
1139,368,1,21,18
1140,370,2,21,18
1141,371,0,21,18
1142,373,0,21,18
1143,376,0,21,18
1144,371,3,21,18
1145,373,0,21,18
1146,368,9,21,18
1147,370,4,21,18
1148,371,2,21,18
1149,372,4,21,18
1150,372,4,21,18
1151,371,2,21,18
1152,371,2,21,18
1153,372,1,21,18
1154,373,0,21,18
1155,360,18,21,18
1156,360,20,21,18
1157,360,21,21,18
1158,360,21,21,18
1159,359,18,21,18
1160,358,14,21,18
1161,360,11,21,18
1162,363,8,21,18
1163,365,4,21,18
1164,366,1,21,18
1165,368,0,21,18
1166,370,0,21,18
1167,372,0,21,18
1168,372,1,21,18
1169,372,4,21,18
1170,372,4,21,18
1171,372,2,21,18
1172,372,0,21,18
1173,374,0,21,18
1174,377,0,21,18
1175,379,0,21,18
1176,379,0,21,18
1177,380,3,21,18
1178,381,2,21,18
1179,381,0,21,18
1180,380,1,21,18
1181,381,7,21,18
1182,381,12,21,18
1183,378,10,21,18
1184,375,8,21,18
1185,375,9,21,18
1186,376,12,21,18
1187,374,9,21,18
1188,374,5,21,18
1189,377,5,21,18
1190,380,3,21,18
1191,383,3,21,18
1192,384,1,21,18
1193,387,0,21,18
1194,389,1,21,18
1195,389,0,21,18
1196,389,1,21,18
1197,389,1,21,18
1198,388,0,21,18
1199,388,0,21,18
1200,325,93,21,18
1201,325,90,21,18
1202,326,87,21,18
1203,329,84,21,18
1204,329,85,21,18
1205,328,85,21,18
1206,328,88,21,18
1207,329,91,21,18
1208,329,91,21,18
1209,329,91,21,18
1210,330,94,21,18
1211,331,96,21,18
1212,331,98,21,18
1213,332,98,21,18
1214,332,96,21,18
1215,330,96,21,18
1216,331,93,21,18
1217,333,92,21,18
1218,334,91,21,18
1219,334,89,21,18
1220,335,89,21,18
1221,337,86,21,18
1222,337,83,21,18
1223,337,79,21,18
1224,338,78,21,18
1225,339,80,21,18
1226,339,80,21,18
1227,339,78,21,18
1228,339,79,21,18
1229,339,77,21,18
1230,339,76,21,18
1231,339,75,21,18
1232,339,73,21,18
1233,339,68,21,18
1234,339,66,21,18
1235,339,65,21,18
1236,339,60,21,18
1237,340,60,21,18
1238,341,63,21,18
1239,343,66,21,18
1240,344,67,21,18
1241,344,68,21,18
1242,344,71,21,18
1243,345,74,21,18
1244,345,73,21,18
1245,343,69,21,18
1246,343,68,21,18
1247,344,71,21,18
1248,344,70,21,18
1249,342,66,21,18
1250,342,64,21,18
1251,343,64,21,18
1252,343,65,21,18
1253,342,67,21,18
1254,341,71,21,18
1255,339,74,21,18
1256,337,76,21,18
1257,336,78,21,18
1258,336,75,21,18
1259,336,70,21,18
1260,339,63,21,18
1261,343,57,21,18
1262,347,52,21,18
1263,349,49,21,18
1264,351,46,21,18
1265,352,45,21,18
1266,354,47,21,18
1267,356,49,21,18
1268,358,48,21,18
1269,360,46,21,18
1270,363,43,21,18
1271,367,42,21,18
1272,370,43,21,18
1273,372,43,21,18
1274,372,41,21,18
1275,371,39,21,18
1276,370,36,21,18
1277,370,36,21,18
1278,370,36,21,18
1279,369,35,21,18
1280,369,34,21,18
1281,369,35,21,18
1282,369,35,21,18
1283,368,33,21,18
1284,368,32,21,18
1285,368,29,21,18
1286,368,25,21,18
1287,368,21,21,18
1288,370,18,21,18
1289,372,18,21,18
1290,373,21,21,18
1291,374,24,21,18
1292,373,25,21,18
1293,372,27,21,18
1294,372,28,21,18
1295,372,24,21,18
1296,372,20,21,18
1297,372,16,21,18
1298,374,13,21,18
1299,377,11,21,18
1300,378,10,21,18
1301,378,12,21,18
1302,380,15,21,18
1303,380,15,21,18
1304,379,14,21,18
1305,379,15,21,18
1306,381,16,21,18
1307,382,16,21,18
1308,383,13,21,18
1309,384,10,21,18
1310,386,6,21,18
1311,389,3,21,18
1312,391,1,21,18
1313,393,0,21,18
1314,395,3,21,18
1315,397,5,21,18
1316,398,5,21,18
1317,400,2,21,18
1318,397,20,21,18
1319,401,16,21,18
1320,410,44,21,18
1321,414,41,21,18
1322,417,38,21,18
1323,418,34,21,18
1324,420,30,21,18
1325,423,27,21,18
1326,426,24,21,18
1327,429,22,21,18
1328,433,25,21,18
1329,439,28,21,18
1330,445,34,21,18
1331,451,41,21,18
1332,460,45,21,18
1333,466,65,21,18
1334,475,69,21,18
1335,483,69,21,18
1336,490,64,21,18
1337,494,52,21,18
1338,502,46,21,18
1339,475,47,21,18
1340,479,44,21,18
1341,481,44,21,18
1342,483,46,21,18
1343,483,49,21,18
1344,484,51,21,18
1345,486,50,21,18
1346,488,50,21,18
1347,491,50,21,18
1348,496,51,21,18
1349,501,53,21,18
1350,505,55,21,18
1351,507,56,21,18
1352,508,58,21,18
1353,508,62,21,18
1354,508,60,21,18
1355,509,58,21,18
1356,512,59,21,18
1357,514,61,21,18
1358,516,60,21,18
1359,518,58,21,18
1360,521,54,21,18
1361,524,49,21,18
1362,528,44,21,18
1363,534,42,21,18
1364,540,38,21,18
1365,546,33,21,18
1366,551,30,21,18
1367,555,30,21,18
1368,558,34,21,18
1369,561,39,21,18
1370,563,38,21,18
1371,567,35,21,18
1372,573,31,21,18
1373,569,29,21,18
1374,575,26,21,18
1375,580,24,21,18
1376,585,23,21,18
1377,589,22,21,18
1378,592,25,21,18
1379,594,28,21,18
1380,596,28,21,18
1381,598,29,21,18
1382,600,33,21,18
1383,601,35,21,18
1384,602,34,21,18
1385,604,29,21,18
1386,606,24,21,18
1387,608,17,21,18
1388,609,13,21,18
1389,52,218,21,18
1390,80,211,21,18
1391,106,211,21,18
1392,128,209,21,18
1393,147,207,21,18
1394,168,207,21,18
1395,187,208,21,18
1396,203,207,21,18
1397,217,205,21,18
1398,250,197,21,18
1399,251,195,21,18
1400,265,191,21,18
1401,290,186,21,18
1402,312,179,21,18
1403,320,172,21,18
1404,337,167,21,18
1405,325,169,21,18
1406,340,169,21,18
1407,353,170,21,18
1408,342,173,21,18
1409,344,171,21,18
1410,353,168,21,18
1411,354,169,21,18
1412,356,172,21,18
1413,372,169,21,18
1414,367,167,21,18
1415,370,167,21,18
1416,379,166,21,18
1417,379,167,21,18
1418,378,170,21,18
1419,399,170,21,18
1420,393,176,21,18
1421,386,181,21,18
1422,387,184,21,18
1423,388,188,21,18
1424,388,191,21,18
1425,388,190,21,18
1426,391,184,21,18
1427,394,180,21,18
1428,397,175,21,18
1429,400,172,21,18
1430,405,167,21,18
1431,409,165,21,18
1432,407,167,21,18
1433,408,169,21,18
1434,406,167,21,18
1435,404,163,21,18
1436,403,161,21,18
1437,414,158,21,18
1438,412,158,21,18
1439,409,159,21,18
1440,420,153,21,18
1441,417,151,21,18
1442,414,153,21,18
1443,411,155,21,18
1444,409,154,21,18
1445,409,151,21,18
1446,410,146,21,18
1447,409,143,21,18
1448,408,139,21,18
1449,407,137,21,18
1450,405,137,21,18
1451,403,137,21,18
1452,401,137,21,18
1453,398,141,21,18
1454,396,146,21,18
1455,394,151,21,18
1456,393,153,21,18
1457,392,151,21,18
1458,390,146,21,18
1459,390,141,21,18
1460,390,137,21,18
1461,390,133,21,18
1462,597,77,21,18
1463,351,163,21,18
1464,352,163,21,18
1465,351,167,21,18
1466,350,169,21,18
1467,346,171,21,18
1468,343,169,21,18
1469,323,165,21,18
1470,322,161,21,18
1471,323,157,21,18
1472,319,150,21,18
1473,317,143,21,18
1474,317,139,21,18
1475,319,138,21,18
1476,319,138,21,18
1477,316,140,21,18
1478,116,136,21,18
1479,117,137,21,18
1480,132,137,21,18
1481,106,142,21,18
1482,96,148,21,18
1483,24,164,21,18
1484,27,169,21,18
1485,50,164,21,18
1486,52,167,21,18
1487,51,171,21,18
1488,46,173,21,18
1489,39,175,21,18
1490,50,173,21,18
1491,67,170,21,18
1492,67,170,21,18
1493,64,172,21,18
1494,73,164,21,18
1495,102,161,21,18
1496,90,160,21,18
1497,131,155,21,18
1498,102,156,21,18
1499,104,156,21,18
1500,97,155,21,18
1501,99,152,21,18
1502,91,156,21,18
1503,99,158,21,18
1504,85,160,21,18
1505,102,156,21,18
1506,118,154,21,18
1507,113,150,21,18
1508,153,135,21,18
1509,139,132,21,18
1510,125,130,21,18
1511,169,121,21,18
1512,157,122,21,18
1513,145,123,21,18
1514,127,124,21,18
1515,108,126,21,18
1516,91,131,21,18
1517,81,136,21,18
1518,116,133,21,18
1519,118,137,21,18
1520,123,138,21,18
1521,103,139,21,18
1522,97,131,21,18
1523,84,128,21,18
1524,79,126,21,18
1525,135,115,21,18
1526,117,116,21,18
1527,121,112,21,18
1528,104,114,21,18
1529,105,114,21,18
1530,87,120,21,18
1531,103,122,21,18
1532,105,128,21,18
1533,98,132,21,18
1534,90,136,21,18
1535,83,141,21,18
1536,74,149,21,18
1537,64,154,21,18
1538,54,159,21,18
1539,45,161,21,18
1540,37,161,21,18
1541,56,148,21,18
1542,48,147,21,18
1543,41,144,21,18
1544,38,142,21,18
1545,24,140,21,18
1546,20,138,21,18
1547,24,131,21,18
1548,27,127,21,18
1549,8,125,21,18
1550,21,119,21,18
1551,51,111,21,18
1552,40,107,21,18
1553,30,107,21,18
1554,21,110,21,18
1555,16,116,21,18
1556,43,118,21,18
1557,38,128,21,18
1558,30,137,21,18
1559,34,139,21,18
1560,27,141,21,18
1561,22,145,21,18
1562,18,148,21,18
1563,14,150,21,18
1564,48,145,21,18
1565,41,148,21,18
1566,32,150,21,18
1567,27,151,21,18
1568,28,155,21,18
1569,45,153,21,18
1570,46,152,21,18
1571,43,153,21,18
1572,40,155,21,18
1573,79,153,21,18
1574,77,160,21,18
1575,73,164,21,18
1576,67,165,21,18
1577,59,165,21,18
1578,49,166,21,18
1579,45,164,21,18
1580,69,156,21,18
1581,59,154,21,18
1582,65,153,21,18
1583,60,154,21,18
1584,56,156,21,18
1585,52,159,21,18
1586,49,164,21,18
1587,46,170,21,18
1588,65,172,21,18
1589,87,166,21,18
1590,80,163,21,18
1591,74,161,21,18
1592,66,155,21,18
1593,58,149,21,18
1594,51,143,21,18
1595,44,142,21,18
1596,37,147,21,18
1597,29,151,21,18
1598,84,120,21,18
1599,81,126,21,18
1600,79,131,21,18
1601,73,133,21,18
1602,67,135,21,18
1603,62,136,21,18
1604,56,134,21,18
1605,52,134,21,18
1606,50,133,21,18
1607,49,130,21,18
1608,49,130,21,18
1609,49,129,21,18
1610,48,130,21,18
1611,47,131,21,18
1612,44,129,21,18
1613,41,128,21,18
1614,77,134,21,18
1615,77,136,21,18
1616,80,136,21,18
1617,81,136,21,18
1618,84,134,21,18
1619,86,132,21,18
1620,86,130,21,18
1621,88,127,21,18
1622,90,121,21,18
1623,94,117,21,18
1624,98,115,21,18
1625,101,113,21,18
1626,103,112,21,18
1627,104,111,21,18
1628,106,113,21,18
1629,108,113,21,18
1630,112,114,21,18
1631,116,116,21,18
1632,120,120,21,18
1633,124,126,21,18
1634,128,130,21,18
1635,132,134,21,18
1636,138,139,21,18
1637,142,142,21,18
1638,146,142,21,18
1639,149,142,21,18
1640,151,141,21,18
1641,152,140,21,18
1642,153,137,21,18
1643,153,133,21,18
1644,154,130,21,18
1645,156,127,21,18
1646,158,125,21,18
1647,160,125,21,18
1648,163,127,21,18
1649,165,127,21,18
1650,166,128,21,18
1651,168,128,21,18
1652,169,125,21,18
1653,170,124,21,18
1654,171,123,21,18
1655,172,123,21,18
1656,172,124,21,18
1657,170,125,21,18
1658,168,128,21,18
1659,167,130,21,18
1660,167,129,21,18
1661,167,129,21,18
1662,167,132,21,18
1663,168,133,21,18
1664,170,128,21,18
1665,173,125,21,18
1666,176,130,21,18
1667,180,136,21,18
1668,182,139,21,18
1669,185,144,21,18
1670,346,120,21,18
1671,348,122,21,18
1672,349,119,21,18
1673,349,113,21,18
1674,348,108,21,18
1675,348,105,21,18
1676,349,101,21,18
1677,350,93,21,18
1678,352,88,21,18
1679,354,88,21,18
1680,354,86,21,18
1681,354,86,21,18
1682,354,87,21,18
1683,355,91,21,18
1684,356,92,21,18
1685,357,93,21,18
1686,359,93,21,18
1687,362,94,21,18
1688,365,96,21,18
1689,369,98,21,18
1690,375,99,21,18
1691,382,101,21,18
1692,390,101,21,18
1693,398,100,21,18
1694,405,98,21,18
1695,410,96,21,18
1696,414,95,21,18
1697,415,90,21,18
1698,416,87,21,18
1699,420,82,21,18
1700,422,79,21,18
1701,424,79,21,18
1702,428,79,21,18
1703,430,78,21,18
1704,432,75,21,18
1705,436,74,21,18
1706,441,74,21,18
1707,446,71,21,18
1708,449,66,21,18
1709,454,63,21,18
1710,461,60,21,18
1711,469,59,21,18
1712,478,59,21,18
1713,487,60,21,18
1714,497,63,21,18
1715,324,125,21,18
1716,330,124,21,18
1717,336,124,21,18
1718,343,121,21,18
1719,350,119,21,18
1720,356,118,21,18
1721,363,119,21,18
1722,369,122,21,18
1723,372,127,21,18
1724,375,126,21,18
1725,377,121,21,18
1726,380,113,21,18
1727,381,110,21,18
1728,381,103,21,18
1729,380,97,21,18
1730,379,94,21,18
1731,377,92,21,18
1732,377,91,21,18
1733,379,93,21,18
1734,382,94,21,18
1735,386,97,21,18
1736,390,100,21,18
1737,392,104,21,18
1738,393,108,21,18
1739,393,110,21,18
1740,394,111,21,18
1741,395,116,21,18
1742,396,118,21,18
1743,398,121,21,18
1744,400,123,21,18
1745,404,124,21,18
1746,408,122,21,18
1747,413,119,21,18
1748,417,117,21,18
1749,420,114,21,18
1750,422,111,21,18
1751,424,105,21,18
1752,425,100,21,18
1753,425,94,21,18
1754,424,90,21,18
1755,422,84,21,18
1756,421,78,21,18
1757,422,72,21,18
1758,423,66,21,18
1759,424,59,21,18
1760,425,53,21,18
1761,427,46,21,18
1762,429,42,21,18
1763,430,41,21,18
1764,430,43,21,18
1765,429,43,21,18
1766,430,41,21,18
1767,432,40,21,18
1768,434,41,21,18
1769,439,44,21,18
1770,441,45,21,18
1771,443,45,21,18
1772,444,46,21,18
1773,444,48,21,18
1774,440,52,21,18
1775,437,51,21,18
1776,434,49,21,18
1777,432,46,21,18
1778,432,44,21,18
1779,431,45,21,18
1780,430,48,21,18
1781,430,48,21,18
1782,433,44,21,18
1783,435,41,21,18
1784,436,37,21,18
1785,436,34,21,18
1786,436,30,21,18
1787,437,25,21,18
1788,438,20,21,18
1789,438,16,21,18
1790,438,15,21,18
1791,438,16,21,18
1792,438,15,21,18
1793,437,12,21,18
1794,436,13,21,18
1795,435,13,21,18
1796,435,13,21,18
1797,435,13,21,18
1798,434,16,21,18
1799,434,19,21,18
1800,434,21,21,18
1801,434,26,21,18
1802,433,30,21,18
1803,433,31,21,18
1804,433,31,21,18
1805,432,32,21,18
1806,430,34,21,18
1807,428,31,21,18
1808,429,27,21,18
1809,430,22,21,18
1810,429,19,21,18
1811,97,66,21,18
1812,94,61,21,18
1813,92,57,21,18
1814,89,57,21,18
1815,87,55,21,18
1816,89,53,21,18
1817,91,58,21,18
1818,92,66,21,18
1819,94,67,21,18
1820,99,66,21,18
1821,104,68,21,18
1822,107,69,21,18
1823,108,71,21,18
1824,109,71,21,18
1825,109,71,21,18
1826,107,70,21,18
1827,104,69,21,18
1828,100,66,21,18
1829,97,64,21,18
1830,95,62,21,18
1831,93,62,21,18
1832,93,57,21,18
1833,94,52,21,18
1834,96,47,21,18
1835,97,44,21,18
1836,97,43,21,18
1837,97,42,21,18
1838,97,41,21,18
1839,97,41,21,18
1840,98,41,21,18
1841,99,42,21,18
1842,99,44,21,18
1843,98,46,21,18
1844,97,46,21,18
1845,96,45,21,18
1846,96,42,21,18
1847,95,38,21,18
1848,95,37,21,18
1849,94,38,21,18
1850,92,41,21,18
1851,90,40,21,18
1852,89,40,21,18
1853,87,40,21,18
1854,85,39,21,18
1855,85,38,21,18
1856,85,38,21,18
1857,83,40,21,18
1858,82,42,21,18
1859,82,40,21,18
1860,82,38,21,18
1861,82,35,21,18
1862,82,35,21,18
1863,81,37,21,18
1864,80,39,21,18
1865,80,39,21,18
1866,79,36,21,18
1867,77,30,21,18
1868,77,29,21,18
1869,78,27,21,18
1870,79,26,21,18
1871,80,24,21,18
1872,81,24,21,18
1873,83,26,21,18
1874,84,29,21,18
1875,86,30,21,18
1876,93,30,21,18
1877,100,31,21,18
1878,109,34,21,18
1879,109,37,21,18
1880,107,40,21,18
1881,107,42,21,18
1882,107,44,21,18
1883,106,45,21,18
1884,106,46,21,18
1885,106,48,21,18
1886,108,50,21,18
1887,111,52,21,18
1888,114,53,21,18
1889,120,55,21,18
1890,126,57,21,18
1891,130,61,21,18
1892,135,64,21,18
1893,139,65,21,18
1894,144,64,21,18
1895,145,62,21,18
1896,148,59,21,18
1897,150,56,21,18
1898,148,54,21,18
1899,147,51,21,18
1900,149,48,21,18
1901,151,46,21,18
1902,154,43,21,18
1903,158,41,21,18
1904,162,40,21,18
1905,165,41,21,18
1906,169,41,21,18
1907,173,42,21,18
1908,177,40,21,18
1909,180,35,21,18
1910,186,26,21,18
1911,189,21,21,18
1912,190,21,21,18
1913,190,23,21,18
1914,190,23,21,18
1915,190,22,21,18
1916,190,20,21,18
1917,190,19,21,18
1918,189,19,21,18
1919,186,20,21,18
1920,182,18,21,18
1921,179,14,21,18
1922,176,11,21,18
1923,174,9,21,18
1924,174,6,21,18
1925,176,3,21,18
1926,179,4,21,18
1927,182,10,21,18
1928,184,18,21,18
1929,185,23,21,18
1930,186,21,21,18
1931,186,21,21,18
1932,186,21,21,18
1933,188,20,21,18
1934,192,20,21,18
1935,195,24,21,18
1936,196,27,21,18
1937,196,28,21,18
1938,195,29,21,18
1939,194,30,21,18
1940,193,31,21,18
1941,193,31,21,18
1942,196,31,21,18
1943,199,33,21,18
1944,200,39,21,18
1945,196,43,21,18
1946,191,45,21,18
1947,187,44,21,18
1948,183,41,21,18
1949,215,51,21,18
1950,210,56,21,18
1951,204,61,21,18
1952,199,59,21,18
1953,195,53,21,18
1954,189,49,21,18
1955,180,49,21,18
1956,168,48,21,18
1957,156,44,21,18
1958,144,42,21,18
1959,130,43,21,18
1960,113,45,21,18
1961,122,134,21,18
1962,126,82,21,18
1963,112,87,21,18
1964,50,106,21,18
1965,63,104,21,18
1966,57,107,21,18
1967,74,104,21,18
1968,66,108,21,18
1969,100,102,21,18
1970,93,105,21,18
1971,67,111,21,18
1972,80,107,21,18
1973,86,105,21,18
1974,94,100,21,18
1975,98,94,21,18
1976,82,94,21,18
1977,76,95,21,18
1978,206,98,21,18
1979,193,105,21,18
1980,182,115,21,18
1981,159,126,21,18
1982,153,136,21,18
1983,130,145,21,18
1984,116,157,21,18
1985,71,87,21,18
1986,89,81,21,18
1987,87,80,21,18
1988,94,80,21,18
1989,83,88,21,18
1990,92,93,21,18
1991,71,99,21,18
1992,99,96,21,18
1993,121,91,21,18
1994,109,93,21,18
1995,96,97,21,18
1996,112,96,21,18
1997,106,102,21,18
1998,90,107,21,18
1999,113,101,21,18
2000,95,102,21,18
2001,88,100,21,18
2002,75,99,21,18
2003,128,83,21,18
2004,116,83,21,18
2005,104,85,21,18
2006,88,91,21,18
2007,68,99,21,18
2008,98,96,21,18
2009,86,102,21,18
2010,98,102,21,18
2011,584,56,21,18
2012,496,55,21,18
2013,498,57,21,18
2014,502,54,21,18
2015,508,52,21,18
2016,515,51,21,18
2017,481,54,21,18
2018,483,56,21,18
2019,486,59,21,18
2020,489,59,21,18
2021,491,58,21,18
2022,493,52,21,18
2023,406,205,21,18
2024,406,202,21,18
2025,416,201,21,18
2026,412,199,21,18
2027,412,198,21,18
2028,408,199,21,18
2029,389,201,21,18
2030,363,204,21,18
2031,358,208,21,18
2032,301,211,21,18
2033,279,213,21,18
2034,278,215,21,18
2035,269,217,21,18
2036,203,218,21,18
2037,200,220,21,18
2038,182,221,21,18
2039,175,221,21,18
2040,169,221,21,18
2041,164,221,21,18
2042,142,221,21,18
2043,477,65,21,18
2044,487,68,21,18
2045,500,74,21,18
2046,514,76,21,18
2047,525,74,21,18
2048,462,72,21,18
2049,470,74,21,18
2050,488,81,21,18
2051,497,86,21,18
2052,432,107,21,18
2053,438,116,21,18
2054,444,121,21,18
2055,450,125,21,18
2056,457,122,21,18
2057,464,118,21,18
2058,472,115,21,18
2059,481,113,21,18
2060,491,113,21,18
2061,501,116,21,18
2062,512,119,21,18
2063,523,121,21,18
2064,535,125,21,18
2065,406,186,21,18
2066,403,190,21,18
2067,394,194,21,18
2068,388,196,21,18
2069,387,200,21,18
2070,391,201,21,18
2071,396,200,21,18
2072,403,198,21,18
2073,410,198,21,18
2074,412,194,21,18
2075,418,194,21,18
2076,420,193,21,18
2077,420,195,21,18
2078,404,198,21,18
2079,392,198,21,18
2080,389,202,21,18
2081,387,204,21,18
2082,387,204,21,18
2083,387,204,21,18
2084,389,202,21,18
2085,395,203,21,18
2086,401,203,21,18
2087,404,203,21,18
2088,408,205,21,18
2089,408,206,21,18
2090,410,207,21,18
2091,411,207,21,18
2092,413,209,21,18
2093,402,204,21,18
2094,397,205,21,18
2095,386,204,21,18
2096,372,202,21,18
2097,368,204,21,18
2098,368,205,21,18
2099,368,205,21,18
2100,364,204,21,18
2101,365,204,21,18
2102,360,198,21,18
2103,366,200,21,18
2104,368,202,21,18
2105,362,202,21,18
2106,362,203,21,18
2107,363,203,21,18
2108,363,202,21,18
2109,369,204,21,18
2110,374,204,21,18
2111,377,205,21,18
2112,364,198,21,18
2113,359,199,21,18
2114,337,191,21,18
2115,333,197,21,18
2116,322,197,21,18
2117,321,200,21,18
2118,317,198,21,18
2119,317,196,21,18
2120,321,193,21,18
2121,324,192,21,18
2122,327,195,21,18
2123,329,200,21,18
2124,329,203,21,18
2125,326,205,21,18
2126,328,206,21,18
2127,331,204,21,18
2128,336,201,21,18
2129,344,200,21,18
2130,339,192,21,18
2131,346,192,21,18
2132,353,194,21,18
2133,360,195,21,18
2134,365,198,21,18
2135,364,201,21,18
2136,358,201,21,18
2137,358,204,21,18
2138,363,209,21,18
2139,363,208,21,18
2140,363,209,21,18
2141,363,208,21,18
2142,363,209,21,18
2143,363,208,21,18
2144,364,208,21,18
2145,363,205,21,18
2146,363,206,21,18
2147,363,208,21,18
2148,363,208,21,18
2149,366,212,21,18
2150,364,213,21,18
2151,364,215,21,18
2152,366,215,21,18
2153,365,215,21,18
2154,363,216,21,18
2155,362,217,21,18
2156,364,217,21,18
2157,360,212,21,18
2158,361,210,21,18
2159,361,210,21,18
2160,358,208,21,18
2161,353,203,21,18
2162,354,203,21,18
2163,339,195,21,18
2164,338,198,21,18
2165,340,201,21,18
2166,338,201,21,18
2167,337,202,21,18
2168,336,203,21,18
2169,336,204,21,18
2170,335,206,21,18
2171,337,206,21,18
2172,340,205,21,18
2173,347,205,21,18
2174,350,205,21,18
2175,356,205,21,18
2176,361,202,21,18
2177,364,197,21,18
2178,366,195,21,18
2179,366,196,21,18
2180,365,197,21,18
2181,359,194,21,18
2182,366,199,21,18
2183,367,200,21,18
2184,375,201,21,18
2185,379,202,21,18
2186,377,203,21,18
2187,376,203,21,18
2188,378,202,21,18
2189,381,201,21,18
2190,384,199,21,18
2191,390,199,21,18
2192,390,199,21,18
2193,390,199,21,18
2194,395,200,21,18
2195,398,200,21,18
2196,400,200,21,18
2197,403,200,21,18
2198,403,202,21,18
2199,403,203,21,18
2200,401,202,21,18
2201,392,197,21,18
2202,388,197,21,18
2203,386,196,21,18
2204,388,197,21,18
2205,389,197,21,18
2206,387,195,21,18
2207,387,197,21,18
2208,386,200,21,18
2209,382,201,21,18
2210,378,201,21,18
2211,378,201,21,18
2212,379,202,21,18
2213,375,202,21,18
2214,373,203,21,18
2215,376,205,21,18
2216,368,201,21,18
2217,371,201,21,18
2218,378,202,21,18
2219,384,202,21,18
2220,385,202,21,18
2221,384,203,21,18
2222,381,203,21,18
2223,379,201,21,18
2224,382,201,21,18
2225,383,201,21,18
2226,389,203,21,18
2227,390,205,21,18
2228,387,205,21,18
2229,392,205,21,18
2230,395,205,21,18
2231,392,205,21,18
2232,391,205,21,18
2233,392,203,21,18
2234,389,201,21,18
2235,389,198,21,18
2236,383,190,21,18
2237,384,190,21,18
2238,376,185,21,18
2239,372,183,21,18
2240,368,183,21,18
2241,360,183,21,18
2242,361,186,21,18
2243,365,190,21,18
2244,363,192,21,18
2245,353,189,21,18
2246,352,189,21,18
2247,355,191,21,18
2248,353,191,21,18
2249,347,186,21,18
2250,347,185,21,18
2251,350,187,21,18
2252,350,187,21,18
2253,354,187,21,18
2254,354,187,21,18
2255,352,187,21,18
2256,350,187,21,18
2257,350,188,21,18
2258,345,188,21,18
2259,343,188,21,18
2260,347,187,21,18
2261,354,189,21,18
2262,353,189,21,18
2263,351,189,21,18
2264,349,189,21,18
2265,348,191,21,18
2266,348,193,21,18
2267,350,193,21,18
2268,350,193,21,18
2269,350,196,21,18
2270,348,198,21,18
2271,347,200,21,18
2272,346,198,21,18
2273,350,198,21,18
2274,349,195,21,18
2275,351,197,21,18
2276,354,198,21,18
2277,347,191,21,18
2278,349,194,21,18
2279,352,198,21,18
2280,356,200,21,18
2281,355,196,21,18
2282,355,194,21,18
2283,357,195,21,18
2284,354,191,21,18
2285,359,194,21,18
2286,359,197,21,18
2287,355,197,21,18
2288,354,197,21,18
2289,354,197,21,18
2290,354,197,21,18
2291,355,196,21,18
2292,362,199,21,18
2293,364,199,21,18
2294,363,199,21,18
2295,364,200,21,18
2296,362,200,21,18
2297,362,199,21,18
2298,361,198,21,18
2299,363,199,21,18
2300,362,197,21,18
2301,365,199,21,18
2302,366,199,21,18
2303,366,198,21,18
2304,358,193,21,18
2305,352,194,21,18
2306,349,196,21,18
2307,347,196,21,18
2308,346,196,21,18
2309,344,194,21,18
2310,349,196,21,18
2311,354,196,21,18
2312,354,192,21,18
2313,356,189,21,18
2314,356,187,21,18
2315,349,180,21,18
2316,358,185,21,18
2317,357,185,21,18
2318,357,185,21,18
2319,361,188,21,18
2320,362,188,21,18
2321,363,190,21,18
2322,366,194,21,18
2323,367,196,21,18
2324,368,196,21,18
2325,370,199,21,18
2326,372,199,21,18
2327,374,198,21,18
2328,379,201,21,18
2329,375,199,21,18
2330,369,194,21,18
2331,366,197,21,18
2332,363,198,21,18
2333,361,196,21,18
2334,361,199,21,18
2335,361,201,21,18
2336,358,202,21,18
2337,355,204,21,18
2338,358,207,21,18
2339,360,207,21,18
2340,365,207,21,18
2341,370,207,21,18
2342,368,199,21,18
2343,376,199,21,18
2344,379,197,21,18
2345,381,198,21,18
2346,382,198,21,18
2347,382,199,21,18
2348,378,199,21,18
2349,378,201,21,18
2350,378,199,21,18
2351,382,201,21,18
2352,384,201,21,18
2353,383,197,21,18
2354,386,196,21,18
2355,378,189,21,18
2356,383,190,21,18
2357,378,185,21,18
2358,371,185,21,18
2359,367,186,21,18
2360,368,190,21,18
2361,366,192,21,18
2362,366,195,21,18
2363,372,199,21,18
2364,364,195,21,18
2365,364,195,21,18
2366,369,193,21,18
2367,377,194,21,18
2368,376,194,21,18
2369,368,194,21,18
2370,354,189,21,18
2371,357,192,21,18
2372,357,192,21,18
2373,356,192,21,18
2374,357,192,21,18
2375,365,194,21,18
2376,367,194,21,18
2377,368,198,21,18
2378,365,200,21,18
2379,365,202,21,18
2380,367,205,21,18
2381,372,209,21,18
2382,376,209,21,18
2383,383,209,21,18
2384,391,210,21,18
2385,389,206,21,18
2386,382,201,21,18
2387,378,203,21,18
2388,379,205,21,18
2389,385,207,21,18
2390,388,208,21,18
2391,378,198,21,18
2392,377,196,21,18
2393,377,197,21,18
2394,374,199,21,18
2395,365,197,21,18
2396,360,199,21,18
2397,360,203,21,18
2398,360,202,21,18
2399,362,201,21,18
2400,362,199,21,18
2401,354,190,21,18
2402,358,191,21,18
2403,358,191,21,18
2404,358,194,21,18
2405,354,191,21,18
2406,358,193,21,18
2407,361,196,21,18
2408,365,200,21,18
2409,367,203,21,18
2410,370,204,21,18
2411,373,205,21,18
2412,373,207,21,18
2413,370,209,21,18
2414,368,210,21,18
2415,373,210,21,18
2416,378,210,21,18
2417,385,210,21,18
2418,391,210,21,18
2419,396,210,21,18
2420,383,199,21,18
2421,383,199,21,18
2422,367,183,21,18
2423,390,199,21,18
2424,390,201,21,18
2425,389,203,21,18
2426,384,203,21,18
2427,372,197,21,18
2428,368,194,21,18
2429,369,194,21,18
2430,375,194,21,18
2431,381,194,21,18
2432,394,199,21,18
2433,377,186,21,18
2434,390,198,21,18
2435,390,200,21,18
2436,388,200,21,18
2437,388,200,21,18
2438,395,202,21,18
2439,402,204,21,18
2440,400,200,21,18
2441,401,201,21,18
2442,401,203,21,18
2443,398,205,21,18
2444,398,205,21,18
2445,396,205,21,18
2446,395,205,21,18
2447,392,203,21,18
2448,379,193,21,18
2449,390,200,21,18
2450,389,200,21,18
2451,388,200,21,18
2452,391,202,21,18
2453,393,204,21,18
2454,395,206,21,18
2455,390,202,21,18
2456,389,200,21,18
2457,375,191,21,18
2458,375,191,21,18
2459,377,191,21,18
2460,379,191,21,18
2461,372,186,21,18
2462,379,191,21,18
2463,371,185,21,18
2464,378,187,21,18
2465,386,187,21,18
2466,386,184,21,18
2467,386,185,21,18
2468,384,184,21,18
2469,390,186,21,18
2470,392,187,21,18
2471,395,192,21,18
2472,374,182,21,18
2473,372,182,21,18
2474,370,184,21,18
2475,368,186,21,18
2476,373,189,21,18
2477,377,189,21,18
2478,384,191,21,18
2479,383,188,21,18
2480,391,191,21,18
2481,394,190,21,18
2482,395,190,21,18
2483,392,188,21,18
2484,396,190,21,18
2485,401,191,21,18
2486,410,193,21,18
2487,409,193,21,18
2488,405,194,21,18
2489,403,194,21,18
2490,410,198,21,18
2491,415,202,21,18
2492,401,203,21,18
2493,403,206,21,18
2494,406,207,21,18
2495,402,204,21,18
2496,402,202,21,18
2497,402,202,21,18
2498,395,198,21,18
2499,396,198,21,18
2500,398,198,21,18
2501,400,198,21,18
2502,396,197,21,18
2503,394,197,21,18
2504,397,196,21,18
2505,402,196,21,18
2506,406,196,21,18
2507,408,194,21,18
2508,409,191,21,18
2509,409,194,21,18
2510,404,182,21,18
2511,396,181,21,18
2512,402,189,21,18
2513,402,192,21,18
2514,393,185,21,18
2515,394,185,21,18
2516,395,187,21,18
2517,397,187,21,18
2518,399,187,21,18
2519,403,190,21,18
2520,403,191,21,18
2521,402,193,21,18
2522,400,193,21,18
2523,406,197,21,18
2524,393,190,21,18
2525,401,195,21,18
2526,402,200,21,18
2527,408,201,21,18
2528,417,194,21,18
2529,429,194,21,18
2530,421,193,21,18
2531,422,198,21,18
2532,431,200,21,18
2533,409,184,21,18
2534,413,186,21,18
2535,421,187,21,18
2536,412,182,21,18
2537,410,184,21,18
2538,402,184,21,18
2539,397,178,21,18
2540,397,177,21,18
2541,389,171,21,18
2542,397,169,21,18
2543,405,173,21,18
2544,389,169,21,18
2545,358,156,21,18
2546,357,156,21,18
2547,355,156,21,18
2548,357,163,21,18
2549,362,170,21,18
2550,370,173,21,18
2551,377,178,21,18
2552,363,174,21,18
2553,371,180,21,18
2554,376,182,21,18
2555,373,180,21,18
2556,373,180,21,18
2557,377,180,21,18
2558,381,183,21,18
2559,385,187,21,18
2560,375,182,21,18
2561,370,180,21,18
2562,368,182,21,18
2563,370,184,21,18
2564,378,187,21,18
2565,388,190,21,18
2566,386,184,21,18
2567,393,186,21,18
2568,404,191,21,18
2569,404,191,21,18
2570,411,195,21,18
2571,398,187,21,18
2572,397,187,21,18
2573,398,189,21,18
2574,402,191,21,18
2575,404,191,21,18
2576,408,192,21,18
2577,408,192,21,18
2578,415,193,21,18
2579,415,190,21,18
2580,423,197,21,18
2581,412,174,21,18
2582,410,176,21,18
2583,397,168,21,18
2584,406,174,21,18
2585,398,166,21,18
2586,409,170,21,18
2587,410,170,21,18
2588,429,183,21,18
2589,430,184,21,18
2590,443,186,21,18
2591,433,176,21,18
2592,433,175,21,18
2593,440,176,21,18
2594,435,171,21,18
2595,435,175,21,18
2596,422,170,21,18
2597,431,169,21,18
2598,442,169,21,18
2599,447,169,21,18
2600,451,169,21,18
2601,454,171,21,18
2602,455,173,21,18
2603,456,171,21,18
2604,456,169,21,18
2605,456,169,21,18
2606,452,168,21,18
2607,434,162,21,18
2608,439,169,21,18
2609,460,184,21,18
2610,461,189,21,18
2611,472,194,21,18
2612,508,211,21,18
2613,508,213,21,18
2614,503,200,21,18
2615,505,203,21,18
2616,516,207,21,18
2617,486,219,21,18
2618,458,178,21,18
2619,470,181,21,18
2620,474,181,21,18
2621,476,181,21,18
2622,463,178,21,18
2623,447,175,21,18
2624,443,175,21,18
2625,454,177,21,18
2626,452,175,21,18
2627,439,167,21,18
2628,451,170,21,18
2629,449,168,21,18
2630,451,168,21,18
2631,462,172,21,18
2632,478,178,21,18
2633,486,184,21,18
2634,490,189,21,18
2635,477,183,21,18
2636,491,184,21,18
2637,484,181,21,18
2638,479,182,21,18
2639,482,182,21,18
2640,480,182,21,18
2641,480,184,21,18
2642,484,188,21,18
2643,483,186,21,18
2644,474,177,21,18
2645,489,179,21,18
2646,496,179,21,18
2647,498,180,21,18
2648,500,184,21,18
2649,495,183,21,18
2650,506,183,21,18
2651,516,187,21,18
2652,510,182,21,18
2653,524,185,21,18
2654,534,188,21,18
2655,529,188,21,18
2656,526,187,21,18
2657,523,185,21,18
2658,523,185,21,18
2659,538,188,21,18
2660,520,177,21,18
2661,522,176,21,18
2662,524,178,21,18
2663,526,175,21,18
2664,527,172,21,18
2665,528,169,21,18
2666,533,169,21,18
2667,542,174,21,18
2668,548,175,21,18
2669,539,163,21,18
2670,547,155,21,18
2671,555,151,21,18
2672,564,146,21,18
2673,574,144,21,18
2674,578,141,21,18
2675,581,140,21,18
2676,584,138,21,18
2677,586,133,21,18
2678,590,130,21,18
2679,595,129,21,18
2680,597,128,21,18
2681,460,166,21,18
2682,469,176,21,18
2683,459,169,21,18
2684,472,177,21,18
2685,461,184,21,18
2686,474,194,21,18
2687,495,195,21,18
2688,474,118,21,18
2689,481,120,21,18
2690,488,121,21,18
2691,495,122,21,18
2692,503,122,21,18
2693,512,124,21,18
2694,523,122,21,18
2695,351,168,21,18
2696,356,172,21,18
2697,350,179,21,18
2698,349,182,21,18
2699,346,185,21,18
2700,344,185,21,18
2701,340,185,21,18
2702,334,188,21,18
2703,349,189,21,18
2704,341,197,21,18
2705,335,199,21,18
2706,328,200,21,18
2707,324,201,21,18
2708,320,203,21,18
2709,318,208,21,18
2710,361,205,21,18
2711,343,194,21,18
2712,357,198,21,18
2713,348,205,21,18
2714,338,208,21,18
2715,349,211,21,18
2716,357,214,21,18
2717,396,212,21,18
2718,401,211,21,18
2719,417,210,21,18
2720,410,211,21,18
2721,400,213,21,18
2722,384,213,21,18
2723,371,215,21,18
2724,351,217,21,18
2725,327,215,21,18
2726,302,214,21,18
2727,270,213,21,18
2728,272,213,21,18
2729,264,212,21,18
2730,266,212,21,18
2731,293,204,21,18
2732,282,204,21,18
2733,205,218,21,18
2734,203,220,21,18
2735,350,204,21,18
2736,338,208,21,18
2737,413,198,21,18
2738,405,198,21,18
2739,384,198,21,18
2740,426,184,21,18
2741,406,186,21,18
2742,417,186,21,18
2743,413,186,21,18
2744,389,189,21,18
2745,391,189,21,18
2746,360,195,21,18
2747,368,198,21,18
2748,381,201,21,18
2749,389,201,21,18
2750,472,220,21,18
2751,476,219,21,18
2752,475,218,21,18
2753,476,216,21,18
2754,478,215,21,18
2755,478,216,21,18
2756,478,216,21,18
2757,482,213,21,18
2758,484,206,21,18
2759,482,207,21,18
2760,489,207,21,18
2761,476,209,21,18
2762,480,209,21,18
2763,476,208,21,18
2764,466,209,21,18
2765,472,206,21,18
2766,473,207,21,18
2767,475,208,21,18
2768,476,209,21,18
2769,480,206,21,18
2770,458,207,21,18
2771,462,206,21,18
2772,454,208,21,18
2773,460,210,21,18
2774,463,211,21,18
2775,474,208,21,18
2776,474,206,21,18
2777,480,204,21,18
2778,483,202,21,18
2779,489,201,21,18
2780,484,199,21,18
2781,487,196,21,18
2782,494,191,21,18
2783,495,191,21,18
2784,495,194,21,18
2785,500,194,21,18
2786,502,193,21,18
2787,501,192,21,18
2788,490,195,21,18
2789,496,195,21,18
2790,493,195,21,18
2791,498,193,21,18
2792,496,193,21,18
2793,500,193,21,18
2794,478,198,21,18
2795,477,198,21,18
2796,474,198,21,18
2797,477,198,21,18
2798,478,199,21,18
2799,478,199,21,18
2800,483,198,21,18
2801,486,199,21,18
2802,510,195,21,18
2803,489,199,21,18
2804,464,203,21,18
2805,472,202,21,18
2806,474,204,21,18
2807,489,207,21,18
2808,488,210,21,18
2809,467,210,21,18
2810,474,202,21,18
2811,474,197,21,18
2812,456,197,21,18
2813,465,196,21,18
2814,485,196,21,18
2815,493,199,21,18
2816,491,201,21,18
2817,494,199,21,18
2818,494,196,21,18
2819,505,193,21,18
2820,504,193,21,18
2821,505,192,21,18
2822,505,189,21,18
2823,508,184,21,18
2824,505,182,21,18
2825,482,187,21,18
2826,479,190,21,18
2827,470,190,21,18
2828,468,190,21,18
2829,466,188,21,18
2830,440,194,21,18
2831,437,194,21,18
2832,432,197,21,18
2833,432,194,21,18
2834,444,189,21,18
2835,426,184,21,18
2836,396,184,21,18
2837,376,187,21,18
2838,374,189,21,18
2839,371,189,21,18
2840,369,187,21,18
2841,357,187,21,18
2842,325,189,21,18
2843,302,192,21,18
2844,322,184,21,18
2845,307,188,21,18
2846,308,184,21,18
2847,305,187,21,18
2848,292,190,21,18
2849,292,187,21,18
2850,281,184,21,18
2851,252,186,21,18
2852,268,178,21,18
2853,270,176,21,18
2854,278,176,21,18
2855,261,184,21,18
2856,269,186,21,18
2857,282,186,21,18
2858,284,185,21,18
2859,270,187,21,18
2860,251,185,21,18
2861,242,181,21,18
2862,233,179,21,18
2863,213,175,21,18
2864,210,169,21,18
2865,209,160,21,18
2866,194,156,21,18
2867,177,155,21,18
2868,163,156,21,18
2869,186,149,21,18
2870,169,149,21,18
2871,151,151,21,18
2872,137,147,21,18
2873,115,146,21,18
2874,105,144,21,18
2875,91,144,21,18
2876,78,146,21,18
2877,69,146,21,18
2878,67,141,21,18
2879,71,137,21,18
2880,70,138,21,18
2881,71,139,21,18
2882,68,137,21,18
2883,78,129,21,18
2884,70,127,21,18
2885,68,127,21,18
2886,63,130,21,18
2887,58,136,21,18
2888,57,138,21,18
2889,59,137,21,18
2890,50,142,21,18
2891,52,143,21,18
2892,49,147,21,18
2893,43,152,21,18
2894,39,157,21,18
2895,37,156,21,18
2896,52,155,21,18
2897,49,165,21,18
2898,73,170,21,18
2899,21,196,21,18
2900,69,195,21,18
2901,254,218,21,18
2902,256,215,21,18
2903,228,212,21,18
2904,228,215,21,18
2905,227,217,21,18
2906,0,63,21,18
2907,15,60,21,18
2908,56,58,21,18
2909,64,59,21,18
2910,50,56,21,18
2911,43,53,21,18
2912,36,44,21,18
2913,32,39,21,18
2914,134,31,21,18
2915,377,25,21,18
2916,353,17,21,18
2917,489,9,21,18
2918,491,7,21,18
2919,559,30,21,18
2920,489,37,21,18
2921,497,40,21,18
2922,513,36,21,18
2923,530,33,21,18
2924,542,26,21,18
2925,573,7,21,18
2926,581,11,21,18
2927,582,9,21,18
2928,584,55,21,18
2929,420,136,21,18
2930,424,134,21,18
2931,429,134,21,18
2932,434,132,21,18
2933,439,130,21,18
2934,444,126,21,18
2935,449,124,21,18
2936,453,122,21,18
2937,538,83,21,18
2938,547,88,21,18
2939,538,88,21,18
2940,421,105,21,18
2941,424,103,21,18
2942,427,98,21,18
2943,428,96,21,18
2944,433,92,21,18
2945,438,89,21,18
2946,443,86,21,18
2947,448,82,21,18
2948,452,76,21,18
2949,457,72,21,18
2950,463,68,21,18
2951,469,63,21,18
2952,475,59,21,18
2953,481,54,21,18
2954,486,50,21,18
2955,493,45,21,18
2956,500,40,21,18
2957,496,38,21,18
2958,490,33,21,18
2959,474,34,21,18
2960,475,30,21,18
2961,465,36,21,18
2962,472,33,21,18
2963,479,31,21,18
2964,489,29,21,18
2965,496,23,21,18
2966,486,28,21,18
2967,464,34,21,18
2968,467,28,21,18
2969,472,25,21,18
2970,477,25,21,18
2971,482,23,21,18
2972,465,29,21,18
2973,451,33,21,18
2974,457,29,21,18
2975,462,26,21,18
2976,464,24,21,18
2977,465,21,21,18
2978,451,25,21,18
2979,452,23,21,18
2980,454,20,21,18
2981,454,19,21,18
2982,456,17,21,18
2983,456,14,21,18
2984,455,11,21,18
2985,459,8,21,18
2986,464,5,21,18
2987,451,10,21,18
2988,430,19,21,18
2989,433,17,21,18
2990,435,13,21,18
2991,435,11,21,18
2992,436,9,21,18
2993,438,11,21,18
2994,440,14,21,18
2995,439,11,21,18
2996,424,9,21,18
2997,416,9,21,18
2998,409,11,21,18
2999,402,10,21,18
3000,404,9,21,18
3001,414,7,21,18
3002,416,5,21,18
3003,417,4,21,18
3004,109,174,21,18
3005,105,178,21,18
3006,105,178,21,18
3007,99,177,21,18
3008,99,170,21,18
3009,357,25,21,18
3010,357,24,21,18
3011,357,24,21,18
3012,358,24,21,18
3013,363,23,21,18
3014,362,21,21,18
3015,361,20,21,18
3016,361,17,21,18
3017,361,16,21,18
3018,362,18,21,18
3019,362,19,21,18
3020,361,19,21,18
3021,361,18,21,18
3022,362,18,21,18
3023,362,20,21,18
3024,362,23,21,18
3025,357,29,21,18
3026,353,37,21,18
3027,352,45,21,18
3028,353,51,21,18
3029,353,52,21,18
3030,353,50,21,18
3031,355,49,21,18
3032,356,45,21,18
3033,345,42,21,18
3034,344,39,21,18
3035,350,41,21,18
3036,349,44,21,18
3037,354,45,21,18
3038,353,53,21,18
3039,360,55,21,18
3040,360,55,21,18
3041,359,55,21,18
3042,359,58,21,18
3043,360,61,21,18
3044,360,62,21,18
3045,361,60,21,18
3046,363,57,21,18
3047,365,51,21,18
3048,367,48,21,18
3049,370,47,21,18
3050,374,44,21,18
3051,376,42,21,18
3052,380,41,21,18
3053,385,39,21,18
3054,382,41,21,18
3055,387,41,21,18
3056,393,44,21,18
3057,390,55,21,18
3058,395,58,21,18
3059,397,59,21,18
3060,398,57,21,18
3061,399,54,21,18
3062,391,61,21,18
3063,384,66,21,18
3064,384,66,21,18
3065,376,65,21,18
3066,367,59,21,18
3067,372,63,21,18
3068,376,64,21,18
3069,380,66,21,18
3070,382,68,21,18
3071,377,61,21,18
3072,369,61,21,18
3073,369,53,21,18
3074,348,57,21,18
3075,346,48,21,18
3076,343,48,21,18
3077,340,46,21,18
3078,335,47,21,18
3079,329,46,21,18
3080,324,48,21,18
3081,319,51,21,18
3082,314,50,21,18
3083,309,53,21,18
3084,307,53,21,18
3085,305,54,21,18
3086,304,53,21,18
3087,304,60,21,18
3088,307,66,21,18
3089,311,74,21,18
3090,314,78,21,18
