14-LongDuration 10
140,16,114,46,110
141,16,114,46,110
142,22,114,46,110
143,25,114,46,110
144,25,114,46,110
145,31,114,46,110
146,31,114,46,110
147,37,100,46,110
148,37,100,46,110
149,44,99,46,110
150,48,99,46,110
151,48,99,46,110
152,55,99,46,110
153,58,100,46,110
154,58,100,46,110
155,65,98,46,110
156,65,98,46,110
157,71,97,46,110
158,74,96,46,110
159,74,96,46,110
160,80,96,46,110
161,80,96,46,110
162,86,97,46,110
163,86,97,46,110
164,94,96,46,110
165,98,95,46,110
166,98,95,46,110
167,106,95,46,110
168,106,95,46,110
169,113,94,46,110
170,116,93,46,110
171,116,93,46,110
172,122,94,46,110
173,122,94,46,110
174,128,96,46,110
175,131,97,46,110
176,131,97,46,110
177,138,97,46,110
178,141,96,46,110
179,141,96,46,110
180,149,96,46,110
181,149,96,46,110
182,149,96,46,110
183,159,88,46,110
184,162,86,46,110
185,165,85,46,110
186,165,85,46,110
187,165,85,46,110
188,165,85,46,110
189,165,85,46,110
190,179,85,46,110
191,182,84,46,110
192,182,84,46,110
193,189,79,46,110
194,189,79,46,110
195,197,79,46,110
196,197,79,46,110
197,203,75,46,110
198,206,75,46,110
199,206,75,46,110
200,212,75,46,110
201,215,75,46,110
202,218,75,46,110
203,218,75,46,110
204,224,76,46,110
205,224,76,46,110
206,230,77,46,110
207,233,77,46,110
208,233,77,46,110
209,233,77,46,110
210,243,78,46,110
211,246,77,46,110
212,249,76,46,110
213,252,75,46,110
214,252,75,46,110
215,258,75,46,110
216,258,75,46,110
217,264,76,46,110
218,267,77,46,110
219,267,77,46,110
220,274,78,46,110
221,274,78,46,110
222,281,80,46,110
223,281,80,46,110
224,288,80,46,110
225,291,80,46,110
226,291,80,46,110
227,297,80,46,110
228,300,80,46,110
229,300,80,46,110
230,306,81,46,110
231,306,81,46,110
232,312,82,46,110
233,312,82,46,110
234,318,84,46,110
235,321,85,46,110
236,321,85,46,110
237,327,86,46,110
238,330,86,46,110
239,330,86,46,110
240,330,86,46,110
241,330,86,46,110
242,330,86,46,110
243,344,86,46,110
244,347,86,46,110
245,347,86,46,110
246,347,86,46,110
247,355,87,46,110
248,358,89,46,110
249,361,90,46,110
250,361,90,46,110
251,361,90,46,110
252,361,90,46,110
253,374,92,46,110
254,377,93,46,110
255,379,93,46,110
256,381,93,46,110
257,383,93,46,110
258,385,93,46,110
259,385,93,46,110
260,385,93,46,110
261,391,95,46,110
262,393,96,46,110
263,395,96,46,110
264,395,96,46,110
265,400,97,46,110
266,400,97,46,110
267,405,98,46,110
268,407,98,46,110
269,407,98,46,110
270,411,98,46,110
271,411,98,46,110
272,415,98,46,110
273,416,98,46,110
274,416,97,46,110
275,419,98,46,110
276,419,98,46,110
277,423,100,46,110
278,423,101,46,110
279,427,103,46,110
280,428,103,46,110
281,428,103,46,110
282,432,104,46,110
283,432,104,46,110
284,435,104,46,110
285,436,104,46,110
286,436,104,46,110
287,437,104,46,110
288,438,104,46,110
289,438,104,46,110
290,439,104,46,110
291,439,104,46,110
292,439,104,46,110
293,439,104,46,110
294,439,104,46,110
295,439,104,46,110
296,439,104,46,110
297,439,104,46,110
298,439,104,46,110
299,439,104,46,110
300,439,104,46,110
301,438,104,46,110
302,438,104,46,110
303,438,104,46,110
304,438,104,46,110
305,438,104,46,110
306,438,104,46,110
307,438,104,46,110
308,438,104,46,110
309,438,104,46,110
310,438,104,46,110
311,438,104,46,110
312,438,104,46,110
313,438,104,46,110
314,438,104,46,110
315,438,104,46,110
316,438,104,46,110
317,438,104,46,110
318,438,104,46,110
319,438,104,46,110
320,438,104,46,110
321,438,104,46,110
322,438,104,46,110
323,437,104,46,110
324,437,104,46,110
325,437,104,46,110
326,437,104,46,110
327,437,104,46,110
328,437,104,46,110
329,437,104,46,110
330,437,104,46,110
331,437,104,46,110
332,437,104,46,110
333,437,104,46,110
334,437,104,46,110
335,437,104,46,110
336,437,104,46,110
337,437,104,46,110
338,437,104,46,110
339,437,104,46,110
340,437,104,46,110
341,437,104,46,110
342,437,104,46,110
343,437,104,46,110
344,437,104,46,110
345,437,104,46,110
346,437,104,46,110
347,437,104,46,110
348,437,104,46,110
349,437,104,46,110
350,437,104,46,110
351,437,104,46,110
352,437,104,46,110
353,437,104,46,110
354,437,104,46,110
355,437,104,46,110
356,437,104,46,110
357,437,104,46,110
358,437,104,46,110
359,437,104,46,110
360,437,104,46,110
361,437,104,46,110
362,437,104,46,110
363,437,104,46,110
364,437,104,46,110
365,437,104,46,110
366,437,104,46,110
367,437,104,46,110
368,437,104,46,110
369,437,104,46,110
370,437,104,46,110
371,437,104,46,110
372,437,104,46,110
373,437,104,46,110
374,437,104,46,110
375,437,104,46,110
376,437,104,46,110
377,437,104,46,110
378,437,104,46,110
379,437,104,46,110
380,437,104,46,110
381,437,104,46,110
382,437,104,46,110
383,437,104,46,110
384,437,104,46,110
385,437,104,46,110
386,437,104,46,110
387,437,104,46,110
388,437,104,46,110
389,437,104,46,110
390,437,104,46,110
391,437,104,46,110
392,437,104,46,110
393,437,104,46,110
394,437,104,46,110
395,437,104,46,110
396,437,104,46,110
397,437,104,46,110
398,437,104,46,110
399,437,104,46,110
400,437,104,46,110
401,437,104,46,110
402,437,104,46,110
403,437,104,46,110
404,437,104,46,110
405,437,104,46,110
406,437,104,46,110
407,437,104,46,110
408,437,104,46,110
409,437,104,46,110
410,437,104,46,110
411,437,104,46,110
412,437,104,46,110
413,437,104,46,110
414,437,104,46,110
415,437,104,46,110
416,437,104,46,110
417,437,104,46,110
418,437,104,46,110
419,437,104,46,110
420,437,104,46,110
421,437,104,46,110
422,437,104,46,110
423,437,104,46,110
424,437,104,46,110
425,437,104,46,110
426,437,104,46,110
427,437,104,46,110
428,437,104,46,110
429,437,104,46,110
430,437,104,46,110
431,437,104,46,110
432,437,104,46,110
433,437,104,46,110
434,436,104,46,110
435,436,104,46,110
436,436,104,46,110
437,436,104,46,110
438,436,104,46,110
439,436,104,46,110
440,436,104,46,110
441,436,104,46,110
442,436,104,46,110
443,436,104,46,110
444,436,104,46,110
445,436,104,46,110
446,436,104,46,110
447,436,104,46,110
448,436,104,46,110
449,436,104,46,110
450,436,104,46,110
451,436,104,46,110
452,437,104,46,110
453,437,104,46,110
454,437,104,46,110
455,437,104,46,110
456,437,104,46,110
457,437,104,46,110
458,437,104,46,110
459,437,104,46,110
460,437,104,46,110
461,437,104,46,110
462,437,104,46,110
463,437,104,46,110
464,437,104,46,110
465,437,104,46,110
466,437,104,46,110
467,437,104,46,110
468,437,104,46,110
469,437,104,46,110
470,437,104,46,110
471,437,104,46,110
472,437,104,46,110
473,437,104,46,110
474,437,104,46,110
475,437,104,46,110
476,437,104,46,110
477,437,104,46,110
478,437,104,46,110
479,437,104,46,110
480,437,104,46,110
481,437,104,46,110
482,437,104,46,110
483,437,104,46,110
484,437,104,46,110
485,437,104,46,110
486,437,104,46,110
487,437,104,46,110
488,437,104,46,110
489,437,104,46,110
490,437,104,46,110
491,437,104,46,110
492,437,104,46,110
493,437,104,46,110
494,437,104,46,110
495,437,104,46,110
496,437,104,46,110
497,437,104,46,110
498,437,104,46,110
499,437,104,46,110
500,437,104,46,110
501,437,104,46,110
502,437,104,46,110
503,437,104,46,110
504,437,104,46,110
505,437,104,46,110
506,437,104,46,110
507,437,104,46,110
508,437,104,46,110
509,437,104,46,110
510,437,104,46,110
511,437,104,46,110
512,437,104,46,110
513,437,104,46,110
514,437,104,46,110
515,437,104,46,110
516,437,104,46,110
517,437,104,46,110
518,437,104,46,110
519,437,104,46,110
520,437,104,46,110
521,437,104,46,110
522,437,104,46,110
523,437,104,46,110
524,437,104,46,110
525,437,104,46,110
526,437,104,46,110
527,437,104,46,110
528,437,104,46,110
529,437,104,46,110
530,437,104,46,110
531,437,104,46,110
532,437,104,46,110
533,437,104,46,110
534,437,104,46,110
535,437,104,46,110
536,437,104,46,110
537,437,104,46,110
538,437,104,46,110
539,437,104,46,110
540,437,104,46,110
541,437,104,46,110
542,437,104,46,110
543,437,104,46,110
544,437,104,46,110
545,437,104,46,110
546,437,104,46,110
547,437,104,46,110
548,437,104,46,110
549,437,104,46,110
550,437,104,46,110
551,437,104,46,110
552,437,104,46,110
553,437,104,46,110
554,437,104,46,110
555,437,104,46,110
556,437,104,46,110
557,437,104,46,110
558,437,104,46,110
559,437,104,46,110
560,437,104,46,110
561,437,104,46,110
562,437,104,46,110
563,437,104,46,110
564,437,104,46,110
565,437,104,46,110
566,437,104,46,110
567,437,104,46,110
568,437,104,46,110
569,437,104,46,110
570,437,104,46,110
571,437,104,46,110
572,286,89,46,110
573,286,89,46,110
574,286,89,46,110
575,286,89,46,110
576,286,89,46,110
577,286,89,46,110
578,286,89,46,110
579,286,89,46,110
580,286,89,46,110
581,286,89,46,110
582,286,89,46,110
583,286,89,46,110
584,286,89,46,110
585,286,89,46,110
586,286,89,46,110
587,286,89,46,110
588,286,89,46,110
589,286,89,46,110
590,286,89,46,110
591,286,89,46,110
592,286,89,46,110
593,286,89,46,110
594,286,89,46,110
595,286,89,46,110
596,286,89,46,110
597,286,89,46,110
598,286,89,46,110
599,286,89,46,110
600,286,89,46,110
601,286,89,46,110
602,286,89,46,110
603,286,89,46,110
604,286,89,46,110
605,286,89,46,110
606,286,89,46,110
607,286,89,46,110
608,286,89,46,110
609,286,89,46,110
610,286,89,46,110
611,286,89,46,110
612,286,89,46,110
613,286,89,46,110
614,286,89,46,110
615,286,89,46,110
616,286,89,46,110
617,286,89,46,110
618,286,89,46,110
619,286,89,46,110
620,286,89,46,110
621,286,89,46,110
622,286,89,46,110
623,286,89,46,110
624,286,89,46,110
625,286,89,46,110
626,286,89,46,110
627,286,89,46,110
628,286,89,46,110
629,286,89,46,110
630,286,89,46,110
631,286,89,46,110
632,286,89,46,110
633,286,89,46,110
634,286,89,46,110
635,286,89,46,110
636,286,89,46,110
637,286,89,46,110
638,286,89,46,110
639,286,89,46,110
640,286,89,46,110
641,286,89,46,110
642,286,89,46,110
643,286,89,46,110
644,286,89,46,110
645,286,89,46,110
646,286,89,46,110
647,286,89,46,110
648,286,89,46,110
649,286,89,46,110
650,286,89,46,110
651,286,89,46,110
652,286,89,46,110
653,286,89,46,110
654,286,89,46,110
655,286,89,46,110
656,286,89,46,110
657,286,89,46,110
658,286,89,46,110
659,286,89,46,110
660,286,89,46,110
661,286,89,46,110
662,286,89,46,110
663,286,89,46,110
664,286,89,46,110
665,286,89,46,110
666,286,89,46,110
667,286,89,46,110
668,286,89,46,110
669,286,89,46,110
670,286,89,46,110
671,286,89,46,110
672,286,89,46,110
673,286,89,46,110
674,286,89,46,110
675,286,89,46,110
676,286,89,46,110
677,286,89,46,110
678,286,89,46,110
679,286,89,46,110
680,286,89,46,110
681,286,89,46,110
682,286,89,46,110
683,286,89,46,110
684,286,89,46,110
685,286,89,46,110
686,286,89,46,110
687,286,89,46,110
688,286,89,46,110
689,286,89,46,110
690,286,89,46,110
691,286,89,46,110
692,286,89,46,110
693,286,89,46,110
694,286,89,46,110
695,286,89,46,110
696,286,89,46,110
697,286,89,46,110
698,286,89,46,110
699,286,89,46,110
700,286,89,46,110
701,286,89,46,110
702,286,89,46,110
703,286,89,46,110
704,286,89,46,110
705,286,89,46,110
706,286,89,46,110
707,286,89,46,110
708,286,89,46,110
709,286,89,46,110
710,286,89,46,110
711,286,89,46,110
712,286,89,46,110
713,286,89,46,110
714,286,89,46,110
715,286,89,46,110
716,286,89,46,110
717,286,89,46,110
718,286,89,46,110
719,286,89,46,110
720,286,89,46,110
721,286,89,46,110
722,286,89,46,110
723,286,89,46,110
724,286,89,46,110
725,286,89,46,110
726,286,89,46,110
727,286,89,46,110
728,286,89,46,110
729,286,89,46,110
730,286,89,46,110
731,286,89,46,110
732,286,89,46,110
733,286,89,46,110
734,286,89,46,110
735,286,89,46,110
736,286,89,46,110
737,286,89,46,110
738,286,89,46,110
739,286,89,46,110
740,286,89,46,110
741,286,89,46,110
742,286,89,46,110
743,286,89,46,110
744,286,89,46,110
745,286,89,46,110
746,286,89,46,110
747,286,89,46,110
748,286,89,46,110
749,286,89,46,110
750,286,89,46,110
751,286,89,46,110
752,286,89,46,110
753,286,89,46,110
754,286,89,46,110
755,286,89,46,110
756,286,89,46,110
757,286,89,46,110
758,286,89,46,110
759,286,89,46,110
760,286,89,46,110
761,286,89,46,110
762,286,89,46,110
763,286,89,46,110
764,286,89,46,110
765,286,90,46,110
766,286,90,46,110
767,286,90,46,110
768,286,90,46,110
769,286,90,46,110
770,286,90,46,110
771,286,90,46,110
772,286,90,46,110
773,286,90,46,110
774,286,90,46,110
775,286,90,46,110
776,286,90,46,110
777,286,90,46,110
778,286,90,46,110
779,286,90,46,110
780,286,90,46,110
781,286,90,46,110
782,286,90,46,110
783,286,90,46,110
784,286,90,46,110
785,286,90,46,110
786,286,90,46,110
787,286,90,46,110
788,286,90,46,110
789,286,90,46,110
790,286,90,46,110
791,286,90,46,110
792,286,90,46,110
793,286,90,46,110
794,286,90,46,110
795,286,90,46,110
796,286,90,46,110
797,286,90,46,110
798,286,90,46,110
799,286,90,46,110
800,286,90,46,110
801,286,90,46,110
802,286,90,46,110
803,286,90,46,110
804,286,90,46,110
805,286,90,46,110
806,286,90,46,110
807,286,90,46,110
808,286,90,46,110
809,286,90,46,110
810,286,90,46,110
811,286,90,46,110
812,286,90,46,110
813,286,90,46,110
814,286,90,46,110
815,286,90,46,110
816,286,90,46,110
817,286,90,46,110
818,286,90,46,110
819,286,90,46,110
820,286,90,46,110
821,286,90,46,110
822,286,90,46,110
823,286,90,46,110
824,286,90,46,110
825,286,90,46,110
826,286,90,46,110
827,286,90,46,110
828,286,90,46,110
829,286,90,46,110
830,286,90,46,110
831,286,90,46,110
832,286,90,46,110
833,286,90,46,110
834,286,90,46,110
835,286,90,46,110
836,286,90,46,110
837,286,90,46,110
838,286,90,46,110
839,286,90,46,110
840,286,90,46,110
841,286,90,46,110
842,286,90,46,110
843,286,90,46,110
844,286,90,46,110
845,286,90,46,110
846,286,90,46,110
847,286,90,46,110
848,286,90,46,110
849,286,90,46,110
850,286,90,46,110
851,286,90,46,110
852,286,90,46,110
853,286,90,46,110
854,286,90,46,110
855,286,90,46,110
856,286,90,46,110
857,286,90,46,110
858,286,90,46,110
859,286,90,46,110
860,286,90,46,110
861,286,90,46,110
862,286,90,46,110
863,286,90,46,110
864,286,90,46,110
865,286,90,46,110
866,286,90,46,110
867,286,90,46,110
868,286,90,46,110
869,286,90,46,110
870,286,90,46,110
871,286,90,46,110
872,286,90,46,110
873,286,90,46,110
874,286,90,46,110
875,286,90,46,110
876,286,90,46,110
877,286,90,46,110
878,286,90,46,110
879,286,90,46,110
880,286,90,46,110
881,286,90,46,110
882,286,90,46,110
883,286,90,46,110
884,286,90,46,110
885,286,90,46,110
886,286,90,46,110
887,286,90,46,110
888,286,90,46,110
889,286,90,46,110
890,286,90,46,110
891,286,90,46,110
892,286,90,46,110
893,286,90,46,110
894,286,90,46,110
895,287,90,46,110
896,287,90,46,110
897,287,90,46,110
898,287,90,46,110
899,287,90,46,110
900,287,90,46,110
901,287,90,46,110
902,287,90,46,110
903,287,90,46,110
904,287,90,46,110
905,287,90,46,110
906,287,90,46,110
907,287,90,46,110
908,287,90,46,110
909,287,90,46,110
910,287,90,46,110
911,287,90,46,110
912,287,90,46,110
913,287,90,46,110
914,287,90,46,110
915,287,90,46,110
916,287,90,46,110
917,287,90,46,110
918,287,90,46,110
919,287,90,46,110
920,287,90,46,110
921,287,90,46,110
922,287,90,46,110
923,287,90,46,110
924,287,90,46,110
925,287,90,46,110
926,287,90,46,110
927,287,90,46,110
928,287,90,46,110
929,287,90,46,110
930,286,90,46,110
931,286,90,46,110
932,281,90,46,110
933,281,90,46,110
934,281,90,46,110
935,277,89,46,110
936,277,89,46,110
937,277,89,46,110
938,270,89,46,110
939,268,89,46,110
940,268,89,46,110
941,268,89,46,110
942,260,88,46,110
943,259,88,46,110
944,259,88,46,110
945,259,88,46,110
946,259,88,46,110
947,258,88,46,110
948,258,88,46,110
949,254,91,46,110
950,253,91,46,110
951,253,91,46,110
952,251,91,46,110
953,251,91,46,110
954,247,87,46,110
955,247,87,46,110
956,247,87,46,110
957,240,86,46,110
958,238,86,46,110
959,238,86,46,110
960,238,86,46,110
961,232,85,46,110
962,232,85,46,110
963,231,85,46,110
964,230,85,46,110
965,229,85,46,110
966,228,85,46,110
967,228,85,46,110
968,228,85,46,110
969,226,87,46,110
970,225,87,46,110
971,225,87,46,110
972,225,87,46,110
973,225,87,46,110
974,221,90,46,110
975,220,90,46,110
976,220,90,46,110
977,219,90,46,110
978,218,90,46,110
979,217,90,46,110
980,216,90,46,110
981,215,90,46,110
982,214,90,46,110
983,213,90,46,110
984,213,90,46,110
985,211,91,46,110
986,211,91,46,110
987,211,91,46,110
988,208,93,46,110
989,207,93,46,110
990,207,93,46,110
991,204,95,46,110
992,202,96,46,110
993,200,96,46,110
994,200,96,46,110
995,197,97,46,110
996,197,97,46,110
997,197,97,46,110
998,192,97,46,110
999,191,97,46,110
1000,191,97,46,110
1001,188,98,46,110
1002,187,98,46,110
1003,186,98,46,110
1004,186,98,46,110
1005,186,98,46,110
1006,186,98,46,110
1007,186,98,46,110
1008,181,103,46,110
1009,180,103,46,110
1010,180,103,46,110
1011,178,104,46,110
1012,178,104,46,110
1013,176,105,46,110
1014,175,105,46,110
1015,174,105,46,110
1016,174,105,46,110
1017,172,106,46,110
1018,172,106,46,110
1019,172,106,46,110
1020,169,108,46,110
1021,168,108,46,110
1022,168,108,46,110
1023,168,108,46,110
1024,165,110,46,110
1025,165,110,46,110
1026,165,110,46,110
1027,160,111,46,110
1028,159,111,46,110
1029,159,111,46,110
1030,157,112,46,110
1031,157,112,46,110
1032,156,112,46,110
1033,156,112,46,110
1034,155,112,46,110
1035,155,112,46,110
1036,155,112,46,110
1037,155,113,46,110
1038,155,113,46,110
1039,156,114,46,110
1040,156,114,46,110
1041,156,114,46,110
1042,158,115,46,110
1043,159,115,46,110
1044,159,115,46,110
1045,161,115,46,110
1046,161,115,46,110
1047,163,115,46,110
1048,164,115,46,110
1049,164,115,46,110
1050,166,115,46,110
1051,166,115,46,110
1052,168,115,46,110
1053,168,115,46,110
1054,170,115,46,110
1055,171,115,46,110
1056,171,115,46,110
1057,174,117,46,110
1058,175,117,46,110
1059,175,117,46,110
1060,178,119,46,110
1061,178,119,46,110
1062,181,119,46,110
1063,183,119,46,110
1064,183,119,46,110
1065,187,119,46,110
1066,187,119,46,110
1067,191,119,46,110
1068,191,119,46,110
1069,195,119,46,110
1070,195,119,46,110
1071,199,120,46,110
1072,201,120,46,110
1073,201,120,46,110
1074,201,120,46,110
1075,208,121,46,110
1076,208,121,46,110
1077,214,121,46,110
1078,217,121,46,110
1079,217,121,46,110
1080,223,121,46,110
1081,223,121,46,110
1082,228,121,46,110
1083,228,121,46,110
1084,233,121,46,110
1085,233,121,46,110
1086,233,121,46,110
1087,240,122,46,110
1088,242,122,46,110
1089,242,122,46,110
1090,247,124,46,110
1091,247,124,46,110
1092,252,126,46,110
1093,254,126,46,110
1094,254,126,46,110
1095,259,127,46,110
1096,259,127,46,110
1097,259,127,46,110
1098,267,127,46,110
1099,269,127,46,110
1100,269,127,46,110
1101,269,127,46,110
1102,269,127,46,110
1103,278,127,46,110
1104,278,127,46,110
1105,282,127,46,110
1106,282,127,46,110
1107,287,128,46,110
1108,290,129,46,110
1109,290,129,46,110
1110,296,130,46,110
1111,296,130,46,110
1112,296,130,46,110
1113,305,129,46,110
1114,308,129,46,110
1115,311,129,46,110
1116,311,129,46,110
1117,316,129,46,110
1118,316,129,46,110
1119,321,130,46,110
1120,323,130,46,110
1121,323,130,46,110
1122,328,131,46,110
1123,328,131,46,110
1124,333,132,46,110
1125,333,133,46,110
1126,338,134,46,110
1127,341,134,46,110
1128,344,134,46,110
1129,344,134,46,110
1130,350,135,46,110
1131,350,135,46,110
1132,350,135,46,110
1133,358,135,46,110
1134,358,135,46,110
1135,363,135,46,110
1136,365,136,46,110
1137,367,136,46,110
1138,369,136,46,110
1139,369,136,46,110
1140,374,137,46,110
1141,374,137,46,110
1142,379,138,46,110
1143,379,138,46,110
1144,379,138,46,110
1145,387,139,46,110
1146,387,139,46,110
1147,393,139,46,110
1148,396,139,46,110
1149,396,139,46,110
1150,401,139,46,110
1151,401,139,46,110
1152,405,138,46,110
1153,405,138,46,110
1154,409,138,46,110
1155,410,138,46,110
1156,410,138,46,110
1157,414,139,46,110
1158,414,139,46,110
1159,418,140,46,110
1160,419,140,46,110
1161,419,140,46,110
1162,423,140,46,110
1163,425,140,46,110
1164,425,140,46,110
1165,430,140,46,110
1166,430,140,46,110
1167,434,139,46,110
1168,434,139,46,110
1169,438,138,46,110
1170,439,138,46,110
1171,439,138,46,110
1172,440,138,46,110
1173,440,138,46,110
1174,441,138,46,110
1175,442,138,46,110
1176,442,138,46,110
1177,443,138,46,110
1178,443,138,46,110
1179,444,138,46,110
1180,444,138,46,110
1181,444,138,46,110
1182,444,138,46,110
1183,444,138,46,110
1184,444,138,46,110
1185,444,138,46,110
1186,444,138,46,110
1187,444,138,46,110
1188,444,138,46,110
1189,444,138,46,110
1190,444,138,46,110
1191,444,138,46,110
1192,444,138,46,110
1193,444,137,46,110
1194,444,137,46,110
1195,444,137,46,110
1196,444,137,46,110
1197,444,137,46,110
1198,444,137,46,110
1199,444,137,46,110
1200,444,137,46,110
1201,444,137,46,110
1202,444,137,46,110
1203,444,137,46,110
1204,444,137,46,110
1205,444,137,46,110
1206,444,137,46,110
1207,443,137,46,110
1208,443,137,46,110
1209,443,137,46,110
1210,442,137,46,110
1211,442,137,46,110
1212,442,137,46,110
1213,440,137,46,110
1214,439,137,46,110
1215,439,137,46,110
1216,439,137,46,110
1217,434,136,46,110
1218,433,136,46,110
1219,433,136,46,110
1220,430,135,46,110
1221,430,135,46,110
1222,427,134,46,110
1223,426,134,46,110
1224,426,134,46,110
1225,423,133,46,110
1226,423,133,46,110
1227,423,133,46,110
1228,423,133,46,110
1229,417,132,46,110
1230,416,132,46,110
1231,416,132,46,110
1232,412,131,46,110
1233,410,131,46,110
1234,409,131,46,110
1235,409,131,46,110
1236,405,130,46,110
1237,405,130,46,110
1238,401,130,46,110
1239,401,130,46,110
1240,397,130,46,110
1241,397,130,46,110
1242,394,129,46,110
1243,393,129,46,110
1244,393,129,46,110
1245,389,130,46,110
1246,389,130,46,110
1247,384,130,46,110
1248,384,130,46,110
1249,379,130,46,110
1250,377,131,46,110
1251,377,131,46,110
1252,372,131,46,110
1253,370,131,46,110
1254,370,131,46,110
1255,366,130,46,110
1256,366,130,46,110
1257,362,129,46,110
1258,360,129,46,110
1259,360,129,46,110
1260,356,128,46,110
1261,356,128,46,110
1262,351,127,46,110
1263,348,126,46,110
1264,348,126,46,110
1265,342,125,46,110
1266,342,125,46,110
1267,337,124,46,110
1268,335,124,46,110
1269,335,124,46,110
1270,331,122,46,110
1271,331,122,46,110
1272,327,121,46,110
1273,327,121,46,110
1274,323,121,46,110
1275,321,121,46,110
1276,321,121,46,110
1277,317,121,46,110
1278,315,121,46,110
1279,315,121,46,110
1280,310,121,46,110
1281,310,121,46,110
1282,305,121,46,110
1283,302,122,46,110
1284,302,122,46,110
1285,297,122,46,110
1286,297,122,46,110
1287,293,122,46,110
1288,293,122,46,110
1289,289,122,46,110
1290,287,122,46,110
1291,287,122,46,110
1292,287,122,46,110
1293,287,122,46,110
1294,287,122,46,110
1295,278,110,46,110
1296,278,110,46,110
1297,273,108,46,110
1298,273,107,46,110
1299,268,106,46,110
1300,266,106,46,110
1301,266,106,46,110
1302,262,106,46,110
1303,262,107,46,110
1304,258,106,46,110
1305,256,106,46,110
1306,256,106,46,110
1307,256,106,46,110
1308,251,108,46,110
1309,249,109,46,110
1310,247,110,46,110
1311,247,110,46,110
1312,247,110,46,110
1313,242,113,46,110
1314,240,114,46,110
1315,240,114,46,110
1316,237,115,46,110
1317,237,115,46,110
1318,234,116,46,110
1319,234,116,46,110
1320,234,116,46,110
1321,230,117,46,110
1322,229,117,46,110
1323,229,117,46,110
1324,226,118,46,110
1325,225,118,46,110
1326,225,118,46,110
1327,225,118,46,110
1328,225,118,46,110
1329,219,122,46,110
1330,218,122,46,110
1331,216,122,46,110
1332,214,122,46,110
1333,214,122,46,110
1334,211,122,46,110
1335,210,122,46,110
1336,209,122,46,110
1337,208,122,46,110
1338,208,122,46,110
1339,208,122,46,110
1340,206,123,46,110
1341,206,123,46,110
1342,205,124,46,110
1343,205,124,46,110
1344,205,124,46,110
1345,204,126,46,110
1346,204,126,46,110
1347,204,126,46,110
1348,203,127,46,110
1349,203,127,46,110
1350,203,127,46,110
1351,203,127,46,110
1352,203,127,46,110
1353,203,127,46,110
1354,203,127,46,110
1355,203,127,46,110
1356,203,127,46,110
1357,203,127,46,110
1358,203,127,46,110
1359,203,127,46,110
1360,203,127,46,110
1361,202,128,46,110
1362,202,128,46,110
1363,202,128,46,110
1364,201,128,46,110
1365,201,128,46,110
1366,201,128,46,110
1367,201,128,46,110
1368,201,128,46,110
1369,201,128,46,110
1370,201,128,46,110
1371,201,128,46,110
1372,201,128,46,110
1373,201,128,46,110
1374,201,128,46,110
1375,201,128,46,110
1376,201,128,46,110
1377,202,132,46,110
1378,202,132,46,110
1379,203,132,46,110
1380,203,132,46,110
1381,203,132,46,110
1382,206,135,46,110
1383,207,135,46,110
1384,207,135,46,110
1385,207,135,46,110
1386,207,135,46,110
1387,212,136,46,110
1388,213,136,46,110
1389,213,136,46,110
1390,215,136,46,110
1391,215,136,46,110
1392,217,137,46,110
1393,218,137,46,110
1394,218,137,46,110
1395,220,139,46,110
1396,220,139,46,110
1397,222,141,46,110
1398,223,141,46,110
1399,223,141,46,110
1400,226,142,46,110
1401,226,142,46,110
1402,226,142,46,110
1403,231,143,46,110
1404,232,143,46,110
1405,233,143,46,110
1406,233,143,46,110
1407,237,144,46,110
1408,237,144,46,110
1409,241,145,46,110
1410,243,145,46,110
1411,243,145,46,110
1412,248,146,46,110
1413,250,146,46,110
1414,250,146,46,110
1415,256,146,46,110
1416,256,146,46,110
1417,262,146,46,110
1418,262,146,46,110
1419,267,146,46,110
1420,269,146,46,110
1421,269,146,46,110
1422,274,146,46,110
1423,274,146,46,110
1424,279,146,46,110
1425,281,146,46,110
1426,281,146,46,110
1427,287,146,46,110
1428,289,146,46,110
1429,289,146,46,110
1430,294,147,46,110
1431,294,147,46,110
1432,300,147,46,110
1433,300,147,46,110
1434,305,147,46,110
1435,307,147,46,110
1436,307,147,46,110
1437,312,147,46,110
1438,312,147,46,110
1439,317,147,46,110
1440,319,147,46,110
1441,319,147,46,110
1442,324,147,46,110
1443,324,147,46,110
1444,329,147,46,110
1445,329,147,46,110
1446,334,148,46,110
1447,337,148,46,110
1448,340,148,46,110
1449,340,148,46,110
1450,346,148,46,110
1451,346,148,46,110
1452,352,148,46,110
1453,352,148,46,110
1454,357,148,46,110
1455,359,148,46,110
1456,359,148,46,110
1457,359,148,46,110
1458,366,149,46,110
1459,366,149,46,110
1460,371,150,46,110
1461,371,150,46,110
1462,377,151,46,110
1463,380,151,46,110
1464,380,151,46,110
1465,386,151,46,110
1466,386,151,46,110
1467,392,151,46,110
1468,392,151,46,110
1469,397,151,46,110
1470,398,151,46,110
1471,398,151,46,110
1472,402,152,46,110
1473,402,152,46,110
1474,406,152,46,110
1475,407,152,46,110
1476,407,152,46,110
1477,411,152,46,110
1478,411,152,46,110
1479,411,152,46,110
1480,417,152,46,110
1481,419,152,46,110
1482,420,152,46,110
1483,421,152,46,110
1484,421,152,46,110
1485,424,150,46,110
1486,424,150,46,110
1487,424,150,46,110
1488,429,148,46,110
1489,430,147,46,110
1490,431,147,46,110
1491,431,147,46,110
1492,434,147,46,110
1493,434,147,46,110
1494,434,147,46,110
1495,439,147,46,110
1496,439,147,46,110
1497,443,148,46,110
1498,443,148,46,110
1499,447,147,46,110
1500,448,147,46,110
1501,448,147,46,110
1502,452,145,46,110
1503,453,145,46,110
1504,453,145,46,110
1505,456,143,46,110
1506,456,143,46,110
1507,458,142,46,110
1508,459,142,46,110
1509,459,142,46,110
1510,461,142,46,110
1511,461,142,46,110
1512,462,142,46,110
1513,462,142,46,110
1514,462,142,46,110
1515,463,142,46,110
1516,463,142,46,110
1517,463,142,46,110
1518,463,142,46,110
1519,463,142,46,110
1520,464,138,46,110
1521,464,138,46,110
1522,465,137,46,110
1523,465,137,46,110
1524,465,137,46,110
1525,465,137,46,110
1526,465,137,46,110
1527,465,137,46,110
1528,465,137,46,110
1529,465,137,46,110
1530,465,137,46,110
1531,465,137,46,110
1532,465,137,46,110
1533,465,137,46,110
1534,465,137,46,110
1535,465,137,46,110
1536,465,132,46,110
1537,465,132,46,110
1538,465,132,46,110
1539,465,132,46,110
1540,465,132,46,110
1541,464,131,46,110
1542,464,131,46,110
1543,464,131,46,110
1544,464,131,46,110
1545,464,131,46,110
1546,461,131,46,110
1547,460,131,46,110
1548,460,131,46,110
1549,458,130,46,110
1550,458,130,46,110
1551,458,130,46,110
1552,454,128,46,110
1553,453,128,46,110
1554,453,127,46,110
1555,451,126,46,110
1556,450,126,46,110
1557,450,126,46,110
1558,450,126,46,110
1559,447,124,46,110
1560,446,124,46,110
1561,446,123,46,110
1562,444,123,46,110
1563,443,123,46,110
1564,442,123,46,110
1565,441,123,46,110
1566,441,123,46,110
1567,438,121,46,110
1568,438,121,46,110
1569,436,120,46,110
1570,436,120,46,110
1571,433,118,46,110
1572,433,118,46,110
1573,430,117,46,110
1574,429,117,46,110
1575,429,117,46,110
1576,429,117,46,110
1577,429,117,46,110
1578,423,117,46,110
1579,423,117,46,110
1580,419,117,46,110
1581,419,117,46,110
1582,414,116,46,110
1583,411,116,46,110
1584,408,116,46,110
1585,408,116,46,110
1586,408,116,46,110
1587,408,116,46,110
1588,399,114,46,110
1589,397,114,46,110
1590,395,114,46,110
1591,393,114,46,110
1592,393,114,46,110
1593,393,114,46,110
1594,387,113,46,110
1595,385,113,46,110
1596,385,113,46,110
1597,385,113,46,110
1598,378,112,46,110
1599,376,111,46,110
1600,374,110,46,110
1601,374,110,46,110
1602,369,109,46,110
1603,369,109,46,110
1604,369,109,46,110
1605,369,109,46,110
1606,369,109,46,110
1607,358,107,46,110
1608,356,107,46,110
1609,355,106,46,110
1610,354,104,46,110
1611,354,104,46,110
1612,350,104,46,110
1613,348,104,46,110
1614,348,104,46,110
1615,348,104,46,110
1616,348,104,46,110
1617,336,103,46,110
1618,333,103,46,110
1619,333,104,46,110
1620,328,106,46,110
1621,328,106,46,110
1622,323,105,46,110
1623,323,105,46,110
1624,318,104,46,110
1625,316,104,46,110
1626,316,104,46,110
1627,312,104,46,110
1628,310,104,46,110
1629,310,104,46,110
1630,306,104,46,110
1631,306,104,46,110
1632,301,103,46,110
1633,298,103,46,110
1634,298,103,46,110
1635,298,103,46,110
1636,291,100,46,110
1637,291,100,46,110
1638,287,99,46,110
1639,287,99,46,110
1640,283,98,46,110
1641,283,98,46,110
1642,279,98,46,110
1643,277,98,46,110
1644,277,98,46,110
1645,277,98,46,110
1646,271,99,46,110
1647,269,99,46,110
1648,269,99,46,110
1649,269,99,46,110
1650,260,99,46,110
1651,260,99,46,110
1652,255,99,46,110
1653,253,99,46,110
1654,253,99,46,110
1655,249,98,46,110
1656,249,98,46,110
1657,245,98,46,110
1658,243,98,46,110
1659,243,98,46,110
1660,240,98,46,110
1661,240,98,46,110
1662,240,98,46,110
1663,234,97,46,110
1664,232,97,46,110
1665,232,97,46,110
1666,227,96,46,110
1667,227,96,46,110
1668,222,96,46,110
1669,222,96,46,110
1670,219,96,46,110
1671,219,96,46,110
1672,216,96,46,110
1673,215,96,46,110
1674,215,96,46,110
1675,213,96,46,110
1676,213,96,46,110
1677,213,96,46,110
1678,210,98,46,110
1679,210,98,46,110
1680,208,100,46,110
1681,208,100,46,110
1682,206,101,46,110
1683,205,101,46,110
1684,205,101,46,110
1685,203,102,46,110
1686,203,102,46,110
1687,201,103,46,110
1688,200,103,46,110
1689,200,103,46,110
1690,198,104,46,110
1691,198,104,46,110
1692,198,104,46,110
1693,195,106,46,110
1694,194,106,46,110
1695,194,106,46,110
1696,192,107,46,110
1697,191,107,46,110
1698,191,107,46,110
1699,191,107,46,110
1700,191,107,46,110
1701,186,111,46,110
1702,186,111,46,110
1703,183,112,46,110
1704,182,112,46,110
1705,181,112,46,110
1706,181,112,46,110
1707,179,112,46,110
1708,179,112,46,110
1709,179,112,46,110
1710,176,114,46,110
1711,175,116,46,110
1712,174,117,46,110
1713,173,117,46,110
1714,173,117,46,110
1715,172,118,46,110
1716,172,118,46,110
1717,171,119,46,110
1718,171,119,46,110
1719,171,119,46,110
1720,171,119,46,110
1721,170,120,46,110
1722,170,120,46,110
1723,170,120,46,110
1724,169,120,46,110
1725,168,120,46,110
1726,168,120,46,110
1727,166,121,46,110
1728,166,121,46,110
1729,166,121,46,110
1730,163,124,46,110
1731,162,125,46,110
1732,161,125,46,110
1733,161,124,46,110
1734,161,124,46,110
1735,158,125,46,110
1736,158,125,46,110
1737,157,126,46,110
1738,157,126,46,110
1739,156,126,46,110
1740,155,126,46,110
1741,155,126,46,110
1742,154,127,46,110
1743,153,128,46,110
1744,153,128,46,110
1745,152,129,46,110
1746,152,129,46,110
1747,151,130,46,110
1748,151,130,46,110
1749,150,131,46,110
1750,150,131,46,110
1751,150,131,46,110
1752,149,131,46,110
1753,149,131,46,110
1754,149,131,46,110
1755,148,132,46,110
1756,148,132,46,110
1757,148,132,46,110
1758,148,132,46,110
1759,148,132,46,110
1760,148,132,46,110
1761,148,132,46,110
1762,145,136,46,110
1763,144,137,46,110
1764,144,137,46,110
1765,142,139,46,110
1766,142,139,46,110
1767,142,139,46,110
1768,140,140,46,110
1769,139,140,46,110
1770,139,140,46,110
1771,138,140,46,110
1772,137,140,46,110
1773,137,140,46,110
1774,137,140,46,110
1775,137,140,46,110
1776,134,142,46,110
1777,133,143,46,110
1778,132,144,46,110
1779,132,144,46,110
1780,131,145,46,110
1781,131,145,46,110
1782,130,146,46,110
1783,130,146,46,110
1784,130,146,46,110
1785,129,147,46,110
1786,129,147,46,110
1787,128,148,46,110
1788,128,148,46,110
1789,127,149,46,110
1790,126,149,46,110
1791,126,149,46,110
1792,124,151,46,110
1793,124,151,46,110
1794,122,153,46,110
1795,121,154,46,110
1796,121,154,46,110
1797,119,157,46,110
1798,118,158,46,110
1799,118,158,46,110
1800,116,159,46,110
1801,116,159,46,110
1802,116,159,46,110
1803,113,160,46,110
1804,112,160,46,110
1805,112,160,46,110
1806,111,161,46,110
1807,111,161,46,110
1808,111,161,46,110
1809,109,163,46,110
1810,109,163,46,110
1811,109,163,46,110
1812,109,163,46,110
1813,109,164,46,110
1814,109,164,46,110
1815,109,165,46,110
1816,109,165,46,110
1817,109,165,46,110
1818,109,165,46,110
1819,109,165,46,110
1820,110,165,46,110
1821,110,165,46,110
1822,110,165,46,110
1823,111,166,46,110
1824,111,166,46,110
1825,112,167,46,110
1826,112,167,46,110
1827,112,167,46,110
1828,114,170,46,110
1829,114,170,46,110
1830,114,170,46,110
1831,114,170,46,110
1832,116,172,46,110
1833,116,172,46,110
1834,116,172,46,110
1835,118,173,46,110
1836,118,173,46,110
1837,120,173,46,110
1838,121,173,46,110
1839,121,173,46,110
1840,123,173,46,110
1841,123,173,46,110
1842,126,174,46,110
1843,127,174,46,110
1844,127,174,46,110
1845,127,174,46,110
1846,132,176,46,110
1847,132,176,46,110
1848,136,178,46,110
1849,138,178,46,110
1850,138,178,46,110
1851,143,179,46,110
1852,145,179,46,110
1853,145,179,46,110
1854,151,179,46,110
1855,153,179,46,110
1856,153,179,46,110
1857,157,179,46,110
1858,159,179,46,110
1859,159,179,46,110
1860,163,180,46,110
1861,163,180,46,110
1862,167,182,46,110
1863,169,183,46,110
1864,169,183,46,110
1865,173,185,46,110
1866,173,185,46,110
1867,178,186,46,110
1868,180,186,46,110
1869,180,186,46,110
1870,185,186,46,110
1871,185,186,46,110
1872,190,186,46,110
1873,191,186,46,110
1874,191,186,46,110
1875,191,186,46,110
1876,198,187,46,110
1877,198,187,46,110
1878,203,188,46,110
1879,203,189,46,110
1880,208,191,46,110
1881,208,191,46,110
1882,214,192,46,110
1883,214,192,46,110
1884,220,194,46,110
1885,220,194,46,110
1886,226,194,46,110
1887,229,193,46,110
1888,229,193,46,110
1889,235,192,46,110
1890,235,192,46,110
1891,241,191,46,110
1892,243,190,46,110
1893,243,190,46,110
1894,248,190,46,110
1895,250,189,46,110
1896,250,189,46,110
1897,255,190,46,110
1898,257,190,46,110
1899,259,190,46,110
1900,259,190,46,110
1901,264,191,46,110
1902,266,191,46,110
1903,266,191,46,110
1904,271,191,46,110
1905,273,191,46,110
1906,273,191,46,110
1907,278,191,46,110
1908,280,191,46,110
1909,280,191,46,110
1910,285,191,46,110
1911,285,191,46,110
1912,290,191,46,110
1913,290,191,46,110
1914,296,191,46,110
1915,296,191,46,110
1916,296,191,46,110
1917,305,193,46,110
1918,306,193,46,110
1919,306,193,46,110
1920,312,193,46,110
1921,312,193,46,110
1922,318,193,46,110
1923,320,193,46,110
1924,320,193,46,110
1925,320,193,46,110
1926,328,193,46,110
1927,331,193,46,110
1928,331,193,46,110
1929,336,194,46,110
1930,337,194,46,110
1931,337,194,46,110
1932,342,195,46,110
1933,342,195,46,110
1934,342,195,46,110
1935,351,196,46,110
1936,351,196,46,110
1937,357,197,46,110
1938,359,197,46,110
1939,359,197,46,110
1940,364,197,46,110
1941,364,197,46,110
1942,369,197,46,110
1943,370,197,46,110
1944,371,197,46,110
1945,371,197,46,110
1946,371,197,46,110
1947,378,198,46,110
1948,381,199,46,110
1949,381,199,46,110
1950,387,200,46,110
1951,387,200,46,110
1952,387,200,46,110
1953,393,201,46,110
1954,393,201,46,110
1955,398,202,46,110
1956,399,202,46,110
1957,400,202,46,110
1958,401,202,46,110
1959,401,202,46,110
1960,401,202,46,110
1961,401,202,46,110
1962,411,205,46,110
1963,411,205,46,110
1964,411,205,46,110
1965,411,205,46,110
1966,411,205,46,110
1967,411,205,46,110
1968,411,205,46,110
1969,411,205,46,110
1970,411,205,46,110
1971,411,205,46,110
1972,411,205,46,110
1973,411,205,46,110
1974,411,205,46,110
1975,411,205,46,110
1976,411,205,46,110
1977,411,205,46,110
1978,411,205,46,110
1979,411,205,46,110
1980,411,205,46,110
1981,411,205,46,110
1982,411,205,46,110
1983,411,205,46,110
1984,411,205,46,110
1985,411,205,46,110
1986,411,205,46,110
1987,411,205,46,110
1988,411,205,46,110
1989,411,205,46,110
1990,411,205,46,110
1991,411,205,46,110
1992,411,205,46,110
1993,411,205,46,110
1994,411,205,46,110
1995,411,205,46,110
1996,411,205,46,110
1997,411,205,46,110
1998,411,205,46,110
1999,411,205,46,110
2000,411,205,46,110
2001,411,205,46,110
2002,411,205,46,110
2003,412,205,46,110
2004,412,205,46,110
2005,412,205,46,110
2006,412,205,46,110
2007,412,205,46,110
2008,412,205,46,110
2009,412,205,46,110
2010,412,205,46,110
2011,412,205,46,110
2012,412,205,46,110
2013,412,205,46,110
2014,412,205,46,110
2015,412,205,46,110
2016,412,205,46,110
2017,412,205,46,110
2018,412,205,46,110
2019,412,205,46,110
2020,412,205,46,110
2021,412,205,46,110
2022,412,205,46,110
2023,412,205,46,110
2024,412,205,46,110
2025,412,205,46,110
2026,412,205,46,110
2027,412,205,46,110
2028,412,205,46,110
2029,412,205,46,110
2030,412,205,46,110
2031,412,205,46,110
2032,412,205,46,110
2033,412,205,46,110
2034,412,205,46,110
2035,412,205,46,110
2036,412,205,46,110
2037,412,205,46,110
2038,412,205,46,110
2039,412,205,46,110
2040,412,205,46,110
2041,412,205,46,110
2042,412,205,46,110
2043,412,205,46,110
2044,412,205,46,110
2045,412,205,46,110
2046,412,205,46,110
2047,412,205,46,110
2048,412,205,46,110
2049,412,205,46,110
2050,412,205,46,110
2051,412,205,46,110
2052,412,205,46,110
2053,412,205,46,110
2054,412,205,46,110
2055,412,205,46,110
2056,412,205,46,110
2057,412,205,46,110
2058,412,205,46,110
2059,412,205,46,110
2060,412,205,46,110
2061,412,205,46,110
2062,412,205,46,110
2063,412,205,46,110
2064,412,205,46,110
2065,412,205,46,110
2066,412,205,46,110
2067,412,205,46,110
2068,412,205,46,110
2069,411,205,46,110
2070,411,205,46,110
2071,411,205,46,110
2072,411,205,46,110
2073,411,205,46,110
2074,411,205,46,110
2075,411,205,46,110
2076,411,205,46,110
2077,411,205,46,110
2078,411,205,46,110
2079,411,205,46,110
2080,411,205,46,110
2081,411,205,46,110
2082,411,205,46,110
2083,411,205,46,110
2084,411,205,46,110
2085,411,205,46,110
2086,411,205,46,110
2087,411,205,46,110
2088,411,205,46,110
2089,411,205,46,110
2090,411,205,46,110
2091,411,205,46,110
2092,411,205,46,110
2093,411,205,46,110
2094,411,205,46,110
2095,411,205,46,110
2096,411,205,46,110
2097,411,205,46,110
2098,411,205,46,110
2099,411,205,46,110
2100,411,205,46,110
2101,411,205,46,110
2102,411,205,46,110
2103,411,205,46,110
2104,411,205,46,110
2105,411,205,46,110
2106,411,205,46,110
2107,411,205,46,110
2108,411,205,46,110
2109,411,205,46,110
2110,411,205,46,110
2111,411,205,46,110
2112,411,205,46,110
2113,411,205,46,110
2114,411,205,46,110
2115,411,205,46,110
2116,411,205,46,110
2117,411,205,46,110
2118,411,205,46,110
2119,411,205,46,110
2120,411,205,46,110
2121,410,205,46,110
2122,411,205,46,110
2123,411,205,46,110
2124,411,205,46,110
2125,411,205,46,110
2126,410,205,46,110
2127,410,205,46,110
2128,410,205,46,110
2129,410,205,46,110
2130,410,205,46,110
2131,410,205,46,110
2132,410,205,46,110
2133,410,205,46,110
2134,410,205,46,110
2135,410,205,46,110
2136,410,205,46,110
2137,410,205,46,110
2138,410,205,46,110
2139,410,205,46,110
2140,410,205,46,110
2141,410,205,46,110
2142,410,205,46,110
2143,410,205,46,110
2144,410,205,46,110
2145,410,205,46,110
2146,410,205,46,110
2147,410,205,46,110
2148,410,205,46,110
2149,410,205,46,110
2150,410,205,46,110
2151,410,205,46,110
2152,410,205,46,110
2153,410,205,46,110
2154,405,203,46,110
2155,404,203,46,110
2156,404,203,46,110
2157,403,203,46,110
2158,402,203,46,110
2159,402,203,46,110
2160,396,202,46,110
2161,396,202,46,110
2162,390,201,46,110
2163,388,201,46,110
2164,388,201,46,110
2165,382,200,46,110
2166,382,200,46,110
2167,376,199,46,110
2168,376,199,46,110
2169,370,198,46,110
2170,367,197,46,110
2171,367,197,46,110
2172,362,196,46,110
2173,362,196,46,110
2174,357,195,46,110
2175,354,195,46,110
2176,354,195,46,110
2177,354,195,46,110
2178,354,195,46,110
2179,341,194,46,110
2180,338,194,46,110
2181,335,194,46,110
2182,332,194,46,110
2183,328,194,46,110
2184,328,194,46,110
2185,320,194,46,110
2186,320,194,46,110
2187,312,193,46,110
2188,309,193,46,110
2189,309,193,46,110
2190,304,193,46,110
2191,304,193,46,110
2192,304,193,46,110
2193,304,193,46,110
2194,292,191,46,110
2195,292,191,46,110
2196,286,191,46,110
2197,286,191,46,110
2198,280,191,46,110
2199,280,191,46,110
2200,273,191,46,110
2201,273,191,46,110
2202,266,190,46,110
2203,263,190,46,110
2204,263,190,46,110
2205,257,191,46,110
2206,257,191,46,110
2207,251,189,46,110
2208,251,189,46,110
2209,245,188,46,110
2210,242,189,46,110
2211,242,189,46,110
2212,236,189,46,110
2213,236,189,46,110
2214,229,190,46,110
2215,229,190,46,110
2216,222,190,46,110
2217,218,190,46,110
2218,214,191,46,110
2219,214,191,46,110
2220,206,190,46,110
2221,206,190,46,110
2222,200,189,46,110
2223,199,189,46,110
2224,199,189,46,110
2225,193,187,46,110
2226,193,187,46,110
2227,187,186,46,110
2228,187,186,46,110
2229,181,186,46,110
2230,178,186,46,110
2231,178,186,46,110
2232,172,186,46,110
2233,172,186,46,110
2234,166,185,46,110
2235,163,186,46,110
2236,163,186,46,110
2237,158,185,46,110
2238,158,185,46,110
2239,152,184,46,110
2240,149,184,46,110
2241,149,184,46,110
2242,149,184,46,110
2243,140,183,46,110
2244,137,184,46,110
2245,134,184,46,110
2246,134,184,46,110
2247,127,183,46,110
2248,123,183,46,110
2249,123,183,46,110
2250,116,183,46,110
2251,116,183,46,110
2252,110,182,46,110
2253,108,182,46,110
2254,108,182,46,110
2255,108,182,46,110
2256,108,182,46,110
2257,96,178,46,110
2258,93,178,46,110
2259,93,178,46,110
2260,93,178,46,110
2261,84,178,46,110
2262,84,178,46,110
2263,84,178,46,110
2264,84,178,46,110
2265,84,178,46,110
2266,69,176,46,110
2267,67,177,46,110
2268,67,177,46,110
2269,67,177,46,110
2270,67,177,46,110
2271,56,174,46,110
2272,56,174,46,110
2273,50,174,46,110
2274,47,175,46,110
2275,47,175,46,110
2276,41,176,46,110
2277,38,176,46,110
2278,38,176,46,110
2279,38,176,46,110
2280,28,176,46,110
2281,28,176,46,110
2282,28,176,46,110
2283,18,174,46,110
2284,16,174,46,110
2285,16,174,46,110
2286,16,174,46,110
2287,16,174,46,110
2288,4,171,46,110
2289,4,171,46,110
2290,1,172,46,110
2291,1,172,46,110
2292,1,172,46,110
2293,1,172,46,110
2294,310,41,46,110
2295,310,41,46,110
