01-Light 17
10,489,320,52,40
11,488,319,52,40
12,486,318,52,40
13,486,318,52,40
14,488,316,52,40
15,489,316,52,40
16,489,316,52,40
17,492,315,52,40
18,487,316,52,40
19,487,316,52,40
20,491,313,52,40
21,485,314,52,40
22,488,309,52,40
23,486,308,52,40
24,483,311,52,40
25,483,311,52,40
26,485,311,52,40
27,481,311,52,40
28,482,307,52,40
29,483,307,52,40
30,480,308,52,40
31,480,308,52,40
32,477,308,52,40
33,475,306,52,40
34,475,303,52,40
35,474,301,52,40
36,473,299,52,40
37,473,299,52,40
38,470,299,52,40
39,469,299,52,40
40,466,300,52,40
41,466,300,52,40
42,466,302,52,40
43,466,302,52,40
44,465,303,52,40
45,465,303,52,40
46,464,302,52,40
47,462,300,52,40
48,460,299,52,40
49,460,299,52,40
50,458,299,52,40
51,458,300,52,40
52,456,302,52,40
53,454,304,52,40
54,451,304,52,40
55,451,304,52,40
56,449,304,52,40
57,446,306,52,40
58,442,307,52,40
59,442,305,52,40
60,438,306,52,40
61,438,306,52,40
62,438,309,52,40
63,434,309,52,40
64,434,309,52,40
65,431,307,52,40
66,430,308,52,40
67,430,308,52,40
68,426,309,52,40
69,423,308,52,40
70,420,309,52,40
71,417,311,52,40
72,417,311,52,40
73,417,311,52,40
74,413,312,52,40
75,411,315,52,40
76,407,318,52,40
77,406,320,52,40
78,403,320,52,40
79,403,320,52,40
80,402,322,52,40
81,396,326,52,40
82,395,329,52,40
83,390,332,52,40
84,388,332,52,40
85,388,332,52,40
86,385,332,52,40
87,384,333,52,40
88,377,336,52,40
89,377,336,52,40
90,372,337,52,40
91,372,337,52,40
92,371,335,52,40
93,368,335,52,40
94,365,333,52,40
95,365,332,52,40
96,363,331,52,40
97,363,331,52,40
98,361,331,52,40
99,360,333,52,40
100,359,333,52,40
101,358,334,52,40
102,355,336,52,40
103,355,336,52,40
104,356,336,52,40
105,358,334,52,40
106,353,336,52,40
107,361,335,52,40
108,357,337,52,40
109,357,337,52,40
110,359,335,52,40
111,360,333,52,40
112,356,333,52,40
113,357,333,52,40
114,356,333,52,40
115,356,333,52,40
116,356,333,52,40
117,355,333,52,40
118,356,331,52,40
119,353,332,52,40
120,358,331,52,40
121,358,331,52,40
122,355,334,52,40
123,358,333,52,40
124,357,335,52,40
125,357,334,52,40
126,357,334,52,40
127,357,334,52,40
128,357,331,52,40
129,358,331,52,40
130,356,332,52,40
131,358,333,52,40
132,356,332,52,40
133,356,332,52,40
134,356,331,52,40
135,356,331,52,40
136,355,331,52,40
137,354,329,52,40
138,354,328,52,40
139,354,328,52,40
140,354,328,52,40
141,356,326,52,40
142,356,325,52,40
143,355,325,52,40
144,357,323,52,40
145,357,323,52,40
146,357,322,52,40
147,359,321,52,40
148,358,320,52,40
149,357,318,52,40
150,356,318,52,40
151,356,318,52,40
152,358,314,52,40
153,353,312,52,40
154,353,306,52,40
155,354,302,52,40
156,353,302,52,40
157,353,302,52,40
158,354,303,52,40
159,351,303,52,40
160,349,305,52,40
161,352,306,52,40
162,353,304,52,40
163,353,304,52,40
164,353,302,52,40
165,353,303,52,40
166,353,305,52,40
167,356,307,52,40
168,355,307,52,40
169,355,307,52,40
170,358,306,52,40
171,358,306,52,40
172,358,307,52,40
173,358,309,52,40
174,359,311,52,40
175,359,311,52,40
176,357,311,52,40
177,360,307,52,40
178,357,306,52,40
179,358,306,52,40
180,357,306,52,40
181,357,306,52,40
182,354,307,52,40
183,358,306,52,40
184,355,306,52,40
185,357,306,52,40
186,352,307,52,40
187,352,307,52,40
188,353,310,52,40
189,350,311,52,40
190,350,311,52,40
191,352,308,52,40
192,346,304,52,40
193,346,304,52,40
194,351,300,52,40
195,346,300,52,40
196,344,301,52,40
197,348,304,52,40
198,347,308,52,40
199,347,308,52,40
200,350,306,52,40
201,354,304,52,40
202,351,306,52,40
203,353,306,52,40
204,355,304,52,40
205,355,304,52,40
206,358,300,52,40
207,358,297,52,40
208,360,295,52,40
209,358,294,52,40
210,357,293,52,40
211,357,293,52,40
212,360,291,52,40
213,360,290,52,40
214,361,288,52,40
215,363,288,52,40
216,365,288,52,40
217,365,288,52,40
218,365,288,52,40
219,368,291,52,40
220,368,293,52,40
221,371,290,52,40
222,374,290,52,40
223,374,290,52,40
224,371,295,52,40
225,376,295,52,40
226,368,294,52,40
227,371,291,52,40
228,363,292,52,40
229,363,292,52,40
230,365,285,52,40
231,352,290,52,40
232,354,292,52,40
233,356,291,52,40
234,353,293,52,40
235,353,293,52,40
236,357,294,52,40
237,354,297,52,40
238,354,297,52,40
239,356,297,52,40
240,355,297,52,40
241,355,297,52,40
242,358,296,52,40
243,356,295,52,40
244,359,293,52,40
245,358,292,52,40
246,359,291,52,40
247,359,291,52,40
248,359,292,52,40
249,357,292,52,40
250,358,293,52,40
251,358,292,52,40
252,357,290,52,40
253,357,290,52,40
254,358,291,52,40
255,357,291,52,40
256,356,291,52,40
257,358,290,52,40
258,355,293,52,40
259,355,293,52,40
260,359,291,52,40
261,356,291,52,40
262,358,289,52,40
263,359,287,52,40
264,354,289,52,40
265,354,289,52,40
266,356,289,52,40
267,355,288,52,40
268,353,289,52,40
269,357,289,52,40
270,355,290,52,40
271,355,290,52,40
272,355,291,52,40
273,354,292,52,40
274,356,290,52,40
275,354,289,52,40
276,356,290,52,40
277,356,290,52,40
278,353,291,52,40
279,358,287,52,40
280,351,288,52,40
281,352,288,52,40
282,351,290,52,40
283,351,290,52,40
284,349,293,52,40
285,351,299,52,40
286,348,306,52,40
287,356,314,52,40
288,353,315,52,40
289,353,315,52,40
290,361,314,52,40
291,354,312,52,40
292,357,314,52,40
293,354,318,52,40
294,355,318,52,40
295,355,318,52,40
296,353,316,52,40
297,354,313,52,40
298,353,312,52,40
299,352,314,52,40
300,353,312,52,40
301,353,312,52,40
302,352,313,52,40
303,351,310,52,40
304,355,300,52,40
305,348,294,52,40
306,341,302,52,40
307,341,302,52,40
308,341,311,52,40
309,347,315,52,40
310,350,315,52,40
311,352,315,52,40
312,349,316,52,40
313,349,316,52,40
314,351,316,52,40
315,354,314,52,40
316,355,311,52,40
317,348,311,52,40
318,350,310,52,40
319,350,310,52,40
320,350,311,52,40
321,348,312,52,40
322,351,313,52,40
323,347,313,52,40
324,350,312,52,40
325,350,312,52,40
326,344,311,52,40
327,351,304,52,40
328,345,307,52,40
329,345,308,52,40
330,348,309,52,40
331,348,309,52,40
332,347,308,52,40
333,349,310,52,40
334,348,311,52,40
335,351,313,52,40
336,351,314,52,40
337,351,314,52,40
338,351,314,52,40
339,350,313,52,40
340,350,310,52,40
341,352,312,52,40
342,349,313,52,40
343,349,313,52,40
344,354,315,52,40
345,355,316,52,40
346,355,318,52,40
347,358,319,52,40
348,357,318,52,40
349,357,318,52,40
350,356,318,52,40
351,356,319,52,40
352,356,318,52,40
353,356,317,52,40
354,358,316,52,40
355,358,316,52,40
356,358,317,52,40
357,358,319,52,40
358,363,322,52,40
359,361,324,52,40
360,365,325,52,40
361,365,325,52,40
362,365,326,52,40
363,369,325,52,40
364,365,327,52,40
365,368,327,52,40
366,371,327,52,40
367,371,327,52,40
368,367,333,52,40
369,375,332,52,40
370,372,334,52,40
371,374,337,52,40
372,376,339,52,40
373,376,339,52,40
374,375,343,52,40
375,377,341,52,40
376,376,341,52,40
377,375,342,52,40
378,380,343,52,40
379,380,343,52,40
380,379,344,52,40
381,384,346,52,40
382,385,347,52,40
383,386,347,52,40
384,388,346,52,40
385,388,346,52,40
386,388,345,52,40
387,387,344,52,40
388,389,340,52,40
389,387,343,52,40
390,387,344,52,40
391,387,344,52,40
392,390,344,52,40
393,390,344,52,40
394,391,342,52,40
395,390,342,52,40
396,389,343,52,40
397,389,343,52,40
398,389,344,52,40
399,389,346,52,40
400,390,346,52,40
401,392,346,52,40
402,393,347,52,40
403,393,347,52,40
404,393,349,52,40
405,394,349,52,40
406,395,350,52,40
407,396,350,52,40
408,396,350,52,40
409,398,351,52,40
410,398,351,52,40
411,399,352,52,40
412,399,354,52,40
413,401,352,52,40
414,401,352,52,40
415,401,352,52,40
416,401,352,52,40
417,402,352,52,40
418,403,351,52,40
419,404,350,52,40
420,404,350,52,40
421,406,349,52,40
422,407,349,52,40
423,409,348,52,40
424,410,347,52,40
425,411,346,52,40
426,411,346,52,40
427,410,345,52,40
428,411,343,52,40
429,410,343,52,40
430,413,342,52,40
431,414,342,52,40
432,414,342,52,40
433,418,344,52,40
434,417,347,52,40
435,423,344,52,40
436,421,348,52,40
437,424,347,52,40
438,424,347,52,40
439,427,347,52,40
440,429,348,52,40
441,433,349,52,40
442,435,351,52,40
443,436,351,52,40
444,436,351,52,40
445,442,350,52,40
446,443,351,52,40
447,446,354,52,40
448,449,355,52,40
449,452,355,52,40
450,452,355,52,40
451,457,353,52,40
452,458,354,52,40
453,462,357,52,40
454,468,359,52,40
455,471,360,52,40
456,471,360,52,40
457,478,364,52,40
458,477,370,52,40
459,485,371,52,40
460,484,370,52,40
