01-Light 3
47,537,144,208,293
48,524,138,208,293
49,506,130,208,293
50,486,119,208,293
51,464,106,208,293
52,442,92,208,293
53,423,79,208,293
54,407,69,208,293
55,398,67,208,293
56,392,71,208,293
57,388,85,208,293
58,387,105,208,293
59,389,128,208,293
60,393,150,208,293
61,399,165,208,293
62,406,175,208,293
63,414,177,208,293
64,422,175,208,293
65,428,178,208,293
66,431,185,208,293
67,432,194,208,293
68,430,203,208,293
69,425,211,208,293
70,418,224,208,293
71,410,236,208,293
72,403,246,208,293
73,400,253,208,293
74,402,256,208,293
75,407,256,208,293
76,411,251,208,293
77,786,398,208,293
78,742,385,208,293
79,703,346,208,293
80,669,307,208,293
81,634,266,208,293
82,626,249,208,293
83,618,232,208,293
84,587,196,208,293
85,575,180,208,293
86,560,164,208,293
87,544,149,208,293
88,525,137,208,293
89,503,127,208,293
90,484,118,208,293
91,470,113,208,293
92,462,113,208,293
93,461,119,208,293
94,466,129,208,293
95,473,141,208,293
96,480,154,208,293
97,485,169,208,293
98,485,178,208,293
99,480,179,208,293
100,470,173,208,293
101,460,164,208,293
102,452,153,208,293
103,445,144,208,293
104,439,140,208,293
105,434,141,208,293
106,430,144,208,293
107,426,147,208,293
108,422,152,208,293
109,416,156,208,293
110,409,157,208,293
111,404,157,208,293
112,402,159,208,293
113,401,162,208,293
114,453,0,208,293
115,476,2,208,293
116,499,1,208,293
117,520,1,208,293
118,541,2,208,293
119,561,3,208,293
120,579,1,208,293
121,596,1,208,293
122,615,2,208,293
123,637,0,208,293
124,645,86,208,293
125,670,95,208,293
126,691,106,208,293
127,731,41,208,293
128,761,22,208,293
129,789,18,208,293
130,816,17,208,293
131,843,10,208,293
132,868,10,208,293
