01-Light 30
1,570,539,71,69
2,570,539,71,69
3,570,540,71,69
4,570,540,71,69
5,570,539,71,69
6,570,539,71,69
7,570,538,71,69
8,571,536,71,69
9,572,538,71,69
10,573,539,71,69
11,574,541,71,69
12,575,542,71,69
13,575,543,71,69
14,575,543,71,69
15,575,544,71,69
16,575,543,71,69
17,575,541,71,69
18,575,539,71,69
19,575,538,71,69
20,576,537,71,69
21,577,537,71,69
22,578,538,71,69
23,579,539,71,69
24,580,540,71,69
25,581,540,71,69
26,582,540,71,69
27,583,540,71,69
28,583,539,71,69
29,583,541,71,69
30,583,542,71,69
31,582,542,71,69
32,583,544,71,69
33,582,543,71,69
34,582,541,71,69
35,581,540,71,69
36,581,538,71,69
37,580,537,71,69
38,579,537,71,69
39,578,536,71,69
40,578,536,71,69
41,577,536,71,69
42,577,535,71,69
43,577,535,71,69
44,576,534,71,69
45,577,534,71,69
46,575,535,71,69
47,575,539,71,69
48,575,541,71,69
49,573,539,71,69
50,573,539,71,69
51,572,538,71,69
52,571,538,71,69
53,572,537,71,69
54,570,535,71,69
55,570,535,71,69
56,569,535,71,69
57,567,533,71,69
58,566,533,71,69
59,566,534,71,69
60,564,535,71,69
61,564,535,71,69
62,563,536,71,69
63,562,537,71,69
64,562,537,71,69
65,562,537,71,69
66,562,535,71,69
67,562,535,71,69
68,561,534,71,69
69,562,533,71,69
70,562,535,71,69
71,562,534,71,69
72,564,535,71,69
73,564,534,71,69
74,563,534,71,69
75,563,534,71,69
76,563,533,71,69
77,564,536,71,69
78,563,534,71,69
79,564,532,71,69
80,564,531,71,69
81,565,529,71,69
82,566,528,71,69
83,567,527,71,69
84,569,527,71,69
85,570,527,71,69
86,572,529,71,69
87,573,531,71,69
88,574,534,71,69
89,575,535,71,69
90,576,535,71,69
91,578,536,71,69
92,578,534,71,69
93,582,535,71,69
94,580,533,71,69
95,580,532,71,69
96,582,534,71,69
97,580,533,71,69
98,582,534,71,69
99,581,532,71,69
100,579,533,71,69
101,580,533,71,69
102,579,533,71,69
103,578,533,71,69
104,578,535,71,69
105,0,0,71,69
106,0,0,71,69
107,0,0,71,69
108,0,0,71,69
109,0,0,71,69
110,0,0,71,69
111,0,0,71,69
112,0,0,71,69
113,0,0,71,69
114,0,0,71,69
115,0,0,71,69
116,0,0,71,69
117,0,0,71,69
118,0,0,71,69
119,0,0,71,69
120,0,0,71,69
121,0,0,71,69
122,0,0,71,69
123,0,0,71,69
124,0,0,71,69
125,0,0,71,69
126,0,0,71,69
127,0,0,71,69
128,19,8,71,69
129,37,24,71,69
130,37,24,71,69
131,23,21,71,69
132,0,12,71,69
133,36,36,71,69
134,28,37,71,69
135,16,34,71,69
136,3,34,71,69
137,1,40,71,69
138,1191,523,71,69
139,1191,522,71,69
140,1189,521,71,69
141,1191,521,71,69
142,1191,522,71,69
143,1191,522,71,69
144,1190,521,71,69
145,1191,522,71,69
146,1190,519,71,69
147,1192,520,71,69
148,1189,517,71,69
149,1189,518,71,69
150,1189,517,71,69
151,1189,515,71,69
152,1189,514,71,69
153,1188,515,71,69
154,1185,515,71,69
155,1189,522,71,69
156,1188,520,71,69
157,1186,519,71,69
158,1190,520,71,69
159,1182,513,71,69
160,1185,513,71,69
161,1190,511,71,69
162,1183,507,71,69
163,1191,510,71,69
164,1184,511,71,69
165,1184,516,71,69
166,1191,520,71,69
167,1180,519,71,69
168,1193,523,71,69
169,1183,522,71,69
170,1190,524,71,69
171,1191,522,71,69
172,1185,519,71,69
173,1191,518,71,69
174,1185,516,71,69
175,1189,517,71,69
176,1188,516,71,69
177,1186,517,71,69
178,1189,516,71,69
179,1186,516,71,69
180,1190,515,71,69
181,1189,515,71,69
182,1191,515,71,69
183,1191,517,71,69
184,1190,520,71,69
185,1194,521,71,69
186,1195,523,71,69
187,1196,524,71,69
188,1195,525,71,69
189,1198,523,71,69
190,1198,522,71,69
191,1199,523,71,69
192,1201,522,71,69
193,1200,523,71,69
194,1206,524,71,69
195,1207,524,71,69
196,1208,523,71,69
197,1208,522,71,69
198,1208,520,71,69
199,1208,518,71,69
200,1208,518,71,69
201,1208,516,71,69
202,1208,517,71,69
203,1208,517,71,69
204,1208,518,71,69
205,1208,518,71,69
206,1208,517,71,69
207,1207,517,71,69
208,1208,518,71,69
209,1208,519,71,69
210,1208,519,71,69
211,1207,521,71,69
212,1208,519,71,69
213,1208,519,71,69
214,1208,518,71,69
215,1208,518,71,69
216,1208,517,71,69
217,1208,516,71,69
218,1208,515,71,69
219,1208,514,71,69
220,1208,514,71,69
221,1208,514,71,69
222,1208,514,71,69
223,1208,516,71,69
224,1207,515,71,69
225,1207,516,71,69
226,1207,515,71,69
227,1207,514,71,69
228,1207,515,71,69
229,1208,515,71,69
230,1208,516,71,69
231,1207,515,71,69
232,1207,515,71,69
233,1206,515,71,69
234,1206,514,71,69
235,1206,514,71,69
236,1205,512,71,69
237,1205,512,71,69
238,1204,511,71,69
239,1204,510,71,69
240,1203,509,71,69
