01-Light 6
41,259,158,46,30
42,0,0,46,30
43,0,0,46,30
44,0,0,46,30
45,0,0,46,30
46,0,0,46,30
47,0,0,46,30
48,0,0,46,30
49,0,0,46,30
50,0,0,46,30
51,0,0,46,30
52,0,0,46,30
53,0,0,46,30
54,0,0,46,30
55,0,0,46,30
56,0,0,46,30
57,0,0,46,30
58,0,0,46,30
59,0,0,46,30
60,0,0,46,30
61,0,0,46,30
62,0,0,46,30
63,0,0,46,30
64,0,0,46,30
65,0,0,46,30
66,0,0,46,30
67,0,0,46,30
68,0,0,46,30
69,0,0,46,30
70,0,0,46,30
71,0,0,46,30
72,0,0,46,30
73,0,0,46,30
74,0,0,46,30
75,0,0,46,30
76,0,0,46,30
77,0,0,46,30
78,0,0,46,30
79,0,0,46,30
80,0,0,46,30
81,0,0,46,30
82,0,0,46,30
83,0,0,46,30
84,0,0,46,30
85,0,0,46,30
86,0,0,46,30
87,0,0,46,30
88,0,0,46,30
89,0,0,46,30
90,0,0,46,30
91,0,0,46,30
92,0,0,46,30
93,0,0,46,30
94,0,0,46,30
95,0,0,46,30
96,0,0,46,30
97,0,0,46,30
98,0,0,46,30
99,0,0,46,30
100,0,0,46,30
101,0,0,46,30
102,0,0,46,30
103,0,0,46,30
104,0,0,46,30
105,0,0,46,30
106,0,0,46,30
107,0,0,46,30
108,0,0,46,30
109,0,0,46,30
110,0,0,46,30
111,0,0,46,30
112,0,0,46,30
113,0,0,46,30
