01-Light 31
59,471,343,84,69
60,470,341,84,69
61,469,341,84,69
62,467,340,84,69
63,465,335,84,69
64,464,339,84,69
65,463,336,84,69
66,462,333,84,69
67,461,335,84,69
68,459,336,84,69
69,457,336,84,69
70,455,334,84,69
71,453,340,84,69
72,450,338,84,69
73,448,335,84,69
74,446,339,84,69
75,445,336,84,69
76,443,332,84,69
77,441,331,84,69
78,439,335,84,69
79,436,330,84,69
80,433,331,84,69
81,432,336,84,69
82,430,331,84,69
83,428,329,84,69
84,426,333,84,69
85,425,330,84,69
86,423,328,84,69
87,421,329,84,69
88,419,329,84,69
89,417,327,84,69
90,414,327,84,69
91,411,329,84,69
92,409,328,84,69
93,406,328,84,69
94,403,328,84,69
95,400,327,84,69
96,397,326,84,69
97,393,328,84,69
98,390,328,84,69
99,387,326,84,69
100,384,328,84,69
101,380,325,84,69
102,377,327,84,69
103,373,329,84,69
104,369,325,84,69
105,365,327,84,69
106,361,329,84,69
107,355,326,84,69
108,350,325,84,69
109,345,329,84,69
110,339,325,84,69
111,334,325,84,69
112,330,327,84,69
113,324,326,84,69
114,316,327,84,69
115,309,327,84,69
116,302,331,84,69
117,294,330,84,69
