03-Specularity 3
1,40,64,19,47
2,40,63,19,47
3,41,62,19,47
4,41,60,19,47
5,41,58,19,47
6,41,56,19,47
7,42,54,19,47
8,43,53,19,47
9,43,52,19,47
10,43,53,19,47
11,43,55,19,47
12,43,58,19,47
13,43,61,19,47
14,43,64,19,47
15,43,67,19,47
16,43,70,19,47
17,44,73,19,47
18,45,75,19,47
19,46,77,19,47
20,47,79,19,47
21,48,81,19,47
22,49,82,19,47
23,51,83,19,47
24,53,83,19,47
25,55,83,19,47
26,56,83,19,47
27,57,84,19,47
28,58,85,19,47
29,59,85,19,47
30,61,85,19,47
31,62,85,19,47
32,63,84,19,47
33,64,83,19,47
34,65,82,19,47
35,66,81,19,47
36,67,80,19,47
37,68,79,19,47
38,69,78,19,47
39,69,77,19,47
40,69,77,19,47
41,69,77,19,47
42,69,77,19,47
43,69,77,19,47
44,69,77,19,47
45,69,77,19,47
46,69,78,19,47
47,69,79,19,47
48,69,80,19,47
49,69,81,19,47
50,69,82,19,47
51,69,83,19,47
52,69,84,19,47
53,69,85,19,47
54,69,86,19,47
55,69,86,19,47
56,69,86,19,47
57,69,86,19,47
58,68,86,19,47
59,67,86,19,47
60,66,86,19,47
61,65,86,19,47
62,64,86,19,47
63,64,86,19,47
64,64,86,19,47
65,63,85,19,47
66,62,84,19,47
67,61,83,19,47
68,60,82,19,47
69,59,81,19,47
70,59,80,19,47
71,58,79,19,47
72,57,78,19,47
73,56,77,19,47
74,56,76,19,47
75,56,75,19,47
76,56,74,19,47
77,56,73,19,47
78,56,72,19,47
79,56,71,19,47
80,56,70,19,47
81,56,69,19,47
82,56,68,19,47
83,56,67,19,47
84,56,66,19,47
85,56,65,19,47
86,57,64,19,47
87,58,63,19,47
88,59,62,19,47
89,60,61,19,47
90,62,60,19,47
91,63,59,19,47
92,64,59,19,47
93,65,59,19,47
94,66,59,19,47
95,67,59,19,47
96,68,60,19,47
97,69,61,19,47
98,70,62,19,47
99,71,63,19,47
100,72,64,19,47
101,73,65,19,47
102,74,66,19,47
103,75,67,19,47
104,76,68,19,47
105,77,69,19,47
106,78,70,19,47
107,79,71,19,47
108,80,72,19,47
109,81,72,19,47
110,82,73,19,47
111,83,73,19,47
112,84,74,19,47
113,85,74,19,47
114,86,74,19,47
115,88,74,19,47
116,90,74,19,47
117,92,74,19,47
118,94,73,19,47
119,95,73,19,47
120,96,73,19,47
121,97,73,19,47
122,98,74,19,47
123,99,75,19,47
124,100,76,19,47
125,101,76,19,47
126,102,76,19,47
127,103,76,19,47
128,104,76,19,47
129,105,76,19,47
130,107,76,19,47
131,109,76,19,47
132,110,76,19,47
133,112,76,19,47
134,113,75,19,47
135,114,74,19,47
136,115,73,19,47
137,116,72,19,47
138,117,72,19,47
139,118,72,19,47
140,119,72,19,47
141,119,72,19,47
142,119,72,19,47
143,120,72,19,47
144,121,72,19,47
145,121,72,19,47
146,121,72,19,47
147,121,72,19,47
148,121,72,19,47
149,121,73,19,47
150,121,74,19,47
151,121,75,19,47
152,121,76,19,47
153,121,77,19,47
154,121,78,19,47
155,121,79,19,47
156,121,80,19,47
157,121,81,19,47
158,121,82,19,47
159,121,83,19,47
160,121,84,19,47
161,122,85,19,47
162,123,86,19,47
163,124,87,19,47
164,125,88,19,47
165,126,89,19,47
166,127,89,19,47
167,128,89,19,47
168,130,89,19,47
169,132,89,19,47
170,134,89,19,47
171,136,89,19,47
172,138,88,19,47
173,140,88,19,47
174,142,87,19,47
175,144,86,19,47
176,146,86,19,47
177,148,85,19,47
178,150,84,19,47
179,153,83,19,47
180,155,82,19,47
181,157,81,19,47
182,159,80,19,47
183,161,79,19,47
184,163,78,19,47
185,165,77,19,47
186,166,76,19,47
187,167,75,19,47
188,168,74,19,47
189,168,73,19,47
190,168,72,19,47
191,168,71,19,47
192,168,70,19,47
193,168,69,19,47
194,167,68,19,47
195,166,67,19,47
196,165,66,19,47
197,165,65,19,47
198,165,64,19,47
199,164,64,19,47
200,163,64,19,47
201,162,64,19,47
202,161,64,19,47
203,160,64,19,47
204,159,64,19,47
205,158,64,19,47
206,157,64,19,47
207,156,64,19,47
208,155,64,19,47
209,154,64,19,47
210,153,64,19,47
211,152,64,19,47
212,151,64,19,47
213,150,63,19,47
214,149,62,19,47
215,149,61,19,47
216,149,60,19,47
217,149,59,19,47
218,149,59,19,47
219,149,58,19,47
220,149,58,19,47
221,149,57,19,47
222,150,56,19,47
223,151,55,19,47
224,152,54,19,47
225,152,53,19,47
226,152,52,19,47
227,152,51,19,47
228,152,50,19,47
229,152,50,19,47
230,152,50,19,47
231,152,50,19,47
232,152,50,19,47
233,152,50,19,47
234,152,50,19,47
235,151,51,19,47
236,151,51,19,47
237,151,52,19,47
238,150,53,19,47
239,149,54,19,47
240,148,55,19,47
241,147,56,19,47
242,146,57,19,47
243,145,58,19,47
244,144,60,19,47
245,143,62,19,47
246,142,64,19,47
247,141,66,19,47
248,140,67,19,47
249,139,68,19,47
250,138,69,19,47
251,138,71,19,47
252,138,72,19,47
253,137,74,19,47
254,136,76,19,47
255,135,78,19,47
256,135,80,19,47
257,135,82,19,47
258,134,84,19,47
259,133,86,19,47
260,133,87,19,47
261,133,88,19,47
262,133,89,19,47
263,133,90,19,47
264,133,91,19,47
265,133,92,19,47
266,133,93,19,47
267,133,94,19,47
268,133,95,19,47
269,133,96,19,47
270,133,97,19,47
271,133,98,19,47
272,133,99,19,47
273,134,100,19,47
274,135,101,19,47
275,135,103,19,47
276,135,105,19,47
277,136,106,19,47
278,137,107,19,47
279,138,107,19,47
280,139,107,19,47
281,140,107,19,47
282,140,107,19,47
