03-Specularity 17
1,180,525,178,136
2,182,536,178,136
3,184,543,178,136
4,187,543,178,136
5,187,538,178,136
6,187,536,178,136
7,185,536,178,136
8,184,534,178,136
9,186,529,178,136
10,182,525,178,136
11,175,521,178,136
12,166,521,178,136
13,166,522,178,136
14,170,522,178,136
15,172,518,178,136
16,176,512,178,136
17,178,511,178,136
18,178,512,178,136
19,180,507,178,136
20,188,498,178,136
21,191,494,178,136
22,192,496,178,136
23,191,503,178,136
24,190,508,178,136
25,189,504,178,136
26,189,496,178,136
27,186,487,178,136
28,184,482,178,136
29,185,479,178,136
30,188,473,178,136
31,192,470,178,136
32,193,475,178,136
33,187,483,178,136
34,185,488,178,136
35,185,495,178,136
36,180,498,178,136
37,175,492,178,136
38,175,483,178,136
39,175,476,178,136
40,177,470,178,136
41,177,466,178,136
42,180,466,178,136
43,185,473,178,136
44,186,484,178,136
45,185,491,178,136
46,191,499,178,136
47,197,506,178,136
48,205,508,178,136
49,211,508,178,136
50,214,511,178,136
51,215,509,178,136
52,217,500,178,136
53,219,493,178,136
54,220,489,178,136
55,220,488,178,136
56,218,488,178,136
57,217,492,178,136
58,221,496,178,136
59,219,496,178,136
60,216,492,178,136
61,211,488,178,136
62,206,488,178,136
63,206,486,178,136
64,210,480,178,136
65,213,474,178,136
66,210,476,178,136
67,209,484,178,136
68,211,491,178,136
69,215,493,178,136
70,215,488,178,136
71,215,486,178,136
72,215,491,178,136
73,213,497,178,136
74,210,487,178,136
75,211,473,178,136
76,211,467,178,136
77,207,465,178,136
78,203,465,178,136
79,199,470,178,136
80,190,474,178,136
81,183,473,178,136
82,175,466,178,136
83,175,461,178,136
84,170,449,178,136
85,168,434,178,136
86,168,432,178,136
87,162,437,178,136
88,154,439,178,136
89,150,433,178,136
90,147,428,178,136
91,139,435,178,136
92,133,444,178,136
93,130,449,178,136
94,121,452,178,136
95,113,459,178,136
96,102,467,178,136
97,91,469,178,136
98,94,467,178,136
99,94,468,178,136
100,95,475,178,136
101,91,487,178,136
102,89,497,178,136
103,91,502,178,136
104,97,498,178,136
105,103,487,178,136
106,113,484,178,136
107,117,484,178,136
108,127,478,178,136
109,137,471,178,136
110,146,466,178,136
111,152,464,178,136
112,157,464,178,136
113,161,459,178,136
114,168,453,178,136
115,177,447,178,136
116,184,449,178,136
117,188,455,178,136
118,195,456,178,136
119,198,453,178,136
120,208,445,178,136
121,228,446,178,136
122,241,439,178,136
123,252,432,178,136
124,264,439,178,136
125,266,448,178,136
126,266,451,178,136
127,271,454,178,136
128,271,453,178,136
129,267,453,178,136
130,262,460,178,136
131,253,471,178,136
132,243,479,178,136
133,230,481,178,136
134,215,481,178,136
135,205,485,178,136
136,197,488,178,136
137,193,488,178,136
138,193,487,178,136
139,194,488,178,136
140,198,490,178,136
141,203,489,178,136
142,212,490,178,136
143,218,485,178,136
144,222,480,178,136
145,227,482,178,136
146,230,488,178,136
147,233,492,178,136
148,233,489,178,136
149,232,485,178,136
150,232,485,178,136
151,237,482,178,136
152,246,478,178,136
153,259,481,178,136
154,263,484,178,136
155,262,487,178,136
156,263,487,178,136
157,264,485,178,136
158,260,485,178,136
159,257,483,178,136
160,257,491,178,136
161,254,506,178,136
162,247,519,178,136
163,239,522,178,136
164,233,516,178,136
165,231,507,178,136
166,236,495,178,136
167,241,484,178,136
168,243,476,178,136
169,245,477,178,136
170,244,483,178,136
171,244,491,178,136
172,247,497,178,136
173,248,501,178,136
174,250,501,178,136
175,254,503,178,136
176,257,499,178,136
177,259,491,178,136
178,263,485,178,136
179,265,487,178,136
180,262,488,178,136
181,257,487,178,136
182,254,490,178,136
183,251,493,178,136
184,247,491,178,136
185,243,486,178,136
186,243,482,178,136
187,239,482,178,136
188,235,481,178,136
189,235,481,178,136
190,232,486,178,136
191,226,488,178,136
192,225,492,178,136
193,224,501,178,136
194,220,506,178,136
195,223,508,178,136
196,224,511,178,136
197,225,512,178,136
198,229,514,178,136
199,230,517,178,136
200,232,527,178,136
201,232,541,178,136
202,230,556,178,136
203,224,569,178,136
204,218,579,178,136
205,213,583,178,136
206,208,582,178,136
207,207,576,178,136
208,210,570,178,136
209,217,563,178,136
210,224,556,178,136
211,230,553,178,136
212,232,555,178,136
213,232,559,178,136
214,234,560,178,136
215,238,559,178,136
216,241,559,178,136
217,244,561,178,136
218,249,565,178,136
219,253,568,178,136
220,254,569,178,136
221,252,569,178,136
222,247,567,178,136
223,240,562,178,136
224,234,555,178,136
225,229,546,178,136
