06-MotionSmoothness 12
2,996,491,63,127
3,994,490,63,127
4,991,489,63,127
5,989,489,63,127
6,986,488,63,127
7,984,488,63,127
8,981,487,63,127
9,978,488,63,127
10,975,487,63,127
11,971,486,63,127
12,968,485,63,127
13,965,483,63,127
14,962,482,63,127
15,959,482,63,127
16,956,482,63,127
17,953,483,63,127
18,950,483,63,127
19,947,482,63,127
20,944,481,63,127
21,941,482,63,127
22,938,482,63,127
23,935,483,63,127
24,932,482,63,127
25,929,482,63,127
26,926,483,63,127
27,922,483,63,127
28,918,484,63,127
29,914,484,63,127
30,910,485,63,127
31,906,485,63,127
32,902,485,63,127
33,898,485,63,127
34,894,484,63,127
35,890,484,63,127
36,886,484,63,127
37,882,484,63,127
38,878,484,63,127
39,874,482,63,127
40,870,482,63,127
41,866,481,63,127
42,862,481,63,127
43,858,479,63,127
44,854,478,63,127
45,851,478,63,127
46,847,477,63,127
47,844,476,63,127
48,841,476,63,127
49,838,475,63,127
50,835,474,63,127
51,832,473,63,127
52,829,473,63,127
53,826,472,63,127
54,823,473,63,127
55,820,473,63,127
56,817,472,63,127
57,814,472,63,127
58,811,472,63,127
59,808,472,63,127
60,804,471,63,127
61,801,471,63,127
62,797,471,63,127
63,793,470,63,127
64,790,470,63,127
65,786,469,63,127
66,783,469,63,127
67,780,468,63,127
68,777,467,63,127
69,774,466,63,127
70,771,466,63,127
71,768,464,63,127
72,765,465,63,127
