07-MotionCoherence 5
230,150,107,60,30
231,148,108,60,30
232,146,108,60,30
233,144,110,60,30
234,144,112,60,30
235,144,113,60,30
236,143,113,60,30
237,141,114,60,30
238,138,114,60,30
239,136,113,60,30
240,135,112,60,30
241,134,110,60,30
242,134,109,60,30
243,133,108,60,30
244,132,108,60,30
245,131,108,60,30
246,131,107,60,30
247,132,107,60,30
248,131,107,60,30
249,130,108,60,30
250,130,107,60,30
251,130,106,60,30
252,129,107,60,30
253,129,108,60,30
254,129,108,60,30
255,127,109,60,30
256,124,111,60,30
257,122,113,60,30
258,122,114,60,30
259,122,115,60,30
260,120,117,60,30
261,119,118,60,30
262,115,119,60,30
263,113,121,60,30
264,116,119,60,30
265,116,117,60,30
266,113,116,60,30
267,113,114,60,30
268,113,114,60,30
269,119,111,60,30
270,115,111,60,30
271,112,113,60,30
272,113,113,60,30
273,113,112,60,30
274,110,111,60,30
275,108,109,60,30
276,110,108,60,30
277,110,108,60,30
278,115,104,60,30
279,115,103,60,30
280,118,101,60,30
281,120,99,60,30
282,117,100,60,30
283,112,101,60,30
284,111,100,60,30
285,115,100,60,30
286,118,101,60,30
287,118,102,60,30
288,118,104,60,30
289,121,106,60,30
290,123,108,60,30
291,123,108,60,30
292,124,112,60,30
293,123,111,60,30
294,121,109,60,30
295,120,106,60,30
296,120,105,60,30
297,122,103,60,30
298,123,103,60,30
299,122,105,60,30
300,122,107,60,30
301,121,109,60,30
302,121,109,60,30
303,117,107,60,30
304,116,105,60,30
305,116,100,60,30
306,118,95,60,30
307,118,92,60,30
308,119,91,60,30
309,122,91,60,30
310,126,90,60,30
311,128,90,60,30
312,129,90,60,30
313,130,91,60,30
314,132,91,60,30
315,132,92,60,30
316,132,94,60,30
317,135,94,60,30
318,135,95,60,30
319,135,95,60,30
320,130,98,60,30
321,132,98,60,30
322,137,97,60,30
323,139,97,60,30
324,139,99,60,30
325,141,100,60,30
326,140,101,60,30
327,139,103,60,30
328,138,103,60,30
329,138,101,60,30
330,139,100,60,30
331,139,99,60,30
332,139,97,60,30
333,140,96,60,30
334,139,99,60,30
335,135,103,60,30
336,135,103,60,30
337,97,132,60,30
338,166,94,60,30
339,166,93,60,30
340,169,93,60,30
341,175,93,60,30
342,179,93,60,30
343,181,93,60,30
344,183,91,60,30
345,188,90,60,30
346,189,91,60,30
347,189,94,60,30
348,188,93,60,30
349,189,97,60,30
350,188,101,60,30
351,186,102,60,30
352,182,104,60,30
353,180,105,60,30
354,178,104,60,30
355,175,102,60,30
356,69,89,60,30
357,73,89,60,30
358,76,89,60,30
359,81,89,60,30
360,86,89,60,30
361,86,89,60,30
362,89,88,60,30
363,90,88,60,30
364,92,87,60,30
365,92,87,60,30
366,92,85,60,30
367,92,85,60,30
368,92,85,60,30
369,92,84,60,30
370,92,84,60,30
371,92,85,60,30
372,93,85,60,30
373,94,85,60,30
374,95,84,60,30
375,96,84,60,30
376,97,83,60,30
377,98,82,60,30
378,99,82,60,30
379,100,82,60,30
380,100,81,60,30
381,100,81,60,30
382,100,81,60,30
383,100,81,60,30
384,100,81,60,30
385,100,81,60,30
386,100,81,60,30
387,103,81,60,30
388,103,81,60,30
389,103,80,60,30
390,103,79,60,30
391,103,79,60,30
392,103,79,60,30
393,103,79,60,30
394,103,79,60,30
395,103,79,60,30
396,103,79,60,30
397,103,79,60,30
398,103,79,60,30
399,103,79,60,30
400,103,79,60,30
401,103,93,60,30
402,103,93,60,30
403,103,93,60,30
404,101,93,60,30
405,101,93,60,30
406,100,93,60,30
407,100,93,60,30
408,92,93,60,30
409,92,93,60,30
410,92,93,60,30
411,92,93,60,30
412,92,93,60,30
413,92,93,60,30
414,92,93,60,30
415,92,93,60,30
416,92,93,60,30
417,92,93,60,30
418,92,93,60,30
419,92,93,60,30
420,92,93,60,30
421,91,96,60,30
422,91,96,60,30
423,91,96,60,30
424,91,96,60,30
425,91,88,60,30
426,91,88,60,30
427,91,88,60,30
428,91,88,60,30
429,91,88,60,30
430,91,88,60,30
431,17,122,60,30
432,17,122,60,30
433,17,122,60,30
434,17,122,60,30
435,17,122,60,30
436,17,122,60,30
437,17,122,60,30
438,17,122,60,30
439,16,124,60,30
440,16,125,60,30
441,16,127,60,30
442,16,127,60,30
443,16,127,60,30
444,16,127,60,30
445,16,127,60,30
446,16,127,60,30
447,16,127,60,30
448,16,127,60,30
449,16,127,60,30
450,16,127,60,30
451,16,127,60,30
452,16,129,60,30
453,16,129,60,30
454,16,129,60,30
455,16,129,60,30
456,16,129,60,30
457,16,129,60,30
458,16,129,60,30
459,16,129,60,30
460,15,129,60,30
461,15,129,60,30
462,15,129,60,30
463,14,129,60,30
464,12,129,60,30
465,11,129,60,30
466,11,129,60,30
467,11,129,60,30
468,11,129,60,30
469,11,129,60,30
470,12,129,60,30
