07-MotionCoherence 6
10,902,592,60,65
11,905,591,60,65
12,908,590,60,65
13,911,588,60,65
14,914,588,60,65
15,917,587,60,65
16,919,586,60,65
17,922,585,60,65
18,924,583,60,65
19,927,582,60,65
20,930,580,60,65
21,933,581,60,65
22,935,580,60,65
23,939,578,60,65
24,943,577,60,65
25,946,576,60,65
26,949,575,60,65
27,952,574,60,65
28,956,573,60,65
29,959,572,60,65
30,962,571,60,65
31,965,573,60,65
32,968,582,60,65
33,971,592,60,65
34,973,596,60,65
35,976,596,60,65
36,980,597,60,65
37,983,597,60,65
38,987,598,60,65
39,989,598,60,65
40,992,599,60,65
41,995,598,60,65
42,998,598,60,65
43,1001,599,60,65
44,1004,599,60,65
45,1007,599,60,65
46,1009,599,60,65
47,1013,599,60,65
48,1015,600,60,65
49,1018,600,60,65
50,1020,600,60,65
51,1022,600,60,65
52,1024,600,60,65
53,1026,601,60,65
54,1028,601,60,65
55,1030,601,60,65
56,1031,601,60,65
57,1032,601,60,65
58,1033,599,60,65
59,1034,599,60,65
60,1035,599,60,65
61,387,588,60,65
62,376,586,60,65
63,367,584,60,65
64,363,583,60,65
65,359,583,60,65
66,356,582,60,65
67,352,582,60,65
68,349,579,60,65
69,344,577,60,65
70,336,575,60,65
71,327,574,60,65
72,322,573,60,65
73,321,571,60,65
74,318,571,60,65
75,316,568,60,65
76,314,566,60,65
77,312,563,60,65
78,311,562,60,65
79,310,561,60,65
80,308,560,60,65
81,306,558,60,65
82,304,556,60,65
83,303,552,60,65
84,302,551,60,65
85,298,549,60,65
86,295,547,60,65
87,293,543,60,65
88,293,541,60,65
89,292,539,60,65
90,291,536,60,65
91,290,534,60,65
92,289,533,60,65
93,287,530,60,65
94,1717,565,60,65
95,1712,562,60,65
96,1707,559,60,65
97,1704,556,60,65
98,1699,554,60,65
99,1695,553,60,65
100,1690,551,60,65
101,1692,549,60,65
102,1695,548,60,65
103,1699,545,60,65
104,1703,544,60,65
105,1707,542,60,65
106,1711,540,60,65
107,1715,537,60,65
108,1719,534,60,65
109,1724,531,60,65
110,1728,529,60,65
111,1732,526,60,65
112,1736,523,60,65
113,1740,519,60,65
114,1746,517,60,65
115,1750,514,60,65
116,1754,512,60,65
117,1758,511,60,65
118,1760,509,60,65
119,1756,507,60,65
120,1747,504,60,65
121,1745,501,60,65
122,1748,498,60,65
123,1750,496,60,65
124,1753,494,60,65
125,1753,492,60,65
126,1749,490,60,65
127,1749,488,60,65
128,1750,486,60,65
129,1749,484,60,65
130,1750,479,60,65
131,1753,476,60,65
132,103,440,60,65
133,100,435,60,65
134,96,434,60,65
135,93,431,60,65
136,89,429,60,65
137,85,427,60,65
138,81,424,60,65
139,78,422,60,65
140,73,418,60,65
141,70,415,60,65
142,66,414,60,65
143,61,411,60,65
144,58,408,60,65
145,53,405,60,65
146,49,402,60,65
147,45,400,60,65
148,40,399,60,65
