07-MotionCoherence 12
1,348,352,45,59
2,0,0,45,59
3,0,0,45,59
4,0,0,45,59
5,0,0,45,59
6,0,0,45,59
7,0,0,45,59
8,0,0,45,59
9,0,0,45,59
10,0,0,45,59
11,0,0,45,59
12,0,0,45,59
13,0,0,45,59
14,0,0,45,59
15,0,0,45,59
16,0,0,45,59
17,0,0,45,59
18,0,0,45,59
19,0,0,45,59
20,0,0,45,59
21,0,0,45,59
22,0,0,45,59
23,0,0,45,59
24,0,0,45,59
25,0,0,45,59
26,0,0,45,59
27,0,0,45,59
28,0,0,45,59
29,0,0,45,59
30,0,0,45,59
31,0,0,45,59
32,0,0,45,59
33,0,0,45,59
34,0,0,45,59
35,0,0,45,59
36,0,0,45,59
37,0,0,45,59
38,0,0,45,59
39,0,0,45,59
40,0,0,45,59
41,0,0,45,59
42,0,0,45,59
43,0,0,45,59
44,0,0,45,59
45,0,0,45,59
46,0,0,45,59
47,0,0,45,59
48,0,0,45,59
49,0,0,45,59
50,0,0,45,59
51,0,0,45,59
52,0,0,45,59
53,0,0,45,59
54,0,0,45,59
55,0,0,45,59
56,0,0,45,59
57,0,0,45,59
58,0,0,45,59
59,0,0,45,59
60,0,0,45,59
61,0,0,45,59
62,0,0,45,59
63,0,0,45,59
64,0,0,45,59
65,0,0,45,59
66,0,0,45,59
67,0,0,45,59
68,0,0,45,59
69,0,0,45,59
70,0,0,45,59
71,0,0,45,59
72,0,0,45,59
73,0,0,45,59
74,0,0,45,59
75,0,0,45,59
76,0,0,45,59
77,0,0,45,59
78,0,0,45,59
79,0,0,45,59
80,0,0,45,59
81,0,0,45,59
82,0,0,45,59
83,0,0,45,59
84,0,0,45,59
85,0,0,45,59
86,0,0,45,59
87,0,0,45,59
88,0,0,45,59
89,0,0,45,59
90,0,0,45,59
91,0,0,45,59
92,0,0,45,59
93,0,0,45,59
94,0,0,45,59
95,0,0,45,59
96,0,0,45,59
97,0,0,45,59
98,0,0,45,59
99,0,0,45,59
100,0,0,45,59
101,0,0,45,59
102,0,0,45,59
103,0,0,45,59
104,0,0,45,59
105,0,0,45,59
106,0,0,45,59
107,0,0,45,59
108,0,0,45,59
109,0,0,45,59
110,0,0,45,59
111,0,0,45,59
112,0,0,45,59
113,0,0,45,59
114,0,0,45,59
115,0,0,45,59
116,0,0,45,59
117,0,0,45,59
118,0,0,45,59
119,0,0,45,59
120,0,0,45,59
121,0,0,45,59
122,0,0,45,59
123,0,0,45,59
124,0,0,45,59
125,0,0,45,59
126,0,0,45,59
127,0,0,45,59
128,0,0,45,59
129,0,0,45,59
130,0,0,45,59
131,0,0,45,59
132,0,0,45,59
133,0,0,45,59
134,0,0,45,59
135,0,0,45,59
136,0,0,45,59
137,0,0,45,59
138,0,0,45,59
139,0,0,45,59
140,0,0,45,59
141,0,0,45,59
142,0,0,45,59
143,0,0,45,59
144,0,0,45,59
145,0,0,45,59
146,0,0,45,59
147,0,0,45,59
148,0,0,45,59
149,0,0,45,59
150,0,0,45,59
151,0,0,45,59
152,0,0,45,59
153,0,0,45,59
154,0,0,45,59
155,0,0,45,59
156,0,0,45,59
157,0,0,45,59
158,0,0,45,59
159,0,0,45,59
160,0,0,45,59
161,0,0,45,59
162,0,0,45,59
163,0,0,45,59
164,0,0,45,59
165,0,0,45,59
166,0,0,45,59
167,0,0,45,59
168,0,0,45,59
169,0,0,45,59
170,0,0,45,59
171,0,0,45,59
172,0,0,45,59
173,0,0,45,59
174,0,0,45,59
175,0,0,45,59
176,0,0,45,59
177,0,0,45,59
178,0,0,45,59
179,0,0,45,59
180,0,0,45,59
181,0,0,45,59
182,0,0,45,59
183,0,0,45,59
184,0,0,45,59
185,0,0,45,59
186,0,0,45,59
187,0,0,45,59
188,0,0,45,59
189,0,0,45,59
190,0,0,45,59
191,0,0,45,59
192,0,0,45,59
193,0,0,45,59
194,0,0,45,59
195,0,0,45,59
196,0,0,45,59
197,0,0,45,59
198,0,0,45,59
199,0,0,45,59
200,0,0,45,59
201,0,0,45,59
202,0,0,45,59
203,0,0,45,59
204,0,0,45,59
205,0,0,45,59
206,0,0,45,59
207,0,0,45,59
208,0,0,45,59
209,0,0,45,59
210,0,0,45,59
211,0,0,45,59
212,0,0,45,59
213,0,0,45,59
214,0,0,45,59
215,0,0,45,59
216,0,0,45,59
217,0,0,45,59
218,0,0,45,59
219,0,0,45,59
220,0,0,45,59
221,0,0,45,59
222,0,0,45,59
223,0,0,45,59
224,0,0,45,59
225,0,0,45,59
226,0,0,45,59
227,0,0,45,59
228,0,0,45,59
229,0,0,45,59
230,0,0,45,59
231,0,0,45,59
232,0,0,45,59
233,0,0,45,59
234,0,0,45,59
235,0,0,45,59
236,0,0,45,59
237,0,0,45,59
238,0,0,45,59
239,0,0,45,59
240,0,0,45,59
241,0,0,45,59
242,0,0,45,59
243,0,0,45,59
244,0,0,45,59
245,0,0,45,59
246,0,0,45,59
247,0,0,45,59
248,0,0,45,59
249,0,0,45,59
250,0,0,45,59
251,0,0,45,59
252,0,0,45,59
253,0,0,45,59
254,0,0,45,59
255,0,0,45,59
256,0,0,45,59
257,0,0,45,59
258,0,0,45,59
259,0,0,45,59
260,0,0,45,59
261,0,0,45,59
262,0,0,45,59
263,0,0,45,59
264,0,0,45,59
265,0,0,45,59
266,0,0,45,59
267,0,0,45,59
268,0,0,45,59
269,0,0,45,59
270,0,0,45,59
271,0,0,45,59
272,0,0,45,59
273,0,0,45,59
274,0,0,45,59
275,0,0,45,59
276,0,0,45,59
277,0,0,45,59
278,0,0,45,59
279,0,0,45,59
280,0,0,45,59
281,0,0,45,59
282,0,0,45,59
283,0,0,45,59
284,0,0,45,59
285,0,0,45,59
286,0,0,45,59
287,0,0,45,59
288,0,0,45,59
289,0,0,45,59
290,0,0,45,59
291,0,0,45,59
292,0,0,45,59
293,0,0,45,59
294,0,0,45,59
295,0,0,45,59
296,0,0,45,59
297,0,0,45,59
298,0,0,45,59
