08-Clutter 9
16,207,75,69,89
17,209,76,69,89
18,210,78,69,89
19,213,79,69,89
20,216,80,69,89
21,219,81,69,89
22,222,83,69,89
23,227,86,69,89
24,233,87,69,89
25,8,39,69,89
26,7,39,69,89
27,4,39,69,89
28,1,39,69,89
29,0,39,69,89
30,0,39,69,89
31,0,39,69,89
32,0,39,69,89
33,0,39,69,89
34,0,39,69,89
35,0,40,69,89
36,0,47,69,89
37,0,52,69,89
38,1,52,69,89
39,3,51,69,89
40,9,51,69,89
41,17,51,69,89
42,20,51,69,89
43,34,50,69,89
44,512,242,69,89
45,512,239,69,89
46,497,229,69,89
47,482,207,69,89
48,472,189,69,89
49,32,85,69,89
50,44,245,69,89
51,42,259,69,89
52,463,141,69,89
53,478,158,69,89
54,92,202,69,89
55,93,204,69,89
56,92,204,69,89
57,86,202,69,89
58,79,197,69,89
59,203,211,69,89
60,196,211,69,89
61,188,212,69,89
62,179,214,69,89
63,173,218,69,89
64,169,223,69,89
65,162,226,69,89
66,155,227,69,89
67,149,228,69,89
68,145,228,69,89
69,144,228,69,89
70,144,217,69,89
71,143,209,69,89
72,536,304,69,89
73,532,280,69,89
74,524,256,69,89
75,519,239,69,89
76,519,231,69,89
77,518,232,69,89
78,514,247,69,89
79,518,273,69,89
80,526,311,69,89
81,536,360,69,89
82,72,269,69,89
83,76,275,69,89
84,88,275,69,89
85,79,288,69,89
86,86,286,69,89
87,94,281,69,89
88,98,279,69,89
89,101,279,69,89
90,100,284,69,89
91,100,284,69,89
92,99,286,69,89
93,95,293,69,89
94,93,294,69,89
95,94,288,69,89
96,96,284,69,89
97,99,270,69,89
98,104,259,69,89
99,110,253,69,89
100,114,248,69,89
101,116,242,69,89
102,119,240,69,89
103,126,242,69,89
104,131,246,69,89
105,135,250,69,89
106,138,255,69,89
107,138,264,69,89
108,231,306,69,89
109,233,310,69,89
110,139,305,69,89
111,239,318,69,89
112,148,296,69,89
113,152,296,69,89
114,154,300,69,89
115,157,300,69,89
116,161,301,69,89
117,165,309,69,89
118,167,337,69,89
119,175,354,69,89
120,180,361,69,89
