09-Confusion 14
1,1096,610,53,56
2,1052,603,53,56
3,1055,607,53,56
4,1060,611,53,56
5,1068,618,53,56
6,1075,623,53,56
7,1080,628,53,56
8,1088,632,53,56
9,1096,636,53,56
10,1101,641,53,56
11,1108,645,53,56
12,1115,649,53,56
13,416,570,53,56
14,421,572,53,56
15,427,574,53,56
16,432,576,53,56
17,437,578,53,56
18,443,580,53,56
19,449,582,53,56
20,454,583,53,56
21,459,585,53,56
22,445,602,53,56
23,445,603,53,56
24,455,527,53,56
25,461,528,53,56
26,465,529,53,56
27,473,531,53,56
28,480,533,53,56
29,486,535,53,56
30,489,537,53,56
31,490,539,53,56
32,490,541,53,56
33,489,542,53,56
34,487,543,53,56
35,483,543,53,56
36,478,543,53,56
37,471,543,53,56
38,463,543,53,56
39,453,542,53,56
40,441,540,53,56
41,428,538,53,56
42,413,536,53,56
43,397,534,53,56
44,379,532,53,56
45,360,530,53,56
46,339,528,53,56
47,317,526,53,56
48,293,523,53,56
49,266,522,53,56
50,204,629,53,56
51,173,630,53,56
52,135,633,53,56
53,98,635,53,56
54,62,638,53,56
55,21,641,53,56
56,145,596,53,56
57,102,598,53,56
58,58,602,53,56
59,13,607,53,56
60,755,583,53,56
61,713,578,53,56
62,668,574,53,56
63,625,571,53,56
