09-Confusion 10
72,763,669,58,132
73,765,668,58,132
74,767,668,58,132
75,767,669,58,132
76,766,670,58,132
77,765,671,58,132
78,764,673,58,132
79,762,675,58,132
80,759,676,58,132
81,756,677,58,132
82,753,677,58,132
83,750,675,58,132
84,748,673,58,132
85,747,670,58,132
86,746,667,58,132
87,745,665,58,132
88,745,664,58,132
89,744,664,58,132
90,743,664,58,132
91,743,665,58,132
92,744,666,58,132
93,746,668,58,132
94,748,670,58,132
95,749,672,58,132
96,749,674,58,132
97,748,675,58,132
98,746,675,58,132
99,745,673,58,132
100,744,671,58,132
101,743,670,58,132
102,744,669,58,132
103,747,668,58,132
104,749,667,58,132
105,750,667,58,132
106,751,668,58,132
107,751,669,58,132
108,752,671,58,132
109,753,674,58,132
110,754,678,58,132
111,755,682,58,132
112,755,685,58,132
113,755,686,58,132
114,755,686,58,132
115,755,686,58,132
116,754,685,58,132
117,754,683,58,132
118,753,682,58,132
119,752,680,58,132
120,750,678,58,132
121,749,676,58,132
122,749,675,58,132
123,748,675,58,132
124,747,676,58,132
125,747,678,58,132
126,747,681,58,132
127,748,684,58,132
128,748,687,58,132
129,747,688,58,132
130,747,688,58,132
131,747,688,58,132
132,748,687,58,132
133,749,685,58,132
134,750,684,58,132
135,751,684,58,132
136,752,684,58,132
137,753,684,58,132
138,754,685,58,132
139,755,687,58,132
140,756,688,58,132
141,756,690,58,132
142,756,692,58,132
143,756,694,58,132
144,755,697,58,132
145,754,700,58,132
146,752,703,58,132
147,749,704,58,132
148,745,703,58,132
149,743,701,58,132
150,740,699,58,132
151,737,697,58,132
152,735,696,58,132
153,733,695,58,132
154,731,694,58,132
155,729,694,58,132
156,727,694,58,132
157,725,694,58,132
158,722,695,58,132
159,719,697,58,132
160,717,698,58,132
161,715,699,58,132
162,713,699,58,132
163,711,699,58,132
164,710,697,58,132
165,710,694,58,132
166,711,691,58,132
167,711,688,58,132
168,712,686,58,132
169,714,684,58,132
170,716,683,58,132
171,719,682,58,132
172,721,681,58,132
