09-Confusion 33
84,324,419,26,58
85,0,0,26,58
86,0,0,26,58
87,0,0,26,58
88,0,0,26,58
89,0,0,26,58
90,0,0,26,58
91,0,0,26,58
92,0,0,26,58
93,0,0,26,58
94,0,0,26,58
95,0,0,26,58
96,0,0,26,58
97,0,0,26,58
98,0,0,26,58
99,0,0,26,58
100,0,0,26,58
101,0,0,26,58
102,0,0,26,58
103,0,0,26,58
104,0,0,26,58
105,0,0,26,58
106,0,0,26,58
107,0,0,26,58
108,0,0,26,58
109,0,0,26,58
110,0,0,26,58
111,0,0,26,58
112,0,0,26,58
113,0,0,26,58
114,0,0,26,58
115,0,0,26,58
116,0,0,26,58
117,0,0,26,58
118,0,0,26,58
119,0,0,26,58
120,0,0,26,58
121,0,0,26,58
122,0,0,26,58
123,0,0,26,58
124,0,0,26,58
125,0,0,26,58
126,0,0,26,58
127,0,0,26,58
128,0,0,26,58
129,0,0,26,58
130,0,0,26,58
131,0,0,26,58
132,0,0,26,58
133,0,0,26,58
134,0,0,26,58
135,0,0,26,58
136,0,0,26,58
137,0,0,26,58
138,0,0,26,58
139,0,0,26,58
140,0,0,26,58
141,0,0,26,58
142,0,0,26,58
143,0,0,26,58
144,0,0,26,58
145,0,0,26,58
146,0,0,26,58
147,0,0,26,58
148,0,0,26,58
149,0,0,26,58
150,0,0,26,58
151,0,0,26,58
152,0,0,26,58
153,0,0,26,58
154,0,0,26,58
155,0,0,26,58
156,0,0,26,58
157,0,0,26,58
158,0,0,26,58
159,0,0,26,58
160,0,0,26,58
161,0,0,26,58
162,0,0,26,58
163,0,0,26,58
164,0,0,26,58
165,0,0,26,58
166,0,0,26,58
167,0,0,26,58
168,0,0,26,58
169,0,0,26,58
170,0,0,26,58
171,0,0,26,58
172,0,0,26,58
173,0,0,26,58
174,0,0,26,58
175,0,0,26,58
176,0,0,26,58
177,0,0,26,58
178,0,0,26,58
179,0,0,26,58
180,0,0,26,58
181,0,0,26,58
182,0,0,26,58
183,0,0,26,58
184,0,0,26,58
185,0,0,26,58
186,0,0,26,58
187,0,0,26,58
188,0,0,26,58
189,0,0,26,58
190,0,0,26,58
191,0,0,26,58
192,0,0,26,58
193,0,0,26,58
194,0,0,26,58
195,0,0,26,58
196,0,0,26,58
197,0,0,26,58
198,0,0,26,58
199,0,0,26,58
200,0,0,26,58
201,0,0,26,58
202,0,0,26,58
203,0,0,26,58
204,0,0,26,58
205,0,0,26,58
206,0,0,26,58
207,0,0,26,58
208,0,0,26,58
209,0,0,26,58
210,0,0,26,58
211,0,0,26,58
212,0,0,26,58
213,0,0,26,58
214,0,0,26,58
215,0,0,26,58
216,0,0,26,58
217,0,0,26,58
218,0,0,26,58
219,0,0,26,58
220,0,0,26,58
221,0,0,26,58
222,0,0,26,58
223,0,0,26,58
224,0,0,26,58
225,0,0,26,58
226,0,0,26,58
227,0,0,26,58
228,0,0,26,58
229,0,0,26,58
230,0,0,26,58
231,0,0,26,58
232,0,0,26,58
233,0,0,26,58
234,0,0,26,58
235,0,0,26,58
236,0,0,26,58
237,0,0,26,58
238,0,0,26,58
239,0,0,26,58
240,0,0,26,58
241,0,0,26,58
242,0,0,26,58
243,0,0,26,58
244,0,0,26,58
245,0,0,26,58
246,0,0,26,58
247,0,0,26,58
248,0,0,26,58
249,0,0,26,58
250,0,0,26,58
251,0,0,26,58
252,0,0,26,58
253,0,0,26,58
254,0,0,26,58
255,0,0,26,58
256,0,0,26,58
257,0,0,26,58
258,0,0,26,58
259,0,0,26,58
260,0,0,26,58
261,0,0,26,58
262,0,0,26,58
263,0,0,26,58
264,0,0,26,58
265,0,0,26,58
266,0,0,26,58
267,0,0,26,58
268,0,0,26,58
269,0,0,26,58
270,0,0,26,58
271,0,0,26,58
272,0,0,26,58
273,0,0,26,58
274,0,0,26,58
275,0,0,26,58
276,0,0,26,58
277,0,0,26,58
278,0,0,26,58
279,0,0,26,58
280,0,0,26,58
281,0,0,26,58
282,0,0,26,58
283,0,0,26,58
284,0,0,26,58
285,0,0,26,58
286,0,0,26,58
287,0,0,26,58
288,0,0,26,58
289,0,0,26,58
290,0,0,26,58
