10-LowContrast 4
61,496,425,45,83
62,496,426,45,83
63,496,429,45,83
64,496,430,45,83
65,496,431,45,83
66,496,432,45,83
67,497,433,45,83
68,497,433,45,83
69,498,433,45,83
70,499,431,45,83
71,500,428,45,83
72,500,425,45,83
73,500,422,45,83
74,500,418,45,83
75,499,406,45,83
76,506,406,45,83
77,506,401,45,83
78,507,400,45,83
79,508,399,45,83
80,508,398,45,83
81,508,395,45,83
82,509,392,45,83
83,510,392,45,83
84,510,392,45,83
85,511,393,45,83
86,512,394,45,83
87,513,402,45,83
88,514,408,45,83
89,514,409,45,83
90,514,409,45,83
91,514,409,45,83
92,514,409,45,83
93,514,408,45,83
94,514,407,45,83
95,515,407,45,83
96,515,407,45,83
97,515,407,45,83
98,515,407,45,83
99,514,407,45,83
100,513,406,45,83
101,512,406,45,83
102,511,406,45,83
103,510,406,45,83
104,509,407,45,83
105,507,409,45,83
106,503,413,45,83
107,499,414,45,83
108,496,414,45,83
109,493,414,45,83
110,489,414,45,83
111,478,411,45,83
112,471,410,45,83
113,468,410,45,83
114,465,410,45,83
115,458,410,45,83
116,454,410,45,83
117,445,410,45,83
118,431,410,45,83
119,421,410,45,83
120,416,410,45,83
121,412,410,45,83
122,407,410,45,83
123,392,409,45,83
124,381,407,45,83
125,376,407,45,83
126,371,406,45,83
127,360,405,45,83
128,355,405,45,83
129,344,405,45,83
130,344,404,45,83
131,343,405,45,83
132,105,583,45,83
133,105,583,45,83
134,105,583,45,83
135,105,583,45,83
136,105,583,45,83
137,105,583,45,83
138,105,583,45,83
139,105,583,45,83
140,105,583,45,83
141,105,583,45,83
142,105,583,45,83
143,105,583,45,83
144,105,583,45,83
145,105,583,45,83
146,105,583,45,83
147,105,583,45,83
148,105,583,45,83
149,105,583,45,83
150,105,583,45,83
151,105,583,45,83
152,105,583,45,83
153,105,583,45,83
154,105,583,45,83
155,105,583,45,83
156,105,583,45,83
157,113,583,45,83
158,113,583,45,83
159,113,583,45,83
160,116,582,45,83
161,117,582,45,83
162,160,626,45,83
163,160,626,45,83
164,160,626,45,83
165,165,626,45,83
166,165,626,45,83
167,165,626,45,83
168,165,626,45,83
169,169,626,45,83
170,169,626,45,83
171,169,626,45,83
172,169,626,45,83
173,172,626,45,83
174,172,626,45,83
175,172,626,45,83
176,172,626,45,83
177,172,626,45,83
