11-Occlusion 8
31,490,415,55,47
32,490,400,55,47
33,491,388,55,47
34,492,378,55,47
35,493,371,55,47
36,494,367,55,47
37,494,366,55,47
38,495,368,55,47
39,496,372,55,47
40,498,380,55,47
41,499,390,55,47
42,707,470,55,47
43,707,470,55,47
44,707,470,55,47
45,707,470,55,47
46,707,470,55,47
47,708,470,55,47
48,709,470,55,47
49,710,470,55,47
50,711,470,55,47
51,712,470,55,47
52,714,470,55,47
53,716,470,55,47
54,719,470,55,47
55,723,470,55,47
56,727,470,55,47
57,731,470,55,47
58,734,470,55,47
59,736,470,55,47
60,737,470,55,47
61,736,470,55,47
62,734,470,55,47
63,731,470,55,47
64,728,470,55,47
65,724,470,55,47
66,721,470,55,47
67,718,470,55,47
68,715,470,55,47
69,713,470,55,47
70,711,470,55,47
71,710,470,55,47
72,710,470,55,47
73,710,470,55,47
74,710,470,55,47
75,710,470,55,47
76,710,470,55,47
77,710,470,55,47
78,710,470,55,47
79,710,470,55,47
80,710,470,55,47
81,710,470,55,47
82,710,470,55,47
83,710,470,55,47
84,710,470,55,47
85,710,470,55,47
86,710,470,55,47
87,710,470,55,47
88,710,470,55,47
89,711,470,55,47
90,712,470,55,47
91,712,470,55,47
92,712,470,55,47
93,712,470,55,47
94,712,470,55,47
95,712,470,55,47
96,712,470,55,47
97,712,470,55,47
98,712,470,55,47
99,712,470,55,47
100,712,470,55,47
101,712,470,55,47
102,712,470,55,47
103,712,470,55,47
104,712,470,55,47
105,712,470,55,47
106,712,470,55,47
107,712,470,55,47
108,712,470,55,47
109,712,470,55,47
110,712,470,55,47
111,712,470,55,47
112,712,470,55,47
113,712,470,55,47
114,712,470,55,47
115,712,470,55,47
116,712,470,55,47
117,712,470,55,47
118,712,470,55,47
119,712,470,55,47
120,712,470,55,47
121,712,470,55,47
122,712,470,55,47
123,712,470,55,47
124,712,470,55,47
125,712,470,55,47
126,712,470,55,47
127,712,470,55,47
128,712,470,55,47
129,712,470,55,47
130,712,470,55,47
131,712,470,55,47
132,712,470,55,47
133,712,470,55,47
134,712,470,55,47
135,711,470,55,47
