12-MovingCamera 6
16,503,832,62,90
17,470,843,62,90
18,470,814,62,90
19,464,832,62,90
20,502,813,62,90
21,902,441,62,90
22,868,414,62,90
23,861,377,62,90
24,859,358,62,90
25,1413,720,62,90
26,1435,709,62,90
27,1466,693,62,90
28,1487,682,62,90
29,1755,313,62,90
30,1770,303,62,90
31,1789,278,62,90
32,1829,285,62,90
33,1674,63,62,90
34,1692,44,62,90
35,1656,36,62,90
36,1638,32,62,90
37,1636,41,62,90
38,1623,31,62,90
39,1606,7,62,90
40,1581,3,62,90
41,1805,175,62,90
42,1834,208,62,90
43,1842,200,62,90
44,1759,271,62,90
45,1236,486,62,90
46,1251,489,62,90
47,1269,462,62,90
48,1318,452,62,90
49,1350,450,62,90
50,1394,464,62,90
51,1435,485,62,90
52,1458,532,62,90
53,1507,553,62,90
54,1585,554,62,90
55,1624,554,62,90
56,1633,545,62,90
57,1696,567,62,90
58,1696,570,62,90
59,1675,555,62,90
60,334,745,62,90
61,1492,490,62,90
62,1446,460,62,90
63,1446,459,62,90
64,1479,470,62,90
65,1455,465,62,90
66,1382,455,62,90
67,1408,404,62,90
68,1412,421,62,90
69,1459,439,62,90
70,1468,499,62,90
71,1506,515,62,90
72,1490,519,62,90
73,1467,492,62,90
74,1465,499,62,90
75,1384,544,62,90
76,1359,591,62,90
77,1343,592,62,90
78,1283,588,62,90
79,1177,571,62,90
80,1105,539,62,90
81,1060,537,62,90
82,1048,533,62,90
83,1046,547,62,90
84,1048,538,62,90
85,1048,537,62,90
86,1047,516,62,90
87,1039,527,62,90
88,1071,560,62,90
89,1018,624,62,90
90,1012,624,62,90
91,980,592,62,90
92,958,592,62,90
93,988,612,62,90
94,1004,643,62,90
95,968,686,62,90
96,964,677,62,90
97,982,659,62,90
98,987,663,62,90
99,1040,651,62,90
100,1084,668,62,90
101,1156,644,62,90
102,1192,644,62,90
103,1538,620,62,90
104,1351,628,62,90
105,1347,608,62,90
106,1319,613,62,90
107,1319,609,62,90
108,1319,589,62,90
109,1312,613,62,90
110,1342,605,62,90
111,1366,620,62,90
112,1383,636,62,90
113,1383,627,62,90
114,1389,608,62,90
115,1402,605,62,90
116,1458,571,62,90
117,1506,529,62,90
118,1554,513,62,90
119,1624,481,62,90
120,1692,456,62,90
121,1743,436,62,90
122,1410,281,62,90
123,1775,352,62,90
124,1819,332,62,90
125,1842,313,62,90
126,107,892,62,90
127,1589,218,62,90
128,1560,209,62,90
129,1552,219,62,90
130,1501,212,62,90
131,1454,189,62,90
132,1507,168,62,90
133,1445,156,62,90
134,1433,123,62,90
135,1429,125,62,90
136,1390,134,62,90
137,1320,170,62,90
138,1428,185,62,90
139,1455,203,62,90
140,1739,300,62,90
141,1750,299,62,90
142,1787,293,62,90
143,1463,176,62,90
144,1511,168,62,90
