12-MovingCamera 1
1,740,80,155,242
2,740,80,155,242
3,740,80,155,242
4,740,80,155,242
5,740,80,155,242
6,740,80,155,242
7,740,80,155,242
8,740,80,155,242
9,740,80,155,242
10,740,80,155,242
11,740,80,155,242
12,740,80,155,242
13,740,80,155,242
14,740,80,155,242
15,740,79,155,242
16,740,78,155,242
17,740,77,155,242
18,740,76,155,242
19,740,75,155,242
20,740,74,155,242
21,740,73,155,242
22,740,72,155,242
23,740,71,155,242
24,740,70,155,242
25,740,69,155,242
26,740,69,155,242
27,740,68,155,242
28,740,67,155,242
29,740,66,155,242
30,740,65,155,242
31,740,65,155,242
32,740,65,155,242
33,740,65,155,242
34,740,65,155,242
35,740,64,155,242
36,740,64,155,242
37,740,64,155,242
38,740,64,155,242
39,740,64,155,242
40,740,64,155,242
41,740,64,155,242
42,740,64,155,242
43,740,64,155,242
44,740,64,155,242
45,740,64,155,242
46,740,64,155,242
47,740,64,155,242
48,740,64,155,242
49,740,64,155,242
50,740,64,155,242
51,740,64,155,242
52,740,64,155,242
53,740,64,155,242
54,740,64,155,242
55,740,64,155,242
56,740,64,155,242
57,740,64,155,242
58,740,64,155,242
59,740,64,155,242
60,740,64,155,242
61,740,64,155,242
62,740,64,155,242
63,740,64,155,242
64,740,64,155,242
65,740,64,155,242
66,740,64,155,242
67,740,64,155,242
68,740,64,155,242
69,740,64,155,242
70,740,64,155,242
71,740,64,155,242
72,740,64,155,242
73,740,64,155,242
74,740,64,155,242
75,740,64,155,242
76,740,64,155,242
77,740,64,155,242
78,740,64,155,242
79,740,64,155,242
80,740,64,155,242
81,740,64,155,242
82,741,64,155,242
83,742,64,155,242
84,743,64,155,242
85,744,64,155,242
86,745,64,155,242
87,746,64,155,242
88,747,64,155,242
89,748,64,155,242
90,749,64,155,242
91,750,64,155,242
92,751,64,155,242
93,752,64,155,242
94,753,63,155,242
95,754,62,155,242
96,755,61,155,242
97,756,60,155,242
98,757,60,155,242
99,758,59,155,242
100,759,58,155,242
101,760,57,155,242
102,761,57,155,242
103,762,57,155,242
104,763,57,155,242
105,764,57,155,242
106,766,57,155,242
107,768,57,155,242
108,770,57,155,242
109,771,57,155,242
110,772,57,155,242
111,773,57,155,242
112,775,57,155,242
113,777,57,155,242
114,779,57,155,242
115,780,57,155,242
116,781,57,155,242
117,782,57,155,242
118,783,57,155,242
119,784,57,155,242
120,785,57,155,242
121,786,57,155,242
122,786,57,155,242
123,786,57,155,242
124,787,57,155,242
125,788,57,155,242
126,789,57,155,242
127,790,57,155,242
128,790,57,155,242
129,790,57,155,242
130,791,57,155,242
131,792,57,155,242
132,793,57,155,242
133,793,57,155,242
134,793,57,155,242
135,793,57,155,242
136,793,57,155,242
137,793,57,155,242
138,793,57,155,242
139,793,57,155,242
140,793,57,155,242
141,793,57,155,242
142,793,57,155,242
143,793,57,155,242
144,793,57,155,242
145,793,57,155,242
146,793,57,155,242
147,793,57,155,242
148,794,57,155,242
149,795,57,155,242
150,796,57,155,242
151,797,57,155,242
152,798,57,155,242
153,799,57,155,242
154,800,57,155,242
155,801,57,155,242
156,802,57,155,242
157,803,57,155,242
158,803,57,155,242
159,803,57,155,242
160,804,57,155,242
161,805,57,155,242
162,806,57,155,242
163,807,57,155,242
164,808,57,155,242
165,808,57,155,242
166,809,57,155,242
167,810,57,155,242
168,811,57,155,242
169,812,57,155,242
170,813,57,155,242
171,814,57,155,242
172,815,57,155,242
173,816,57,155,242
174,817,57,155,242
175,818,57,155,242
176,819,57,155,242
177,820,57,155,242
178,822,57,155,242
179,824,57,155,242
180,826,57,155,242
181,828,57,155,242
182,829,57,155,242
183,830,57,155,242
184,832,57,155,242
185,834,57,155,242
186,836,57,155,242
187,838,57,155,242
188,839,57,155,242
189,840,57,155,242
190,842,57,155,242
191,844,57,155,242
192,846,57,155,242
193,848,57,155,242
194,849,57,155,242
195,850,57,155,242
196,852,57,155,242
197,854,57,155,242
198,856,57,155,242
199,858,57,155,242
200,859,57,155,242
201,860,57,155,242
202,862,57,155,242
203,864,57,155,242
204,866,57,155,242
205,868,57,155,242
206,869,57,155,242
207,870,57,155,242
208,871,57,155,242
209,873,57,155,242
210,875,57,155,242
211,877,57,155,242
212,878,57,155,242
213,879,57,155,242
214,880,57,155,242
215,881,57,155,242
216,882,57,155,242
217,883,57,155,242
218,884,57,155,242
219,885,57,155,242
220,886,57,155,242
221,887,57,155,242
222,888,57,155,242
223,889,57,155,242
224,890,57,155,242
225,891,57,155,242
226,892,57,155,242
227,893,57,155,242
228,893,57,155,242
229,893,57,155,242
230,893,57,155,242
231,893,57,155,242
232,894,57,155,242
233,895,57,155,242
234,895,57,155,242
235,895,57,155,242
236,895,57,155,242
237,896,57,155,242
238,897,57,155,242
239,898,57,155,242
240,899,57,155,242
241,899,57,155,242
242,899,57,155,242
243,899,57,155,242
244,900,57,155,242
245,901,57,155,242
246,902,57,155,242
247,903,57,155,242
248,904,57,155,242
249,905,57,155,242
250,906,57,155,242
251,907,57,155,242
252,908,58,155,242
253,909,58,155,242
254,910,58,155,242
255,911,58,155,242
256,912,58,155,242
257,913,58,155,242
258,914,58,155,242
259,915,58,155,242
260,916,58,155,242
261,917,58,155,242
262,918,58,155,242
263,919,58,155,242
264,920,58,155,242
265,921,58,155,242
266,922,58,155,242
267,923,58,155,242
268,924,58,155,242
269,925,58,155,242
270,926,58,155,242
271,927,58,155,242
272,927,58,155,242
273,928,58,155,242
274,929,58,155,242
275,930,58,155,242
276,931,58,155,242
277,932,58,155,242
278,933,58,155,242
279,934,58,155,242
280,935,58,155,242
281,936,58,155,242
282,937,58,155,242
283,938,58,155,242
284,939,58,155,242
285,940,58,155,242
286,941,58,155,242
287,942,58,155,242
288,943,58,155,242
289,944,58,155,242
290,944,58,155,242
291,944,58,155,242
292,945,58,155,242
293,946,58,155,242
294,947,58,155,242
295,947,58,155,242
296,947,58,155,242
297,947,58,155,242
298,948,58,155,242
299,949,58,155,242
300,950,58,155,242
301,950,58,155,242
302,950,58,155,242
303,950,58,155,242
304,950,58,155,242
305,951,58,155,242
306,952,58,155,242
307,952,58,155,242
308,952,58,155,242
309,952,58,155,242
310,953,58,155,242
311,954,58,155,242
312,955,58,155,242
313,955,58,155,242
314,956,58,155,242
315,956,58,155,242
316,957,58,155,242
317,958,58,155,242
318,959,58,155,242
319,960,58,155,242
320,960,58,155,242
321,960,58,155,242
322,961,58,155,242
323,962,58,155,242
324,963,58,155,242
325,964,58,155,242
326,964,58,155,242
327,964,58,155,242
328,965,58,155,242
329,966,58,155,242
330,967,58,155,242
331,968,58,155,242
332,969,58,155,242
333,970,58,155,242
334,971,58,155,242
335,972,58,155,242
336,973,58,155,242
337,974,58,155,242
338,975,58,155,242
339,976,58,155,242
340,977,58,155,242
341,978,58,155,242
342,979,58,155,242
343,980,58,155,242
344,981,58,155,242
345,982,58,155,242
346,983,58,155,242
347,984,58,155,242
348,985,58,155,242
349,986,58,155,242
350,987,58,155,242
351,988,58,155,242
352,989,58,155,242
353,990,58,155,242
354,991,58,155,242
355,992,58,155,242
356,993,58,155,242
357,994,58,155,242
358,995,58,155,242
359,996,58,155,242
360,997,58,155,242
361,998,58,155,242
362,999,58,155,242
363,1000,58,155,242
364,1001,58,155,242
365,1002,58,155,242
366,1003,58,155,242
367,1004,58,155,242
368,1005,58,155,242
369,1006,58,155,242
370,1007,58,155,242
371,1008,58,155,242
372,1009,58,155,242
373,1010,58,155,242
374,1011,58,155,242
375,1012,58,155,242
376,1013,58,155,242
377,1014,58,155,242
378,1015,58,155,242
379,1016,58,155,242
380,1017,58,155,242
381,1018,58,155,242
382,1019,58,155,242
383,1020,58,155,242
384,1021,58,155,242
385,1022,58,155,242
386,1023,58,155,242
387,1024,58,155,242
388,1025,58,155,242
389,1026,58,155,242
390,1027,58,155,242
391,1028,58,155,242
392,1029,58,155,242
393,1030,58,155,242
394,1031,58,155,242
395,1032,58,155,242
396,1033,58,155,242
397,1034,58,155,242
398,1035,58,155,242
399,1036,58,155,242
400,1037,58,155,242
401,1038,58,155,242
402,1039,58,155,242
403,1040,58,155,242
404,1041,58,155,242
405,1042,58,155,242
406,1043,58,155,242
407,1044,58,155,242
408,1045,58,155,242
409,1047,59,155,242
410,1048,59,155,242
411,1049,59,155,242
412,1051,59,155,242
413,1054,60,155,242
414,1057,60,155,242
415,1060,60,155,242
416,1062,60,155,242
417,1062,60,155,242
418,1064,60,155,242
419,1066,60,155,242
420,1070,60,155,242
421,1074,60,155,242
422,1078,60,155,242
423,1080,60,155,242
424,1082,60,155,242
425,1085,60,155,242
426,1089,60,155,242
427,1093,60,155,242
428,1097,60,155,242
429,1099,60,155,242
430,1101,60,155,242
431,1104,60,155,242
432,1108,60,155,242
433,1112,60,155,242
434,1116,60,155,242
435,1118,60,155,242
436,1120,60,155,242
437,1123,60,155,242
438,1124,59,155,242
439,1124,59,155,242
440,1124,58,155,242
441,1124,57,155,242
442,1124,56,155,242
443,1124,55,155,242
444,1124,54,155,242
445,1124,53,155,242
446,1124,52,155,242
447,1124,51,155,242
448,1124,50,155,242
449,1124,49,155,242
450,1124,48,155,242
451,1124,47,155,242
452,1124,46,155,242
453,1124,46,155,242
454,1124,46,155,242
455,1124,46,155,242
456,1124,45,155,242
457,1124,45,155,242
458,1124,45,155,242
459,1124,45,155,242
460,1124,45,155,242
461,1124,45,155,242
462,1124,45,155,242
463,1124,45,155,242
464,1124,45,155,242
465,1124,45,155,242
466,1124,45,155,242
467,1124,45,155,242
468,1124,45,155,242
469,1124,45,155,242
470,1124,45,155,242
471,1124,45,155,242
472,1124,45,155,242
473,1124,45,155,242
474,1124,45,155,242
475,1124,45,155,242
476,1124,45,155,242
477,1124,45,155,242
478,1124,45,155,242
479,1124,45,155,242
480,1124,45,155,242
481,1124,45,155,242
482,1124,45,155,242
483,1124,45,155,242
484,1124,45,155,242
485,1124,45,155,242
486,1124,45,155,242
487,1124,45,155,242
488,1124,45,155,242
489,1124,45,155,242
490,1124,45,155,242
491,1124,45,155,242
492,1124,45,155,242
493,1124,46,155,242
494,1124,46,155,242
495,1124,47,155,242
496,1124,48,155,242
497,1124,48,155,242
498,1124,49,155,242
499,1124,50,155,242
500,1124,51,155,242
501,1124,52,155,242
502,1124,52,155,242
503,1124,52,155,242
504,1124,52,155,242
505,1124,52,155,242
506,1124,52,155,242
507,1124,52,155,242
508,1124,52,155,242
509,1124,52,155,242
510,1124,52,155,242
511,1124,52,155,242
512,1124,52,155,242
513,1124,52,155,242
514,1124,52,155,242
515,1124,52,155,242
516,1124,52,155,242
517,1124,52,155,242
518,1124,52,155,242
519,1124,52,155,242
520,1124,52,155,242
521,1124,52,155,242
522,1124,52,155,242
523,1124,52,155,242
524,1124,52,155,242
525,1124,52,155,242
526,1124,52,155,242
527,1124,52,155,242
528,1124,52,155,242
529,1124,52,155,242
530,1124,52,155,242
531,1124,52,155,242
532,1124,52,155,242
533,1124,52,155,242
534,1124,52,155,242
535,1124,52,155,242
536,1124,52,155,242
537,1124,52,155,242
538,1124,52,155,242
539,1124,52,155,242
540,1124,52,155,242
541,1124,52,155,242
542,1124,52,155,242
543,1124,52,155,242
544,1124,52,155,242
545,1124,52,155,242
546,1124,52,155,242
547,1124,52,155,242
548,1124,52,155,242
549,1124,52,155,242
550,1124,52,155,242
551,1124,52,155,242
552,1124,52,155,242
553,1124,52,155,242
554,1124,52,155,242
555,1124,52,155,242
556,1124,52,155,242
557,1124,52,155,242
558,1124,52,155,242
559,1124,52,155,242
560,1124,52,155,242
561,1124,52,155,242
562,1124,52,155,242
563,1124,52,155,242
564,1124,52,155,242
565,1124,52,155,242
566,1124,52,155,242
567,1124,52,155,242
568,1124,52,155,242
569,1124,52,155,242
570,1124,52,155,242
571,1124,53,155,242
572,1124,54,155,242
573,1124,55,155,242
574,1124,55,155,242
575,1124,55,155,242
576,1124,56,155,242
577,1124,57,155,242
578,1124,58,155,242
579,1124,58,155,242
580,1124,58,155,242
581,1124,58,155,242
582,1124,58,155,242
583,1124,58,155,242
584,1124,58,155,242
585,1124,58,155,242
586,1124,58,155,242
587,1124,58,155,242
588,1124,58,155,242
589,1124,58,155,242
590,1124,58,155,242
591,1124,58,155,242
592,1124,58,155,242
593,1124,58,155,242
594,1124,58,155,242
595,1124,58,155,242
596,1124,58,155,242
597,1124,58,155,242
598,1124,58,155,242
599,1124,58,155,242
600,1124,58,155,242
601,1124,58,155,242
602,1124,58,155,242
603,1124,58,155,242
604,1124,58,155,242
605,1124,58,155,242
606,1124,58,155,242
607,1124,58,155,242
608,1124,58,155,242
609,1124,58,155,242
610,1124,58,155,242
611,1124,58,155,242
612,1124,58,155,242
613,1124,58,155,242
614,1124,58,155,242
615,1124,58,155,242
616,1124,58,155,242
617,1124,58,155,242
618,1124,58,155,242
619,1124,58,155,242
620,1124,58,155,242
621,1124,58,155,242
622,1124,58,155,242
623,1124,58,155,242
624,1124,58,155,242
625,1124,58,155,242
626,1124,58,155,242
627,1124,58,155,242
628,1124,58,155,242
629,1124,58,155,242
630,1124,58,155,242
