12-MovingCamera 22
41,976,132,36,42
42,930,212,36,42
43,876,247,36,42
44,830,165,36,42
45,765,40,36,42
46,1037,122,36,42
47,739,105,36,42
48,717,140,36,42
49,677,186,36,42
50,625,235,36,42
51,581,271,36,42
52,564,317,36,42
53,551,360,36,42
54,543,371,36,42
55,550,385,36,42
56,619,381,36,42
57,658,425,36,42
58,668,447,36,42
59,626,461,36,42
60,590,413,36,42
61,553,352,36,42
62,544,335,36,42
63,536,369,36,42
64,525,376,36,42
65,512,440,36,42
66,448,459,36,42
67,441,439,36,42
68,449,432,36,42
69,436,452,36,42
70,449,503,36,42
71,588,436,36,42
72,611,437,36,42
73,617,444,36,42
74,630,404,36,42
75,667,362,36,42
76,656,394,36,42
77,621,406,36,42
78,596,325,36,42
79,546,319,36,42
80,502,374,36,42
81,502,313,36,42
82,512,233,36,42
83,814,200,36,42
84,812,289,36,42
85,807,298,36,42
86,816,274,36,42
87,821,313,36,42
88,821,377,36,42
89,789,387,36,42
90,803,374,36,42
91,819,371,36,42
92,814,403,36,42
93,841,431,36,42
94,871,438,36,42
95,872,429,36,42
96,897,483,36,42
97,890,551,36,42
98,854,525,36,42
99,853,451,36,42
100,880,423,36,42
101,846,476,36,42
102,822,460,36,42
103,848,373,36,42
104,841,356,36,42
105,804,388,36,42
106,814,377,36,42
107,802,387,36,42
108,781,402,36,42
109,800,420,36,42
110,793,397,36,42
111,788,382,36,42
112,770,394,36,42
113,739,376,36,42
114,723,346,36,42
115,739,316,36,42
116,717,312,36,42
117,715,271,36,42
118,731,252,36,42
119,723,251,36,42
120,741,257,36,42
121,764,260,36,42
122,753,267,36,42
123,753,328,36,42
124,780,343,36,42
125,789,343,36,42
126,802,355,36,42
127,838,333,36,42
128,877,304,36,42
129,917,282,36,42
130,955,312,36,42
131,948,322,36,42
132,980,246,36,42
133,1006,190,36,42
134,991,251,36,42
135,983,314,36,42
136,1006,267,36,42
137,1061,179,36,42
138,1103,167,36,42
139,1091,278,36,42
140,1129,314,36,42
141,1159,305,36,42
142,1138,348,36,42
143,1142,370,36,42
144,1140,396,36,42
145,1105,397,36,42
146,1092,419,36,42
147,1052,459,36,42
148,1003,449,36,42
149,1002,439,36,42
150,974,393,36,42
151,944,341,36,42
152,937,393,36,42
153,923,400,36,42
154,912,315,36,42
155,854,271,36,42
156,833,289,36,42
157,819,304,36,42
158,820,329,36,42
159,809,356,36,42
160,811,382,36,42
161,825,381,36,42
162,839,365,36,42
163,846,407,36,42
164,848,416,36,42
165,862,415,36,42
166,906,465,36,42
167,946,470,36,42
168,958,422,36,42
169,959,410,36,42
170,979,439,36,42
171,1006,392,36,42
172,1006,319,36,42
173,1027,319,36,42
174,1003,359,36,42
175,974,383,36,42
176,1001,381,36,42
177,1027,375,36,42
178,1032,387,36,42
179,1072,367,36,42
180,1099,361,36,42
181,1097,389,36,42
182,1117,407,36,42
183,1106,443,36,42
184,1089,446,36,42
185,1105,395,36,42
186,1104,325,36,42
187,1089,288,36,42
188,1080,258,36,42
189,1075,204,36,42
190,1059,158,36,42
191,1057,111,36,42
192,1050,126,36,42
193,1005,185,36,42
194,1000,181,36,42
195,999,187,36,42
196,977,225,36,42
197,986,258,36,42
198,989,300,36,42
199,981,314,36,42
200,997,326,36,42
201,1004,349,36,42
202,997,339,36,42
203,1016,312,36,42
204,1034,268,36,42
205,1023,229,36,42
206,1016,219,36,42
207,1003,218,36,42
208,971,211,36,42
209,954,203,36,42
210,958,211,36,42
211,940,255,36,42
212,934,284,36,42
213,945,297,36,42
214,938,316,36,42
215,932,366,36,42
216,964,360,36,42
217,974,299,36,42
218,959,304,36,42
219,958,304,36,42
220,991,274,36,42
221,981,286,36,42
222,951,256,36,42
223,943,153,36,42
224,924,79,36,42
225,910,87,36,42
226,896,145,36,42
227,880,189,36,42
228,866,189,36,42
229,877,181,36,42
230,829,217,36,42
231,806,256,36,42
232,816,255,36,42
233,804,272,36,42
234,816,346,36,42
235,836,370,36,42
236,821,316,36,42
237,845,295,36,42
238,1019,205,36,42
239,864,37,36,42
240,896,140,36,42
241,606,17,36,42
242,605,57,36,42
243,606,29,36,42
244,640,10,36,42
245,640,47,36,42
246,640,44,36,42
247,640,19,36,42
248,640,23,36,42
249,992,13,36,42
250,1033,162,36,42
251,1009,112,36,42
252,1043,119,36,42
253,685,1,36,42
254,842,63,36,42
255,1124,101,36,42
256,1062,173,36,42
257,902,84,36,42
258,662,52,36,42
259,647,141,36,42
260,598,229,36,42
261,594,228,36,42
262,578,255,36,42
263,532,316,36,42
264,556,327,36,42
265,555,315,36,42
266,523,320,36,42
267,546,295,36,42
268,554,303,36,42
269,561,348,36,42
270,567,340,36,42
271,581,323,36,42
272,596,297,36,42
273,606,240,36,42
274,589,186,36,42
275,628,159,36,42
276,658,175,36,42
277,682,163,36,42
278,711,105,36,42
279,722,137,36,42
280,979,151,36,42
281,1011,61,36,42
282,813,46,36,42
283,830,74,36,42
284,863,68,36,42
285,865,76,36,42
286,845,173,36,42
287,844,218,36,42
288,865,180,36,42
289,847,204,36,42
290,840,226,36,42
291,867,199,36,42
292,871,203,36,42
293,862,214,36,42
294,868,206,36,42
295,879,192,36,42
296,886,201,36,42
297,889,205,36,42
298,888,202,36,42
299,888,207,36,42
300,892,211,36,42
301,900,201,36,42
302,903,207,36,42
303,906,220,36,42
304,902,209,36,42
305,891,223,36,42
306,883,246,36,42
307,886,236,36,42
308,890,221,36,42
309,866,232,36,42
310,826,246,36,42
311,839,247,36,42
312,843,255,36,42
313,820,277,36,42
314,816,281,36,42
315,806,304,36,42
316,792,298,36,42
317,803,314,36,42
318,837,398,36,42
319,1124,278,36,42
320,1132,274,36,42
321,1156,238,36,42
322,810,242,36,42
323,807,210,36,42
324,1112,149,36,42
325,1087,129,36,42
326,1131,111,36,42
327,1130,87,36,42
328,1061,109,36,42
329,1066,221,36,42
330,1114,329,36,42
331,1092,310,36,42
332,781,255,36,42
333,796,217,36,42
334,857,275,36,42
335,871,330,36,42
336,849,329,36,42
337,863,305,36,42
338,913,296,36,42
339,896,299,36,42
340,894,310,36,42
341,906,319,36,42
342,903,291,36,42
343,1234,231,36,42
344,1242,198,36,42
345,922,227,36,42
346,927,257,36,42
347,901,285,36,42
348,906,287,36,42
349,907,245,36,42
350,1237,193,36,42
351,1207,193,36,42
352,827,199,36,42
353,1148,126,36,42
354,1103,128,36,42
355,1103,142,36,42
356,1145,123,36,42
357,1199,60,36,42
358,1207,50,36,42
359,1208,98,36,42
360,1210,145,36,42
361,1218,167,36,42
362,1218,167,36,42
363,1242,151,36,42
364,1215,123,36,42
365,1214,119,36,42
366,1214,135,36,42
367,1224,162,36,42
368,1227,168,36,42
369,1213,157,36,42
370,1215,145,36,42
371,1221,150,36,42
372,1217,164,36,42
373,1217,164,36,42
374,1218,153,36,42
375,1206,157,36,42
376,1200,159,36,42
377,1212,151,36,42
378,1215,148,36,42
379,1208,144,36,42
380,1214,142,36,42
381,1219,132,36,42
382,1213,134,36,42
383,1217,139,36,42
384,1222,131,36,42
385,1222,136,36,42
386,1228,143,36,42
387,1225,143,36,42
388,1224,146,36,42
389,1226,147,36,42
390,1226,155,36,42
391,1239,139,36,42
392,1242,115,36,42
393,1230,127,36,42
394,1237,140,36,42
395,1243,135,36,42
396,1243,137,36,42
397,1243,137,36,42
398,1243,137,36,42
399,1239,146,36,42
400,1243,145,36,42
401,1238,127,36,42
402,1232,121,36,42
403,1238,131,36,42
404,1238,127,36,42
405,1233,119,36,42
406,1232,115,36,42
407,1229,106,36,42
408,1224,105,36,42
409,1224,100,36,42
410,1222,99,36,42
411,1220,96,36,42
412,1217,88,36,42
413,1210,88,36,42
414,1208,92,36,42
415,1205,92,36,42
416,1195,88,36,42
417,1185,87,36,42
418,1181,94,36,42
419,1169,103,36,42
420,1155,90,36,42
421,1153,83,36,42
422,1156,91,36,42
423,1153,85,36,42
424,1143,83,36,42
425,1139,88,36,42
426,1143,81,36,42
427,1140,80,36,42
428,1133,90,36,42
429,1138,92,36,42
430,1142,96,36,42
431,1145,95,36,42
432,1147,92,36,42
433,1151,101,36,42
434,1153,105,36,42
435,1153,105,36,42
436,1158,105,36,42
437,1161,107,36,42
438,1162,103,36,42
439,1164,99,36,42
440,1166,99,36,42
441,1164,106,36,42
442,1164,108,36,42
443,1167,106,36,42
444,1166,104,36,42
445,1169,110,36,42
446,1177,113,36,42
447,1177,106,36,42
448,1179,104,36,42
449,1186,107,36,42
450,1188,103,36,42
451,1187,99,36,42
452,1192,103,36,42
453,1198,104,36,42
454,1198,101,36,42
455,1200,101,36,42
456,1203,97,36,42
457,1205,100,36,42
458,1210,105,36,42
459,1210,98,36,42
460,1208,94,36,42
461,1211,101,36,42
462,1213,95,36,42
463,1209,90,36,42
464,1213,97,36,42
465,1216,99,36,42
466,1216,96,36,42
467,1221,92,36,42
468,1224,93,36,42
469,1223,91,36,42
470,1223,86,36,42
471,1224,91,36,42
472,1221,90,36,42
473,1219,90,36,42
474,1219,93,36,42
475,1216,93,36,42
476,1215,93,36,42
477,1218,93,36,42
478,1215,95,36,42
479,1211,91,36,42
480,1215,85,36,42
481,1210,88,36,42
482,1204,99,36,42
483,1206,95,36,42
484,1202,92,36,42
485,1197,96,36,42
486,1197,96,36,42
487,1193,96,36,42
488,1193,96,36,42
489,1192,92,36,42
490,1200,93,36,42
491,1200,97,36,42
492,1205,92,36,42
493,1202,90,36,42
494,1201,100,36,42
495,1204,100,36,42
496,1202,94,36,42
497,1200,101,36,42
498,1202,103,36,42
499,1199,96,36,42
500,1199,99,36,42
501,1199,101,36,42
502,1190,92,36,42
503,1192,90,36,42
504,1195,86,36,42
505,1190,71,36,42
506,1188,66,36,42
507,1187,61,36,42
508,1182,49,36,42
509,1178,51,36,42
510,1176,57,36,42
511,1171,53,36,42
512,1170,58,36,42
513,1172,59,36,42
514,1168,53,36,42
515,1170,55,36,42
516,1167,50,36,42
517,1167,48,36,42
518,1169,56,36,42
519,1167,48,36,42
520,1164,44,36,42
521,1167,49,36,42
522,1167,43,36,42
523,1164,40,36,42
524,1164,47,36,42
525,1164,46,36,42
526,1161,41,36,42
527,1165,47,36,42
528,1162,48,36,42
529,1162,48,36,42
530,1162,50,36,42
531,1160,52,36,42
532,1152,49,36,42
533,1145,46,36,42
534,1139,44,36,42
535,1128,48,36,42
536,1120,46,36,42
537,1107,46,36,42
538,1099,42,36,42
539,1091,35,36,42
540,1081,43,36,42
541,1061,40,36,42
542,1058,27,36,42
543,1068,19,36,42
544,1068,16,36,42
545,1068,9,36,42
546,737,58,36,42
547,745,56,36,42
548,740,53,36,42
549,736,60,36,42
550,740,64,36,42
551,731,66,36,42
552,732,73,36,42
553,732,77,36,42
554,730,80,36,42
555,729,89,36,42
556,738,89,36,42
557,740,77,36,42
558,744,92,36,42
559,755,112,36,42
560,759,111,36,42
561,761,104,36,42
562,765,116,36,42
563,774,127,36,42
564,774,113,36,42
565,773,107,36,42
566,778,123,36,42
567,773,133,36,42
568,765,128,36,42
569,761,135,36,42
570,758,148,36,42
571,750,145,36,42
572,752,140,36,42
573,752,137,36,42
574,1104,89,36,42
575,1112,93,36,42
576,1110,91,36,42
577,1111,84,36,42
578,1119,88,36,42
579,1119,85,36,42
580,1115,69,36,42
581,1115,67,36,42
582,1119,78,36,42
583,1116,71,36,42
584,1113,63,36,42
585,1113,72,36,42
586,1113,80,36,42
587,1112,72,36,42
588,1112,65,36,42
589,1111,68,36,42
590,1109,72,36,42
591,1109,67,36,42
592,1108,66,36,42
593,1108,71,36,42
594,1110,71,36,42
595,1110,64,36,42
596,1108,72,36,42
597,1108,80,36,42
598,1112,70,36,42
599,1107,71,36,42
600,1108,79,36,42
601,1111,78,36,42
602,1108,73,36,42
603,1109,77,36,42
604,1110,80,36,42
605,1110,68,36,42
606,1113,65,36,42
607,1112,75,36,42
608,1111,69,36,42
609,1111,69,36,42
610,1109,76,36,42
611,1109,71,36,42
612,1110,71,36,42
613,1111,77,36,42
614,1111,76,36,42
615,1111,79,36,42
616,1114,82,36,42
617,1113,80,36,42
618,1117,78,36,42
619,1120,76,36,42
620,1117,76,36,42
621,1116,75,36,42
622,1116,75,36,42
623,1116,75,36,42
624,1119,76,36,42
625,1113,77,36,42
626,1121,75,36,42
627,1119,78,36,42
628,1119,83,36,42
629,1114,81,36,42
630,1116,77,36,42
631,1111,79,36,42
632,1115,86,36,42
633,1117,84,36,42
634,1115,78,36,42
635,1117,86,36,42
636,1117,86,36,42
637,1117,76,36,42
638,1118,76,36,42
639,1117,83,36,42
640,1115,81,36,42
641,1114,80,36,42
642,1107,80,36,42
643,1110,80,36,42
644,1108,80,36,42
645,1109,78,36,42
646,1106,85,36,42
647,1107,84,36,42
648,1107,80,36,42
649,1105,80,36,42
650,1102,80,36,42
651,1100,82,36,42
652,1103,82,36,42
653,1104,83,36,42
654,1103,85,36,42
655,1103,83,36,42
656,1101,87,36,42
657,1102,88,36,42
658,1102,89,36,42
659,1102,89,36,42
660,1101,90,36,42
661,1100,92,36,42
662,1100,92,36,42
663,1105,86,36,42
664,1102,87,36,42
665,1101,95,36,42
666,1099,88,36,42
667,1097,80,36,42
668,1098,86,36,42
669,1097,91,36,42
670,1096,89,36,42
671,1098,91,36,42
672,1101,93,36,42
673,1100,89,36,42
674,1107,87,36,42
675,1107,89,36,42
676,1106,89,36,42
677,1111,89,36,42
678,1113,87,36,42
679,1109,88,36,42
680,1112,92,36,42
681,1119,90,36,42
682,1131,92,36,42
683,1141,95,36,42
684,1141,95,36,42
