13-ZoomingCamera 7
1,562,271,104,76
2,562,271,104,76
3,562,271,104,76
4,562,271,104,76
5,562,271,104,76
6,562,271,104,76
7,562,271,104,76
8,562,271,104,76
9,562,271,104,76
10,562,271,104,76
11,562,271,104,76
12,562,271,104,76
13,562,272,104,76
14,562,272,104,76
15,562,272,104,76
16,562,272,104,76
17,562,272,104,76
18,562,272,104,76
19,562,272,104,76
20,562,272,104,76
21,562,272,104,76
22,562,272,104,76
23,562,272,104,76
24,562,272,104,76
25,562,272,104,76
26,562,272,104,76
27,562,272,104,76
28,562,272,104,76
29,562,272,104,76
30,562,272,104,76
31,562,272,104,76
32,562,272,104,76
33,562,272,104,76
34,562,272,104,76
35,562,272,104,76
36,562,272,104,76
37,562,272,104,76
38,562,272,104,76
39,562,272,104,76
40,562,272,104,76
41,562,272,104,76
42,562,273,104,76
43,562,273,104,76
44,562,273,104,76
45,562,273,104,76
46,562,273,104,76
47,562,273,104,76
48,562,273,104,76
49,562,273,104,76
50,562,273,104,76
51,562,273,104,76
52,562,273,104,76
53,562,273,104,76
54,562,273,104,76
55,562,273,104,76
56,562,273,104,76
57,562,274,104,76
58,562,274,104,76
59,562,274,104,76
60,562,274,104,76
61,562,274,104,76
62,562,274,104,76
63,562,274,104,76
64,562,274,104,76
65,562,274,104,76
66,562,274,104,76
67,562,274,104,76
68,562,274,104,76
69,562,274,104,76
70,562,274,104,76
71,562,274,104,76
72,562,274,104,76
73,562,274,104,76
74,562,275,104,76
75,562,275,104,76
76,562,275,104,76
77,562,275,104,76
78,562,275,104,76
79,562,275,104,76
80,562,275,104,76
81,562,275,104,76
82,562,275,104,76
83,562,275,104,76
84,562,275,104,76
85,562,275,104,76
86,562,275,104,76
87,562,275,104,76
88,562,275,104,76
89,562,275,104,76
90,562,276,104,76
91,562,276,104,76
92,562,276,104,76
93,562,276,104,76
94,562,276,104,76
95,562,276,104,76
96,562,276,104,76
97,562,276,104,76
98,562,276,104,76
99,562,276,104,76
100,562,276,104,76
101,562,276,104,76
102,562,276,104,76
103,562,276,104,76
104,562,276,104,76
105,562,276,104,76
106,562,277,104,76
107,562,277,104,76
108,562,277,104,76
109,562,278,104,76
110,562,278,104,76
111,562,278,104,76
112,562,278,104,76
113,562,278,104,76
114,562,278,104,76
115,562,278,104,76
116,562,278,104,76
117,562,278,104,76
118,562,278,104,76
119,562,278,104,76
120,562,278,104,76
121,562,279,104,76
122,562,279,104,76
123,562,279,104,76
124,562,279,104,76
125,562,279,104,76
126,562,279,104,76
127,562,279,104,76
128,562,279,104,76
129,562,279,104,76
130,562,279,104,76
131,562,279,104,76
132,562,279,104,76
133,562,279,104,76
134,562,280,104,76
135,562,280,104,76
136,562,280,104,76
137,562,281,104,76
138,562,281,104,76
139,562,281,104,76
140,562,281,104,76
141,562,281,104,76
142,562,281,104,76
143,562,281,104,76
144,562,281,104,76
145,562,281,104,76
146,562,281,104,76
147,562,281,104,76
148,562,281,104,76
149,562,281,104,76
150,562,282,104,76
151,562,282,104,76
152,562,282,104,76
153,562,283,104,76
154,562,283,104,76
155,562,283,104,76
156,562,283,104,76
157,562,283,104,76
158,562,283,104,76
159,562,283,104,76
160,562,283,104,76
161,562,283,104,76
162,562,283,104,76
163,562,283,104,76
164,562,283,104,76
165,562,283,104,76
166,562,283,104,76
167,562,283,104,76
168,562,283,104,76
169,562,283,104,76
170,562,284,104,76
171,562,284,104,76
172,562,284,104,76
173,562,284,104,76
174,562,284,104,76
175,562,284,104,76
176,562,284,104,76
177,562,284,104,76
178,562,284,104,76
179,562,284,104,76
180,562,284,104,76
181,562,284,104,76
182,562,285,104,76
183,562,285,104,76
184,562,285,104,76
185,562,285,104,76
186,562,286,104,76
187,562,286,104,76
188,562,286,104,76
189,562,286,104,76
190,562,286,104,76
191,562,286,104,76
192,562,286,104,76
193,562,286,104,76
194,562,286,104,76
195,562,286,104,76
196,562,286,104,76
197,562,286,104,76
198,562,286,104,76
199,562,286,104,76
200,562,287,104,76
201,562,287,104,76
202,562,288,104,76
203,562,288,104,76
204,562,288,104,76
205,562,288,104,76
206,562,288,104,76
207,562,288,104,76
208,562,288,104,76
209,562,288,104,76
210,562,289,104,76
211,562,289,104,76
212,562,289,104,76
213,562,289,104,76
214,562,289,104,76
215,562,289,104,76
216,562,289,104,76
217,562,289,104,76
218,562,289,104,76
219,562,289,104,76
220,562,289,104,76
221,562,289,104,76
222,562,289,104,76
223,562,289,104,76
224,562,289,104,76
225,562,289,104,76
226,562,289,104,76
227,562,289,104,76
228,562,289,104,76
229,562,290,104,76
230,562,290,104,76
231,562,290,104,76
232,562,290,104,76
233,562,290,104,76
234,562,291,104,76
235,562,291,104,76
236,562,291,104,76
237,562,291,104,76
238,562,291,104,76
239,562,291,104,76
240,562,291,104,76
241,562,291,104,76
242,562,291,104,76
243,562,291,104,76
244,562,291,104,76
245,562,291,104,76
246,562,292,104,76
247,562,292,104,76
248,562,292,104,76
249,562,292,104,76
250,562,292,104,76
251,562,292,104,76
252,562,292,104,76
253,562,293,104,76
254,562,293,104,76
255,562,293,104,76
256,562,293,104,76
257,562,293,104,76
258,562,293,104,76
259,562,293,104,76
260,562,293,104,76
261,562,293,104,76
262,562,294,104,76
263,562,294,104,76
264,562,294,104,76
265,562,294,104,76
266,562,294,104,76
267,562,294,104,76
268,562,295,104,76
269,562,295,104,76
270,562,295,104,76
271,562,295,104,76
272,562,295,104,76
273,562,295,104,76
274,562,295,104,76
275,562,295,104,76
276,562,295,104,76
277,562,296,104,76
278,562,296,104,76
279,562,296,104,76
280,562,296,104,76
281,562,296,104,76
282,562,296,104,76
283,562,296,104,76
284,562,296,104,76
285,562,296,104,76
286,562,296,104,76
287,562,296,104,76
288,562,296,104,76
289,562,296,104,76
290,562,296,104,76
291,562,296,104,76
292,562,296,104,76
293,562,296,104,76
294,562,296,104,76
295,562,296,104,76
296,562,296,104,76
297,562,296,104,76
298,562,296,104,76
299,562,296,104,76
300,562,296,104,76
301,562,296,104,76
302,562,296,104,76
303,562,296,104,76
304,562,296,104,76
305,562,296,104,76
306,562,296,104,76
307,562,296,104,76
308,562,296,104,76
309,562,296,104,76
310,562,296,104,76
311,562,296,104,76
312,562,296,104,76
313,562,296,104,76
314,562,296,104,76
315,562,296,104,76
316,562,296,104,76
317,562,296,104,76
318,562,296,104,76
319,562,296,104,76
320,562,296,104,76
321,562,296,104,76
322,562,296,104,76
323,562,296,104,76
324,562,296,104,76
325,562,297,104,76
326,562,297,104,76
327,562,297,104,76
328,562,297,104,76
329,562,297,104,76
330,562,297,104,76
331,562,297,104,76
332,562,297,104,76
333,562,297,104,76
334,562,297,104,76
335,562,297,104,76
336,562,297,104,76
337,562,297,104,76
338,562,297,104,76
339,562,297,104,76
340,562,297,104,76
341,562,297,104,76
342,562,297,104,76
343,562,297,104,76
344,562,297,104,76
345,562,297,104,76
346,562,298,104,76
347,562,298,104,76
348,562,298,104,76
349,562,298,104,76
350,562,298,104,76
351,562,298,104,76
352,562,298,104,76
353,562,298,104,76
354,562,299,104,76
355,562,299,104,76
356,562,299,104,76
357,562,299,104,76
358,562,299,104,76
359,562,299,104,76
360,562,299,104,76
361,562,299,104,76
362,562,300,104,76
363,562,300,104,76
364,562,300,104,76
365,562,300,104,76
366,562,300,104,76
367,562,300,104,76
368,562,300,104,76
369,562,300,104,76
370,562,300,104,76
371,562,300,104,76
372,562,300,104,76
373,562,301,104,76
374,562,301,104,76
375,562,301,104,76
376,562,301,104,76
377,562,301,104,76
378,562,302,104,76
379,562,302,104,76
380,562,303,104,76
381,562,303,104,76
382,562,303,104,76
383,562,303,104,76
384,562,303,104,76
385,562,304,104,76
386,562,304,104,76
387,562,304,104,76
388,562,304,104,76
389,562,304,104,76
390,562,304,104,76
391,562,304,104,76
