13-ZoomingCamera 20
101,1381,844,197,92
102,1379,843,197,92
103,1377,842,197,92
104,1375,842,197,92
105,1373,842,197,92
106,1371,842,197,92
107,1369,841,197,92
108,1367,841,197,92
109,1365,841,197,92
110,1363,841,197,92
111,1361,840,197,92
112,1359,840,197,92
113,1356,839,197,92
114,1354,839,197,92
115,1352,838,197,92
116,1350,838,197,92
117,1348,838,197,92
118,1346,838,197,92
119,1344,838,197,92
120,1342,837,197,92
121,1340,837,197,92
122,1338,836,197,92
123,1336,836,197,92
124,1334,836,197,92
125,1332,836,197,92
126,1330,835,197,92
127,1328,834,197,92
128,1326,834,197,92
129,1324,833,197,92
130,1322,833,197,92
131,1320,833,197,92
132,1318,833,197,92
133,1316,833,197,92
134,1314,833,197,92
135,1312,833,197,92
136,1310,833,197,92
137,1308,833,197,92
138,1306,833,197,92
139,1304,833,197,92
140,1302,832,197,92
141,1300,832,197,92
142,1298,832,197,92
143,1296,832,197,92
144,1294,832,197,92
145,1292,832,197,92
146,1290,831,197,92
147,1288,831,197,92
148,1286,831,197,92
149,1284,831,197,92
150,1282,831,197,92
151,1280,831,197,92
152,1278,831,197,92
153,1276,831,197,92
154,1274,831,197,92
155,1272,830,197,92
156,1270,830,197,92
157,1268,829,197,92
158,1267,829,197,92
159,1265,829,197,92
160,1263,828,197,92
161,1261,828,197,92
162,1259,827,197,92
163,1257,827,197,92
164,1255,827,197,92
165,1253,826,197,92
166,1251,826,197,92
167,1249,826,197,92
168,1247,826,197,92
169,1245,825,197,92
170,1243,825,197,92
171,1241,825,197,92
172,1239,825,197,92
173,1237,824,197,92
174,1235,824,197,92
175,1233,824,197,92
176,1231,824,197,92
177,1229,823,197,92
178,1227,823,197,92
179,1225,823,197,92
180,1223,823,197,92
181,1221,823,197,92
182,1219,823,197,92
183,1217,823,197,92
184,1216,822,197,92
185,1214,822,197,92
186,1212,822,197,92
187,1210,822,197,92
188,1208,822,197,92
189,1206,822,197,92
190,1204,822,197,92
191,1203,822,197,92
192,1202,822,197,92
193,1200,822,197,92
194,1198,822,197,92
195,1196,821,197,92
196,1194,821,197,92
197,1192,820,197,92
198,1191,820,197,92
199,1189,819,197,92
200,1187,819,197,92
201,1185,819,197,92
202,1183,818,197,92
203,1181,818,197,92
204,1179,818,197,92
205,1177,817,197,92
206,1175,817,197,92
207,1173,816,197,92
208,1171,816,197,92
209,1169,816,197,92
210,1167,815,197,92
211,1165,815,197,92
212,1164,814,197,92
213,1162,814,197,92
214,1160,813,197,92
215,1159,813,197,92
216,1157,813,197,92
217,1155,812,197,92
218,1154,812,197,92
219,1152,812,197,92
220,1150,812,197,92
221,1148,811,197,92
222,1147,811,197,92
223,1145,811,197,92
224,1144,811,197,92
225,1143,811,197,92
226,1141,811,197,92
227,1139,811,197,92
228,1137,811,197,92
229,1136,810,197,92
230,1134,810,197,92
231,1133,810,197,92
232,1131,809,197,92
233,1130,809,197,92
234,1128,809,197,92
235,1126,809,197,92
236,1125,808,197,92
237,1124,809,197,92
238,1122,808,197,92
239,1121,809,197,92
240,1119,808,197,92
241,1117,808,197,92
242,1116,808,197,92
243,1115,808,197,92
244,1114,808,197,92
245,1113,808,197,92
246,1111,808,197,92
247,1110,808,197,92
248,1109,808,197,92
249,1108,808,197,92
250,1106,807,197,92
251,1105,807,197,92
252,1104,807,197,92
253,1102,807,197,92
254,1101,807,197,92
255,1100,807,197,92
256,1098,807,197,92
257,1097,807,197,92
258,1096,807,197,92
259,1095,806,197,92
260,1094,806,197,92
261,1093,806,197,92
262,1091,806,197,92
263,1090,806,197,92
264,1089,806,197,92
265,1087,806,197,92
266,1086,806,197,92
267,1085,805,197,92
268,1084,805,197,92
269,1083,805,197,92
270,1082,805,197,92
271,1081,805,197,92
272,1080,805,197,92
273,1078,805,197,92
274,1076,804,197,92
275,1075,804,197,92
276,1074,804,197,92
277,1073,804,197,92
278,1071,804,197,92
279,1070,804,197,92
280,1069,804,197,92
281,1068,804,197,92
282,1066,804,197,92
283,1065,804,197,92
284,1064,804,197,92
285,1062,804,197,92
286,1061,804,197,92
287,1060,804,197,92
288,1059,804,197,92
289,1058,803,197,92
290,1057,803,197,92
291,1056,803,197,92
292,1055,803,197,92
293,1054,803,197,92
294,1053,803,197,92
295,1051,803,197,92
296,1050,802,197,92
297,1049,802,197,92
298,1048,802,197,92
299,1047,801,197,92
300,1046,801,197,92
301,1045,801,197,92
302,1044,801,197,92
303,1043,801,197,92
304,1042,801,197,92
305,1041,801,197,92
306,1040,801,197,92
307,1039,801,197,92
308,1038,801,197,92
309,1037,801,197,92
310,1036,801,197,92
311,1035,801,197,92
312,1034,801,197,92
313,1033,801,197,92
