14-LongDuration 7
1,1,738,148,329
2,11,733,148,329
3,21,728,148,329
4,31,724,148,329
5,41,722,148,329
6,51,721,148,329
7,61,720,148,329
8,72,719,148,329
9,83,716,148,329
10,94,712,148,329
11,105,708,148,329
12,115,704,148,329
13,124,700,148,329
14,133,695,148,329
15,142,690,148,329
16,151,686,148,329
17,160,683,148,329
18,169,681,148,329
19,178,681,148,329
20,187,680,148,329
21,197,678,148,329
22,207,675,148,329
23,217,672,148,329
24,227,668,148,329
25,236,664,148,329
26,245,659,148,329
27,253,654,148,329
28,262,649,148,329
29,271,645,148,329
30,279,642,148,329
31,287,640,148,329
32,295,638,148,329
33,304,637,148,329
34,313,635,148,329
35,323,632,148,329
36,333,628,148,329
37,342,624,148,329
38,351,620,148,329
39,359,616,148,329
40,366,612,148,329
41,373,608,148,329
42,380,605,148,329
43,387,602,148,329
44,395,600,148,329
45,403,599,148,329
46,411,597,148,329
47,419,595,148,329
48,427,593,148,329
49,436,590,148,329
50,444,587,148,329
51,452,583,148,329
52,460,578,148,329
53,467,573,148,329
54,474,569,148,329
55,481,565,148,329
56,488,562,148,329
57,495,560,148,329
58,502,559,148,329
59,510,559,148,329
60,518,558,148,329
61,527,557,148,329
62,536,555,148,329
63,545,552,148,329
64,553,549,148,329
65,560,545,148,329
66,566,541,148,329
67,572,537,148,329
68,578,534,148,329
69,584,532,148,329
70,591,530,148,329
71,598,529,148,329
72,605,528,148,329
73,612,527,148,329
74,619,526,148,329
75,627,524,148,329
76,635,522,148,329
77,642,519,148,329
78,649,516,148,329
79,655,512,148,329
80,661,508,148,329
81,667,505,148,329
82,673,502,148,329
83,679,501,148,329
84,685,500,148,329
85,691,500,148,329
86,698,500,148,329
87,706,499,148,329
88,714,497,148,329
89,721,495,148,329
90,728,492,148,329
91,734,489,148,329
92,739,486,148,329
93,744,483,148,329
94,749,480,148,329
95,753,478,148,329
96,757,477,148,329
97,762,476,148,329
98,767,476,148,329
99,772,475,148,329
100,778,474,148,329
101,784,473,148,329
102,790,471,148,329
103,796,469,148,329
104,802,467,148,329
105,807,464,148,329
106,812,461,148,329
107,817,458,148,329
108,822,455,148,329
109,827,453,148,329
110,832,452,148,329
111,836,452,148,329
112,841,452,148,329
113,847,452,148,329
114,853,451,148,329
115,859,449,148,329
116,866,447,148,329
117,872,445,148,329
118,878,443,148,329
119,883,441,148,329
120,888,439,148,329
121,892,437,148,329
122,896,435,148,329
123,900,433,148,329
124,904,432,148,329
125,907,432,148,329
126,911,432,148,329
127,915,432,148,329
128,919,432,148,329
129,923,431,148,329
130,928,430,148,329
131,932,429,148,329
132,936,428,148,329
133,940,426,148,329
134,944,424,148,329
135,947,422,148,329
136,951,420,148,329
137,954,418,148,329
138,957,416,148,329
139,960,415,148,329
140,963,414,148,329
141,966,414,148,329
142,969,414,148,329
143,973,414,148,329
144,977,412,148,329
145,981,411,148,329
146,986,408,148,329
147,990,407,148,329
148,994,406,148,329
149,997,405,148,329
150,1000,404,148,329
151,1003,403,148,329
152,1006,402,148,329
153,1008,401,148,329
154,1010,400,148,329
155,1012,399,148,329
156,1014,399,148,329
157,1016,399,148,329
158,1018,399,148,329
159,1020,399,148,329
160,1022,398,148,329
161,1024,397,148,329
162,1026,395,148,329
163,1028,393,148,329
164,1030,392,148,329
165,1032,391,148,329
166,1034,390,148,329
167,1036,389,148,329
168,1038,387,148,329
169,1039,387,148,329
170,1040,386,148,329
171,1041,385,148,329
172,1042,384,148,329
173,1043,383,148,329
174,1044,382,148,329
175,1045,382,148,329
176,1046,382,148,329
177,1047,382,148,329
178,1049,382,148,329
179,1051,381,148,329
180,1053,380,148,329
181,1055,379,148,329
182,1057,378,148,329
183,1059,377,148,329
184,1061,377,148,329
185,1062,376,148,329
186,1063,375,148,329
187,1064,374,148,329
188,1065,374,148,329
189,1066,374,148,329
190,1067,374,148,329
191,1067,374,148,329
192,1067,374,148,329
193,1067,373,148,329
194,1067,373,148,329
195,1067,373,148,329
196,1067,373,148,329
197,1067,373,148,329
198,1067,373,148,329
199,1067,373,148,329
200,1067,373,148,329
201,1067,373,148,329
202,1067,373,148,329
203,1067,373,148,329
204,1067,373,148,329
205,1067,373,148,329
206,1067,373,148,329
207,1067,373,148,329
208,1067,373,148,329
209,1067,373,148,329
210,1067,373,148,329
211,1067,373,148,329
212,1066,373,148,329
213,1065,373,148,329
214,1063,374,148,329
215,1061,374,148,329
216,1059,374,148,329
217,1057,374,148,329
218,1055,374,148,329
219,1053,374,148,329
220,1051,374,148,329
221,1049,374,148,329
222,1047,374,148,329
223,1044,374,148,329
224,1041,374,148,329
225,1037,375,148,329
226,1033,376,148,329
227,1028,379,148,329
228,1024,381,148,329
229,1020,383,148,329
230,1016,385,148,329
231,1013,387,148,329
232,1010,388,148,329
233,1006,389,148,329
234,1003,389,148,329
235,1000,389,148,329
236,997,389,148,329
237,994,389,148,329
238,991,389,148,329
239,987,389,148,329
240,983,389,148,329
241,978,391,148,329
242,973,392,148,329
243,968,394,148,329
244,963,396,148,329
245,958,398,148,329
246,954,399,148,329
247,950,400,148,329
248,946,400,148,329
249,942,400,148,329
250,939,400,148,329
251,936,400,148,329
252,933,400,148,329
253,930,400,148,329
254,926,400,148,329
255,921,400,148,329
256,916,401,148,329
257,911,402,148,329
258,906,403,148,329
259,901,404,148,329
260,897,405,148,329
261,893,406,148,329
262,889,406,148,329
263,884,406,148,329
264,880,406,148,329
265,876,406,148,329
266,872,406,148,329
267,868,406,148,329
268,864,406,148,329
269,860,407,148,329
270,856,408,148,329
271,852,409,148,329
272,848,411,148,329
273,844,413,148,329
274,840,415,148,329
275,836,417,148,329
276,832,418,148,329
277,828,419,148,329
278,824,420,148,329
279,820,421,148,329
280,816,422,148,329
281,812,423,148,329
282,808,424,148,329
283,805,425,148,329
284,802,426,148,329
285,798,427,148,329
286,794,429,148,329
287,789,431,148,329
288,784,433,148,329
289,779,435,148,329
290,775,437,148,329
291,771,439,148,329
292,766,440,148,329
293,761,441,148,329
294,756,442,148,329
295,752,443,148,329
296,748,444,148,329
297,744,444,148,329
298,740,445,148,329
299,735,446,148,329
300,730,447,148,329
301,725,449,148,329
302,720,451,148,329
303,715,453,148,329
304,710,455,148,329
305,705,457,148,329
306,700,459,148,329
307,695,460,148,329
