14-LongDuration 6
1,260,581,311,316
2,260,581,311,316
3,260,581,311,316
4,260,581,311,316
5,260,581,311,316
6,260,581,311,316
7,260,581,311,316
8,260,581,311,316
9,260,581,311,316
10,260,581,311,316
11,260,581,311,316
12,260,581,311,316
13,260,581,311,316
14,260,581,311,316
15,260,581,311,316
16,260,581,311,316
17,260,581,311,316
18,260,581,311,316
19,260,581,311,316
20,260,581,311,316
21,260,581,311,316
22,260,581,311,316
23,260,581,311,316
24,260,581,311,316
25,260,581,311,316
26,260,581,311,316
27,260,580,311,316
28,260,580,311,316
29,260,580,311,316
30,260,580,311,316
31,260,580,311,316
32,260,580,311,316
33,260,580,311,316
