01-Light 23
1,140,59,87,90
2,157.5,52.5,87,90
3,168.75,48.75,87,90
4,180,45,87,90
5,183.75,45,87,90
6,172.5,48.75,87,90
7,157.5,56.25,87,90
8,153.75,60,87,90
9,138.75,63.75,87,90
10,123.75,67.5,87,90
11,123.75,75,87,90
12,127.5,75,87,90
13,135,63.75,87,90
14,157.5,60,87,90
15,180,52.5,87,90
16,191.25,45,87,90
17,183.75,41.25,87,90
18,187.5,37.5,87,90
19,198.75,41.25,87,90
20,213.75,37.5,87,90
21,228.75,45,87,90
22,262.5,56.25,87,90
23,281.25,60,87,90
24,273.75,63.75,87,90
25,270,75,87,90
26,281.25,82.5,87,90
27,281.25,86.25,87,90
28,258.75,86.25,87,90
29,225,78.75,87,90
30,217.5,67.5,87,90
31,213.75,60,87,90
32,202.5,60,87,90
33,198.75,71.25,87,90
34,202.5,78.75,87,90
35,195,78.75,87,90
36,198.75,90,87,90
37,202.5,97.5,87,90
38,195,101.25,87,90
39,213.75,112.5,87,90
40,236.25,131.25,87,90
41,255,135,87,90
42,262.5,138.75,87,90
43,273.75,138.75,87,90
44,266.25,131.25,87,90
45,258.75,123.75,87,90
46,251.25,120,87,90
47,247.5,120,87,90
48,240,120,87,90
49,225,116.25,87,90
50,202.5,116.25,87,90
51,187.5,112.5,87,90
52,176.25,112.5,87,90
53,161.25,112.5,87,90
54,150,116.25,87,90
55,146.25,123.75,87,90
56,142.5,127.5,87,90
57,138.75,127.5,87,90
58,138.75,127.5,87,90
59,142.5,127.5,87,90
60,142.5,127.5,87,90
61,146.25,127.5,87,90
62,146.25,127.5,87,90
63,146.25,127.5,87,90
64,150,127.5,87,90
65,153.75,131.25,87,90
66,157.5,135,87,90
67,157.5,138.75,87,90
68,157.5,138.75,87,90
69,161.25,142.5,87,90
70,168.75,142.5,87,90
71,168.75,146.25,87,90
72,168.75,146.25,87,90
73,165,146.25,87,90
74,157.5,146.25,87,90
75,157.5,150,87,90
76,165,157.5,87,90
77,168.75,165,87,90
78,168.75,168.75,87,90
79,161.25,172.5,87,90
80,153.75,172.5,87,90
81,146.25,168.75,87,90
82,146.25,168.75,87,90
83,146.25,172.5,87,90
84,142.5,176.25,87,90
85,138.75,180,87,90
86,135,183.75,87,90
87,127.5,191.25,87,90
88,123.75,198.75,87,90
89,120,210,87,90
90,116.25,217.5,87,90
91,116.25,221.25,87,90
92,112.5,221.25,87,90
93,112.5,221.25,87,90
94,116.25,221.25,87,90
95,116.25,225,87,90
96,116.25,225,87,90
97,112.5,221.25,87,90
98,116.25,217.5,87,90
99,123.75,210,87,90
100,127.5,198.75,87,90
101,131.25,191.25,87,90
102,127.5,187.5,87,90
103,123.75,183.75,87,90
104,120,183.75,87,90
105,112.5,183.75,87,90
106,105,191.25,87,90
107,101.25,195,87,90
108,97.5,195,87,90
109,90,198.75,87,90
110,86.25,198.75,87,90
111,90,198.75,87,90
112,90,198.75,87,90
113,93.75,195,87,90
114,105,183.75,87,90
115,108.75,172.5,87,90
116,108.75,157.5,87,90
117,116.25,150,87,90
118,127.5,142.5,87,90
119,135,138.75,87,90
120,142.5,135,87,90
121,153.75,127.5,87,90
122,161.25,123.75,87,90
123,157.5,120,87,90
124,161.25,120,87,90
125,168.75,120,87,90
126,176.25,120,87,90
127,180,120,87,90
128,183.75,116.25,87,90
129,187.5,112.5,87,90
130,187.5,112.5,87,90
131,187.5,112.5,87,90
132,183.75,116.25,87,90
133,180,120,87,90
134,180,127.5,87,90
135,180,131.25,87,90
136,180,135,87,90
137,183.75,138.75,87,90
138,183.75,138.75,87,90
139,183.75,138.75,87,90
140,183.75,138.75,87,90
141,187.5,135,87,90
142,191.25,131.25,87,90
143,191.25,127.5,87,90
144,191.25,123.75,87,90
145,191.25,120,87,90
146,191.25,120,87,90
147,191.25,120,87,90
148,191.25,120,87,90
149,191.25,123.75,87,90
150,191.25,127.5,87,90
151,191.25,131.25,87,90
152,191.25,135,87,90
153,195,138.75,87,90
154,195,138.75,87,90
155,198.75,142.5,87,90
156,202.5,142.5,87,90
157,206.25,142.5,87,90
158,210,138.75,87,90
159,213.75,135,87,90
160,225,131.25,87,90
161,232.5,127.5,87,90
162,240,127.5,87,90
163,240,131.25,87,90
164,232.5,135,87,90
165,225,138.75,87,90
166,228.75,135,87,90
167,232.5,135,87,90
168,232.5,131.25,87,90
169,232.5,131.25,87,90
170,232.5,131.25,87,90
171,232.5,131.25,87,90
172,232.5,131.25,87,90
173,232.5,131.25,87,90
174,232.5,131.25,87,90
175,232.5,131.25,87,90
176,232.5,135,87,90
177,232.5,135,87,90
178,232.5,138.75,87,90
179,232.5,142.5,87,90
180,232.5,146.25,87,90
181,228.75,150,87,90
182,228.75,153.75,87,90
183,228.75,157.5,87,90
184,228.75,157.5,87,90
185,228.75,157.5,87,90
186,228.75,157.5,87,90
187,228.75,157.5,87,90
188,228.75,157.5,87,90
189,228.75,153.75,87,90
190,232.5,153.75,87,90
191,232.5,150,87,90
192,236.25,150,87,90
193,236.25,150,87,90
194,236.25,153.75,87,90
195,240,150,87,90
196,240,153.75,87,90
197,240,153.75,87,90
198,243.75,157.5,87,90
199,243.75,161.25,87,90
200,243.75,165,87,90
201,240,168.75,87,90
