04-Transparency 14
1,114,75,82,143
2,119.167,71.5,82,143
3,125.125,71.5,82,143
4,125.125,71.5,82,143
5,125.125,71.5,82,143
6,125.125,71.5,82,143
7,125.125,71.5,82,143
8,125.125,71.5,82,143
9,125.125,65.5417,82,143
10,125.125,65.5417,82,143
11,125.125,65.5417,82,143
12,131.083,65.5417,82,143
13,131.083,65.5417,82,143
14,131.083,65.5417,82,143
15,131.083,65.5417,82,143
16,131.083,65.5417,82,143
17,131.083,65.5417,82,143
18,131.083,65.5417,82,143
19,131.083,65.5417,82,143
20,131.083,65.5417,82,143
21,131.083,65.5417,82,143
22,131.083,65.5417,82,143
23,131.083,65.5417,82,143
24,131.083,65.5417,82,143
25,137.042,71.5,82,143
26,137.042,71.5,82,143
27,137.042,71.5,82,143
28,137.042,71.5,82,143
29,143,71.5,82,143
30,143,71.5,82,143
31,143,71.5,82,143
32,131.083,71.5,82,143
33,131.083,71.5,82,143
34,137.042,71.5,82,143
35,137.042,71.5,82,143
36,137.042,71.5,82,143
37,137.042,71.5,82,143
38,143,71.5,82,143
39,143,71.5,82,143
40,143,71.5,82,143
41,143,71.5,82,143
42,143,71.5,82,143
43,143,71.5,82,143
44,143,71.5,82,143
45,143,71.5,82,143
46,143,71.5,82,143
47,143,71.5,82,143
48,143,71.5,82,143
49,143,71.5,82,143
50,143,71.5,82,143
51,143,71.5,82,143
52,143,71.5,82,143
53,143,71.5,82,143
54,143,71.5,82,143
55,143,71.5,82,143
56,148.958,71.5,82,143
57,148.958,71.5,82,143
58,148.958,71.5,82,143
59,148.958,71.5,82,143
60,148.958,71.5,82,143
61,154.917,71.5,82,143
62,154.917,71.5,82,143
63,154.917,71.5,82,143
64,154.917,71.5,82,143
65,160.875,65.5417,82,143
66,160.875,65.5417,82,143
67,166.833,65.5417,82,143
68,166.833,65.5417,82,143
69,166.833,65.5417,82,143
70,166.833,65.5417,82,143
71,166.833,65.5417,82,143
72,166.833,65.5417,82,143
73,160.875,65.5417,82,143
74,160.875,65.5417,82,143
75,160.875,65.5417,82,143
76,154.917,65.5417,82,143
77,148.958,65.5417,82,143
78,143,65.5417,82,143
79,137.042,65.5417,82,143
80,131.083,65.5417,82,143
81,125.125,65.5417,82,143
82,119.167,65.5417,82,143
83,119.167,65.5417,82,143
84,113.208,65.5417,82,143
85,113.208,65.5417,82,143
86,113.208,65.5417,82,143
87,113.208,65.5417,82,143
88,113.208,65.5417,82,143
89,113.208,65.5417,82,143
90,113.208,65.5417,82,143
91,113.208,65.5417,82,143
92,113.208,65.5417,82,143
93,113.208,65.5417,82,143
94,113.208,65.5417,82,143
95,113.208,65.5417,82,143
96,113.208,65.5417,82,143
97,113.208,65.5417,82,143
98,113.208,65.5417,82,143
99,113.208,65.5417,82,143
100,113.208,65.5417,82,143
101,113.208,65.5417,82,143
102,113.208,65.5417,82,143
103,107.25,65.5417,82,143
104,107.25,65.5417,82,143
105,107.25,65.5417,82,143
106,107.25,65.5417,82,143
107,107.25,65.5417,82,143
108,107.25,65.5417,82,143
109,107.25,65.5417,82,143
110,107.25,65.5417,82,143
111,107.25,65.5417,82,143
112,107.25,65.5417,82,143
113,107.25,65.5417,82,143
114,107.25,65.5417,82,143
115,107.25,65.5417,82,143
116,107.25,65.5417,82,143
117,107.25,65.5417,82,143
118,107.25,65.5417,82,143
119,107.25,65.5417,82,143
120,107.25,65.5417,82,143
