07-MotionCoherence 8
4,335,339,102,50
5,331.5,335.75,102,50
6,331.5,335.75,102,50
7,331.5,335.75,102,50
8,331.5,335.75,102,50
9,331.5,335.75,102,50
10,331.5,335.75,102,50
11,331.5,335.75,102,50
12,331.5,335.75,102,50
13,331.5,335.75,102,50
14,331.5,335.75,102,50
15,331.5,335.75,102,50
16,331.5,335.75,102,50
17,331.5,335.75,102,50
18,331.5,335.75,102,50
19,331.5,335.75,102,50
20,331.5,335.75,102,50
21,331.5,335.75,102,50
22,331.5,335.75,102,50
23,331.5,335.75,102,50
24,331.5,335.75,102,50
25,331.5,335.75,102,50
26,331.5,335.75,102,50
27,331.5,335.75,102,50
28,331.5,335.75,102,50
29,331.5,335.75,102,50
30,331.5,335.75,102,50
31,331.5,335.75,102,50
32,331.5,335.75,102,50
33,331.5,335.75,102,50
34,331.5,335.75,102,50
35,331.5,335.75,102,50
36,331.5,335.75,102,50
37,331.5,335.75,102,50
38,331.5,335.75,102,50
39,331.5,335.75,102,50
40,331.5,335.75,102,50
41,331.5,335.75,102,50
42,331.5,335.75,102,50
43,331.5,335.75,102,50
44,331.5,335.75,102,50
45,331.5,335.75,102,50
46,331.5,335.75,102,50
47,331.5,335.75,102,50
48,331.5,335.75,102,50
49,331.5,335.75,102,50
50,331.5,335.75,102,50
51,331.5,335.75,102,50
52,331.5,335.75,102,50
53,331.5,335.75,102,50
54,331.5,335.75,102,50
55,331.5,335.75,102,50
56,331.5,335.75,102,50
57,331.5,335.75,102,50
58,331.5,335.75,102,50
59,331.5,335.75,102,50
60,331.5,335.75,102,50
61,331.5,335.75,102,50
62,331.5,335.75,102,50
63,331.5,331.5,102,50
64,331.5,331.5,102,50
65,331.5,331.5,102,50
66,331.5,331.5,102,50
67,331.5,335.75,102,50
68,331.5,335.75,102,50
69,331.5,335.75,102,50
70,331.5,335.75,102,50
71,331.5,335.75,102,50
72,331.5,335.75,102,50
73,331.5,335.75,102,50
74,331.5,335.75,102,50
75,331.5,335.75,102,50
76,331.5,335.75,102,50
77,331.5,335.75,102,50
78,331.5,335.75,102,50
79,331.5,335.75,102,50
80,331.5,335.75,102,50
81,331.5,335.75,102,50
82,331.5,335.75,102,50
83,331.5,335.75,102,50
84,331.5,335.75,102,50
85,331.5,335.75,102,50
86,331.5,335.75,102,50
87,331.5,335.75,102,50
88,331.5,335.75,102,50
89,331.5,335.75,102,50
90,331.5,335.75,102,50
91,331.5,335.75,102,50
92,331.5,335.75,102,50
93,331.5,335.75,102,50
94,331.5,335.75,102,50
95,331.5,335.75,102,50
96,331.5,335.75,102,50
97,331.5,335.75,102,50
98,331.5,335.75,102,50
99,331.5,335.75,102,50
100,331.5,335.75,102,50
101,331.5,335.75,102,50
102,331.5,335.75,102,50
103,331.5,335.75,102,50
104,331.5,335.75,102,50
105,331.5,335.75,102,50
106,331.5,335.75,102,50
107,331.5,335.75,102,50
108,331.5,335.75,102,50
109,331.5,335.75,102,50
110,331.5,335.75,102,50
111,331.5,335.75,102,50
112,331.5,335.75,102,50
113,331.5,335.75,102,50
114,331.5,335.75,102,50
115,331.5,335.75,102,50
116,331.5,335.75,102,50
117,331.5,335.75,102,50
118,331.5,335.75,102,50
119,331.5,335.75,102,50
120,331.5,335.75,102,50
121,331.5,335.75,102,50
122,331.5,335.75,102,50
123,331.5,335.75,102,50
124,331.5,335.75,102,50
125,331.5,335.75,102,50
126,331.5,335.75,102,50
127,331.5,335.75,102,50
128,331.5,335.75,102,50
129,331.5,335.75,102,50
130,331.5,335.75,102,50
131,331.5,335.75,102,50
132,331.5,335.75,102,50
133,331.5,335.75,102,50
134,331.5,335.75,102,50
135,331.5,335.75,102,50
136,331.5,335.75,102,50
137,331.5,335.75,102,50
138,331.5,335.75,102,50
139,331.5,335.75,102,50
140,331.5,335.75,102,50
141,331.5,335.75,102,50
142,331.5,335.75,102,50
143,331.5,335.75,102,50
144,331.5,335.75,102,50
145,331.5,335.75,102,50
146,331.5,335.75,102,50
147,331.5,335.75,102,50
148,331.5,335.75,102,50
149,331.5,335.75,102,50
150,331.5,335.75,102,50
151,331.5,335.75,102,50
152,331.5,335.75,102,50
153,331.5,335.75,102,50
154,331.5,335.75,102,50
155,331.5,335.75,102,50
156,331.5,335.75,102,50
157,331.5,335.75,102,50
158,331.5,335.75,102,50
159,331.5,335.75,102,50
160,331.5,335.75,102,50
161,331.5,335.75,102,50
162,331.5,335.75,102,50
163,331.5,335.75,102,50
164,331.5,335.75,102,50
165,331.5,335.75,102,50
166,331.5,335.75,102,50
167,331.5,335.75,102,50
168,331.5,335.75,102,50
169,331.5,335.75,102,50
170,331.5,335.75,102,50
171,331.5,335.75,102,50
172,331.5,335.75,102,50
173,331.5,335.75,102,50
174,331.5,335.75,102,50
175,331.5,335.75,102,50
176,331.5,335.75,102,50
177,331.5,335.75,102,50
178,119,442,102,50
179,480.25,459,102,50
180,29.75,488.75,102,50
181,561,522.75,102,50
182,259.25,161.5,102,50
183,259.25,161.5,102,50
184,259.25,161.5,102,50
185,259.25,161.5,102,50
186,259.25,161.5,102,50
187,259.25,161.5,102,50
188,259.25,161.5,102,50
189,259.25,161.5,102,50
190,259.25,161.5,102,50
191,259.25,161.5,102,50
192,259.25,161.5,102,50
193,259.25,161.5,102,50
194,259.25,161.5,102,50
195,259.25,161.5,102,50
196,259.25,161.5,102,50
197,259.25,161.5,102,50
198,259.25,161.5,102,50
199,259.25,161.5,102,50
200,259.25,161.5,102,50
201,259.25,161.5,102,50
202,259.25,161.5,102,50
203,259.25,161.5,102,50
204,259.25,161.5,102,50
205,259.25,161.5,102,50
206,259.25,161.5,102,50
207,259.25,161.5,102,50
208,259.25,161.5,102,50
209,259.25,161.5,102,50
210,259.25,161.5,102,50
211,259.25,161.5,102,50
212,259.25,161.5,102,50
213,259.25,161.5,102,50
214,259.25,161.5,102,50
215,259.25,161.5,102,50
216,259.25,161.5,102,50
217,259.25,161.5,102,50
218,259.25,161.5,102,50
219,259.25,161.5,102,50
220,259.25,161.5,102,50
221,259.25,161.5,102,50
222,259.25,161.5,102,50
223,259.25,161.5,102,50
224,259.25,161.5,102,50
225,259.25,161.5,102,50
226,259.25,161.5,102,50
227,259.25,161.5,102,50
228,259.25,161.5,102,50
229,259.25,161.5,102,50
230,259.25,161.5,102,50
231,259.25,161.5,102,50
232,259.25,161.5,102,50
233,259.25,161.5,102,50
234,259.25,161.5,102,50
235,259.25,161.5,102,50
236,259.25,161.5,102,50
237,259.25,157.25,102,50
238,259.25,157.25,102,50
239,259.25,157.25,102,50
240,259.25,157.25,102,50
241,259.25,157.25,102,50
242,259.25,157.25,102,50
243,259.25,157.25,102,50
244,259.25,157.25,102,50
245,259.25,157.25,102,50
246,259.25,157.25,102,50
247,259.25,157.25,102,50
248,259.25,157.25,102,50
249,259.25,157.25,102,50
250,259.25,157.25,102,50
251,259.25,157.25,102,50
252,259.25,157.25,102,50
253,259.25,157.25,102,50
254,259.25,157.25,102,50
255,259.25,157.25,102,50
256,259.25,157.25,102,50
257,259.25,157.25,102,50
258,259.25,157.25,102,50
259,259.25,157.25,102,50
260,259.25,157.25,102,50
261,259.25,157.25,102,50
262,259.25,157.25,102,50
263,259.25,157.25,102,50
264,259.25,157.25,102,50
265,259.25,157.25,102,50
266,259.25,157.25,102,50
267,259.25,157.25,102,50
268,259.25,157.25,102,50
269,259.25,157.25,102,50
270,259.25,157.25,102,50
271,259.25,157.25,102,50
272,259.25,157.25,102,50
273,259.25,157.25,102,50
274,259.25,157.25,102,50
275,259.25,157.25,102,50
276,259.25,157.25,102,50
277,259.25,157.25,102,50
278,259.25,157.25,102,50
279,259.25,157.25,102,50
280,259.25,157.25,102,50
281,259.25,157.25,102,50
282,259.25,157.25,102,50
283,259.25,157.25,102,50
284,259.25,157.25,102,50
285,259.25,157.25,102,50
286,259.25,157.25,102,50
287,259.25,157.25,102,50
288,259.25,157.25,102,50
289,259.25,157.25,102,50
290,259.25,157.25,102,50
291,259.25,157.25,102,50
292,259.25,157.25,102,50
293,259.25,157.25,102,50
294,259.25,157.25,102,50
295,259.25,157.25,102,50
296,259.25,157.25,102,50
297,259.25,157.25,102,50
298,259.25,157.25,102,50
299,259.25,157.25,102,50
300,259.25,157.25,102,50
301,259.25,157.25,102,50
302,259.25,157.25,102,50
303,259.25,157.25,102,50
304,259.25,157.25,102,50
305,259.25,157.25,102,50
306,259.25,157.25,102,50
307,259.25,157.25,102,50
308,259.25,157.25,102,50
309,259.25,157.25,102,50
310,259.25,157.25,102,50
311,259.25,157.25,102,50
312,259.25,157.25,102,50
313,259.25,157.25,102,50
314,259.25,157.25,102,50
315,259.25,157.25,102,50
316,259.25,157.25,102,50
317,259.25,157.25,102,50
318,259.25,157.25,102,50
319,259.25,157.25,102,50
320,259.25,157.25,102,50
321,259.25,157.25,102,50
322,259.25,157.25,102,50
323,259.25,157.25,102,50
324,259.25,157.25,102,50
325,259.25,157.25,102,50
326,259.25,157.25,102,50
327,259.25,157.25,102,50
328,259.25,157.25,102,50
329,259.25,157.25,102,50
330,259.25,157.25,102,50
331,259.25,157.25,102,50
332,259.25,157.25,102,50
333,259.25,157.25,102,50
334,259.25,157.25,102,50
335,259.25,157.25,102,50
336,259.25,157.25,102,50
337,259.25,157.25,102,50
338,259.25,157.25,102,50
339,259.25,157.25,102,50
340,259.25,157.25,102,50
341,259.25,157.25,102,50
342,259.25,157.25,102,50
343,259.25,157.25,102,50
344,259.25,157.25,102,50
345,259.25,157.25,102,50
346,259.25,157.25,102,50
347,259.25,157.25,102,50
348,259.25,157.25,102,50
349,259.25,157.25,102,50
