09-Confusion 25
4,333,354,22,31
5,334.542,353.917,22,31
6,335.833,353.917,22,31
7,338.417,353.917,22,31
8,341,353.917,22,31
9,343.583,353.917,22,31
10,346.167,353.917,22,31
11,348.75,353.917,22,31
12,351.333,353.917,22,31
13,353.917,353.917,22,31
14,356.5,355.208,22,31
15,359.083,355.208,22,31
16,361.667,355.208,22,31
17,364.25,355.208,22,31
18,366.833,355.208,22,31
19,369.417,355.208,22,31
20,372,355.208,22,31
21,374.583,355.208,22,31
22,377.167,355.208,22,31
23,379.75,355.208,22,31
24,382.333,355.208,22,31
25,383.625,355.208,22,31
26,386.208,355.208,22,31
27,387.5,355.208,22,31
28,436.583,55.5417,22,31
29,436.583,55.5417,22,31
30,436.583,55.5417,22,31
31,436.583,55.5417,22,31
32,436.583,55.5417,22,31
33,436.583,55.5417,22,31
34,436.583,55.5417,22,31
35,436.583,55.5417,22,31
36,436.583,55.5417,22,31
37,436.583,55.5417,22,31
38,436.583,55.5417,22,31
39,436.583,55.5417,22,31
40,436.583,55.5417,22,31
41,436.583,55.5417,22,31
42,436.583,55.5417,22,31
43,436.583,55.5417,22,31
44,436.583,55.5417,22,31
45,436.583,55.5417,22,31
46,436.583,55.5417,22,31
47,436.583,55.5417,22,31
48,436.583,55.5417,22,31
49,436.583,55.5417,22,31
50,436.583,55.5417,22,31
51,436.583,55.5417,22,31
52,436.583,55.5417,22,31
53,436.583,55.5417,22,31
54,436.583,55.5417,22,31
55,436.583,55.5417,22,31
56,436.583,55.5417,22,31
57,436.583,55.5417,22,31
58,436.583,55.5417,22,31
59,436.583,55.5417,22,31
60,436.583,55.5417,22,31
61,436.583,55.5417,22,31
62,436.583,55.5417,22,31
63,436.583,55.5417,22,31
64,436.583,55.5417,22,31
65,436.583,55.5417,22,31
66,436.583,55.5417,22,31
67,436.583,55.5417,22,31
68,436.583,55.5417,22,31
69,436.583,55.5417,22,31
70,436.583,55.5417,22,31
71,436.583,55.5417,22,31
72,436.583,55.5417,22,31
73,436.583,55.5417,22,31
74,436.583,55.5417,22,31
75,436.583,55.5417,22,31
76,436.583,55.5417,22,31
77,436.583,55.5417,22,31
78,436.583,55.5417,22,31
79,436.583,55.5417,22,31
80,436.583,55.5417,22,31
81,436.583,55.5417,22,31
82,436.583,55.5417,22,31
83,436.583,55.5417,22,31
84,436.583,55.5417,22,31
85,436.583,55.5417,22,31
86,436.583,55.5417,22,31
87,436.583,55.5417,22,31
88,436.583,55.5417,22,31
89,436.583,55.5417,22,31
90,436.583,55.5417,22,31
91,436.583,55.5417,22,31
92,436.583,55.5417,22,31
93,436.583,55.5417,22,31
94,436.583,55.5417,22,31
95,436.583,55.5417,22,31
96,436.583,55.5417,22,31
97,436.583,55.5417,22,31
98,436.583,55.5417,22,31
99,436.583,55.5417,22,31
100,436.583,55.5417,22,31
101,436.583,55.5417,22,31
102,436.583,55.5417,22,31
103,436.583,55.5417,22,31
104,436.583,55.5417,22,31
105,436.583,55.5417,22,31
106,436.583,55.5417,22,31
107,436.583,55.5417,22,31
108,436.583,55.5417,22,31
109,436.583,55.5417,22,31
110,436.583,55.5417,22,31
111,436.583,55.5417,22,31
112,436.583,55.5417,22,31
113,436.583,55.5417,22,31
114,436.583,55.5417,22,31
115,436.583,55.5417,22,31
116,436.583,55.5417,22,31
117,436.583,55.5417,22,31
118,436.583,55.5417,22,31
119,436.583,55.5417,22,31
120,436.583,55.5417,22,31
121,436.583,55.5417,22,31
122,436.583,55.5417,22,31
123,436.583,55.5417,22,31
124,436.583,55.5417,22,31
125,436.583,55.5417,22,31
126,436.583,55.5417,22,31
127,436.583,55.5417,22,31
128,436.583,55.5417,22,31
129,436.583,55.5417,22,31
130,436.583,55.5417,22,31
131,436.583,55.5417,22,31
132,436.583,55.5417,22,31
133,436.583,55.5417,22,31
134,436.583,55.5417,22,31
135,436.583,55.5417,22,31
136,436.583,55.5417,22,31
137,436.583,55.5417,22,31
138,436.583,55.5417,22,31
139,436.583,55.5417,22,31
140,436.583,55.5417,22,31
141,436.583,55.5417,22,31
142,436.583,55.5417,22,31
143,436.583,55.5417,22,31
144,436.583,55.5417,22,31
145,436.583,55.5417,22,31
146,436.583,55.5417,22,31
147,436.583,55.5417,22,31
148,436.583,55.5417,22,31
149,436.583,55.5417,22,31
150,436.583,55.5417,22,31
151,436.583,55.5417,22,31
152,436.583,55.5417,22,31
153,436.583,55.5417,22,31
154,436.583,55.5417,22,31
155,436.583,55.5417,22,31
156,436.583,55.5417,22,31
157,436.583,55.5417,22,31
158,436.583,55.5417,22,31
159,436.583,55.5417,22,31
160,436.583,55.5417,22,31
161,436.583,55.5417,22,31
162,436.583,55.5417,22,31
163,436.583,55.5417,22,31
164,436.583,55.5417,22,31
165,436.583,55.5417,22,31
166,436.583,55.5417,22,31
167,436.583,55.5417,22,31
168,436.583,55.5417,22,31
169,436.583,55.5417,22,31
170,436.583,55.5417,22,31
171,436.583,55.5417,22,31
172,436.583,55.5417,22,31
173,436.583,55.5417,22,31
174,436.583,55.5417,22,31
175,436.583,55.5417,22,31
176,436.583,55.5417,22,31
177,436.583,55.5417,22,31
178,436.583,55.5417,22,31
179,436.583,55.5417,22,31
180,436.583,55.5417,22,31
181,436.583,55.5417,22,31
182,436.583,55.5417,22,31
183,436.583,55.5417,22,31
184,436.583,55.5417,22,31
185,436.583,55.5417,22,31
186,436.583,55.5417,22,31
187,436.583,55.5417,22,31
188,436.583,55.5417,22,31
189,436.583,55.5417,22,31
190,436.583,55.5417,22,31
191,436.583,55.5417,22,31
192,436.583,55.5417,22,31
193,436.583,55.5417,22,31
194,436.583,55.5417,22,31
195,436.583,55.5417,22,31
