01-Light 27
10,583,481,90,90
11,584,481,90,90
12,584,481,90,90
13,584,481,90,90
14,584,481,90,90
15,585,481,90,90
16,586,481,90,90
17,587,481,90,90
18,588,481,90,90
19,589,481,90,90
20,590,481,90,90
21,590,481,90,90
22,590,481,90,90
23,590,481,90,90
24,590,481,90,90
25,590,481,90,90
26,590,481,90,90
27,590,481,90,90
28,590,481,90,90
29,590,481,90,90
30,590,481,90,90
31,591,481,90,90
32,592,481,90,90
33,593,481,90,90
34,594,481,90,90
35,594,481,90,90
36,594,481,90,90
37,594,481,90,90
38,595,481,90,90
39,596,481,90,90
40,597,481,90,90
41,598,481,90,90
42,599,481,90,90
43,601,481,90,90
44,603,480,90,90
45,605,479,90,90
46,607,478,90,90
47,609,477,90,90
48,611,476,90,90
49,613,475,90,90
50,614,474,90,90
51,615,473,90,90
52,616,473,90,90
53,616,473,90,90
54,616,473,90,90
55,616,473,90,90
56,616,473,90,90
57,616,473,90,90
58,616,473,90,90
59,616,473,90,90
60,616,473,90,90
61,616,473,90,90
62,616,473,90,90
63,616,473,90,90
64,616,473,90,90
65,616,473,90,90
66,616,473,90,90
67,616,473,90,90
68,616,473,90,90
69,616,473,90,90
70,616,473,90,90
71,616,473,90,90
72,616,473,90,90
73,616,474,90,90
74,616,475,90,90
75,616,476,90,90
76,616,477,90,90
77,616,477,90,90
78,616,477,90,90
79,616,477,90,90
80,616,477,90,90
81,616,476,90,90
82,616,475,90,90
83,617,474,90,90
84,618,473,90,90
85,619,473,90,90
86,620,472,90,90
87,621,471,90,90
88,621,470,90,90
89,621,470,90,90
90,621,470,90,90
91,621,470,90,90
92,621,470,90,90
93,621,470,90,90
94,621,470,90,90
95,621,470,90,90
96,621,470,90,90
97,621,470,90,90
98,621,470,90,90
99,621,470,90,90
100,621,469,90,90
101,621,468,90,90
102,621,467,90,90
103,622,466,90,90
104,623,466,90,90
105,624,465,90,90
106,625,463,90,90
107,627,460,90,90
108,628,458,90,90
109,629,456,90,90
110,629,455,90,90
111,629,454,90,90
112,629,453,90,90
113,629,452,90,90
114,629,451,90,90
115,629,451,90,90
116,629,451,90,90
117,629,451,90,90
118,629,452,90,90
119,629,453,90,90
120,629,454,90,90
121,629,455,90,90
122,629,456,90,90
123,629,457,90,90
124,629,458,90,90
125,629,459,90,90
126,629,460,90,90
127,629,461,90,90
128,629,462,90,90
129,629,464,90,90
130,629,465,90,90
131,629,465,90,90
132,629,465,90,90
133,629,465,90,90
134,629,465,90,90
135,629,465,90,90
136,628,464,90,90
137,627,463,90,90
138,625,461,90,90
139,623,459,90,90
140,621,457,90,90
141,618,455,90,90
142,615,453,90,90
143,612,451,90,90
144,610,449,90,90
145,608,448,90,90
146,607,447,90,90
147,606,446,90,90
