01-Light 19
15,202,77,67,89
16,205,78,67,89
17,207,79,67,89
18,208,81,67,89
19,211,82,67,89
20,214,83,67,89
21,217,84,67,89
22,220,86,67,89
23,225,89,67,89
24,231,90,67,89
25,569,364,67,89
26,568,365,67,89
27,568,365,67,89
28,567,366,67,89
29,566,368,67,89
30,569,370,67,89
31,570,374,67,89
32,569,375,67,89
33,568,375,67,89
34,567,376,67,89
35,572,376,67,89
36,0,381,67,89
37,2,387,67,89
38,4,389,67,89
39,6,390,67,89
40,13,390,67,89
41,96,389,67,89
42,99,389,67,89
43,502,266,67,89
44,510,264,67,89
45,510,260,67,89
46,494,251,67,89
47,479,228,67,89
48,472,210,67,89
49,30,102,67,89
50,46,252,67,89
51,45,263,67,89
52,45,266,67,89
53,45,272,67,89
54,52,289,67,89
55,52,290,67,89
56,48,291,67,89
57,39,283,67,89
58,30,273,67,89
59,24,267,67,89
60,19,266,67,89
61,12,272,67,89
62,6,284,67,89
63,5,295,67,89
64,2,310,67,89
65,0,326,67,89
66,0,334,67,89
67,0,335,67,89
68,250,81,67,89
69,255,81,67,89
70,262,81,67,89
71,266,78,67,89
72,271,77,67,89
73,277,74,67,89
74,279,73,67,89
75,281,73,67,89
76,286,75,67,89
77,292,79,67,89
78,293,82,67,89
79,296,87,67,89
80,303,92,67,89
81,308,96,67,89
82,311,100,67,89
83,317,104,67,89
84,325,107,67,89
85,319,109,67,89
86,326,111,67,89
87,331,113,67,89
88,333,116,67,89
89,336,118,67,89
90,339,122,67,89
91,342,122,67,89
92,344,118,67,89
93,346,120,67,89
94,348,122,67,89
95,352,115,67,89
96,356,111,67,89
97,359,109,67,89
98,367,105,67,89
99,377,104,67,89
100,385,102,67,89
101,393,102,67,89
102,403,102,67,89
103,417,103,67,89
104,432,105,67,89
105,446,109,67,89
106,460,117,67,89
107,470,125,67,89
108,481,131,67,89
109,492,138,67,89
110,499,143,67,89
111,485,143,67,89
112,493,147,67,89
113,491,148,67,89
114,499,151,67,89
115,508,153,67,89
116,518,154,67,89
117,528,157,67,89
118,539,161,67,89
119,546,164,67,89
120,553,166,67,89
