01-Light 9
1,647,66,109,148
2,648,66,109,148
3,648,66,109,148
4,648,66,109,148
5,648,66,109,148
6,649,66,109,148
7,649,66,109,148
8,649,66,109,148
9,649,66,109,148
10,649,66,109,148
11,649,66,109,148
12,649,66,109,148
13,649,66,109,148
14,649,65,109,148
15,649,65,109,148
16,649,64,109,148
17,648,63,109,148
18,647,62,109,148
19,646,61,109,148
20,645,61,109,148
21,644,61,109,148
22,642,62,109,148
23,640,62,109,148
24,638,62,109,148
25,635,62,109,148
26,632,63,109,148
27,628,63,109,148
28,625,62,109,148
29,621,61,109,148
30,617,60,109,148
31,613,59,109,148
32,610,58,109,148
33,607,57,109,148
34,604,56,109,148
35,601,55,109,148
36,598,55,109,148
37,595,55,109,148
38,593,54,109,148
39,591,53,109,148
40,589,53,109,148
41,587,53,109,148
42,585,53,109,148
43,584,53,109,148
44,583,53,109,148
45,582,53,109,148
46,581,53,109,148
47,581,53,109,148
48,581,53,109,148
49,581,53,109,148
50,581,53,109,148
51,581,54,109,148
52,582,54,109,148
53,583,55,109,148
54,583,56,109,148
55,584,56,109,148
56,585,56,109,148
57,586,57,109,148
58,587,58,109,148
59,588,58,109,148
60,588,59,109,148
61,588,60,109,148
62,588,60,109,148
63,588,60,109,148
64,589,61,109,148
65,590,61,109,148
66,591,62,109,148
67,592,63,109,148
68,593,64,109,148
69,594,64,109,148
70,595,65,109,148
71,596,65,109,148
72,598,65,109,148
73,600,65,109,148
74,602,65,109,148
75,604,65,109,148
76,606,65,109,148
77,608,65,109,148
78,610,65,109,148
79,612,65,109,148
80,614,65,109,148
81,616,65,109,148
82,618,65,109,148
83,620,65,109,148
84,622,65,109,148
85,624,65,109,148
86,626,65,109,148
87,628,65,109,148
88,630,65,109,148
89,632,65,109,148
90,634,66,109,148
91,636,66,109,148
92,638,67,109,148
93,640,67,109,148
94,642,67,109,148
95,644,67,109,148
96,646,67,109,148
97,648,68,109,148
98,650,68,109,148
99,652,68,109,148
100,654,69,109,148
101,656,69,109,148
102,658,69,109,148
103,660,69,109,148
104,663,69,109,148
105,665,69,109,148
106,667,70,109,148
107,669,71,109,148
108,671,72,109,148
109,673,73,109,148
110,675,73,109,148
111,677,73,109,148
112,679,74,109,148
113,681,74,109,148
114,683,74,109,148
115,685,74,109,148
116,687,74,109,148
117,689,73,109,148
118,691,74,109,148
119,693,74,109,148
120,694,74,109,148
121,696,74,109,148
122,697,74,109,148
123,699,74,109,148
124,701,74,109,148
125,703,75,109,148
126,705,75,109,148
127,706,75,109,148
128,707,74,109,148
129,708,74,109,148
130,709,74,109,148
131,710,74,109,148
132,711,74,109,148
133,712,74,109,148
134,713,74,109,148
135,713,74,109,148
136,713,74,109,148
137,713,74,109,148
138,713,74,109,148
139,713,74,109,148
140,712,74,109,148
141,711,74,109,148
142,710,74,109,148
143,708,73,109,148
144,706,72,109,148
145,704,70,109,148
146,701,68,109,148
147,699,67,109,148
148,697,66,109,148
149,695,66,109,148
150,693,65,109,148
151,691,64,109,148
152,689,63,109,148
153,687,62,109,148
154,685,61,109,148
155,684,60,109,148
156,683,60,109,148
157,681,60,109,148
158,679,59,109,148
159,677,59,109,148
160,676,59,109,148
161,675,59,109,148
162,673,59,109,148
163,672,59,109,148
164,671,59,109,148
165,670,59,109,148
166,669,60,109,148
167,669,60,109,148
168,668,60,109,148
169,667,60,109,148
170,667,61,109,148
171,667,61,109,148
172,667,61,109,148
173,667,61,109,148
174,667,61,109,148
175,667,61,109,148
176,667,61,109,148
177,667,61,109,148
178,667,61,109,148
179,667,61,109,148
180,667,61,109,148
181,667,61,109,148
182,667,61,109,148
183,668,60,109,148
184,669,59,109,148
185,670,57,109,148
186,670,56,109,148
187,671,55,109,148
188,672,54,109,148
189,673,52,109,148
190,674,50,109,148
191,675,48,109,148
192,676,46,109,148
193,677,45,109,148
194,678,44,109,148
195,679,43,109,148
196,680,41,109,148
197,682,40,109,148
198,684,39,109,148
199,686,38,109,148
200,688,38,109,148
201,690,38,109,148
202,692,38,109,148
203,694,38,109,148
204,696,39,109,148
205,698,40,109,148
206,700,41,109,148
207,702,42,109,148
208,705,42,109,148
209,707,43,109,148
210,708,43,109,148
211,710,43,109,148
212,711,43,109,148
213,712,43,109,148
214,712,43,109,148
215,712,43,109,148
216,712,43,109,148
217,712,43,109,148
218,711,43,109,148
219,710,43,109,148
220,709,43,109,148
221,707,43,109,148
222,706,44,109,148
223,704,44,109,148
224,702,45,109,148
225,699,46,109,148
226,696,47,109,148
227,692,47,109,148
228,688,47,109,148
229,683,46,109,148
230,679,45,109,148
231,674,44,109,148
232,669,43,109,148
233,665,42,109,148
234,660,41,109,148
235,656,41,109,148
236,651,40,109,148
237,647,39,109,148
238,643,38,109,148
239,640,37,109,148
240,637,37,109,148
241,634,37,109,148
242,631,37,109,148
243,629,37,109,148
244,627,37,109,148
245,626,37,109,148
246,625,37,109,148
247,624,37,109,148
248,623,37,109,148
249,622,37,109,148
250,622,38,109,148
251,622,39,109,148
252,622,40,109,148
253,622,40,109,148
254,623,40,109,148
255,624,41,109,148
256,625,41,109,148
257,626,42,109,148
258,627,43,109,148
259,629,44,109,148
260,631,45,109,148
261,633,46,109,148
262,636,47,109,148
263,638,48,109,148
264,640,49,109,148
265,642,49,109,148
266,644,49,109,148
267,646,49,109,148
268,648,49,109,148
269,650,49,109,148
270,651,48,109,148
271,652,49,109,148
272,653,49,109,148
273,654,49,109,148
274,655,50,109,148
275,656,50,109,148
276,657,51,109,148
277,658,51,109,148
278,659,52,109,148
279,660,52,109,148
280,661,52,109,148
281,661,52,109,148
282,661,52,109,148
283,662,52,109,148
284,663,52,109,148
285,663,51,109,148
286,664,51,109,148
287,665,51,109,148
288,666,51,109,148
289,667,51,109,148
290,668,51,109,148
291,669,51,109,148
