01-Light 33
325,524,47,28,126
326,519,47,28,126
327,519,47,28,126
328,514,48,28,126
329,512,48,28,126
330,512,48,28,126
331,506,50,28,126
332,506,50,28,126
333,506,50,28,126
334,495,52,28,126
335,495,52,28,126
336,487,57,28,126
337,487,57,28,126
338,482,56,28,126
339,479,56,28,126
340,479,56,28,126
341,474,57,28,126
342,474,57,28,126
343,469,60,28,126
344,469,60,28,126
345,469,60,28,126
346,460,62,28,126
347,460,62,28,126
348,455,63,28,126
349,455,63,28,126
350,455,63,28,126
351,455,63,28,126
352,455,63,28,126
353,455,63,28,126
354,455,63,28,126
355,455,63,28,126
356,455,63,28,126
357,455,63,28,126
358,455,63,28,126
359,455,63,28,126
360,455,63,28,126
361,455,63,28,126
362,455,63,28,126
363,455,63,28,126
364,455,63,28,126
365,455,63,28,126
366,455,63,28,126
367,455,63,28,126
368,455,63,28,126
369,455,63,28,126
370,455,63,28,126
371,455,63,28,126
372,455,63,28,126
373,455,63,28,126
374,455,63,28,126
375,455,63,28,126
376,455,63,28,126
377,455,63,28,126
378,455,63,28,126
379,455,63,28,126
380,455,63,28,126
381,455,63,28,126
382,455,63,28,126
383,455,63,28,126
384,455,63,28,126
385,455,63,28,126
386,455,63,28,126
387,455,63,28,126
388,455,63,28,126
389,455,63,28,126
390,455,63,28,126
391,455,63,28,126
392,455,63,28,126
393,455,63,28,126
394,455,63,28,126
395,455,63,28,126
396,455,63,28,126
397,455,63,28,126
398,455,63,28,126
399,455,63,28,126
400,455,63,28,126
401,455,63,28,126
402,455,63,28,126
403,455,63,28,126
404,455,63,28,126
405,455,63,28,126
406,455,63,28,126
407,455,63,28,126
408,455,63,28,126
409,455,63,28,126
410,455,63,28,126
411,455,63,28,126
412,455,63,28,126
413,455,63,28,126
414,455,63,28,126
415,455,63,28,126
416,455,63,28,126
417,455,63,28,126
418,455,63,28,126
419,455,63,28,126
420,455,63,28,126
421,455,63,28,126
422,455,63,28,126
423,455,63,28,126
424,455,63,28,126
425,455,63,28,126
426,455,63,28,126
427,455,63,28,126
428,455,63,28,126
429,455,63,28,126
430,455,63,28,126
431,455,63,28,126
432,455,63,28,126
433,455,63,28,126
434,455,63,28,126
435,455,63,28,126
436,455,63,28,126
437,455,63,28,126
438,455,63,28,126
439,455,63,28,126
440,455,63,28,126
441,455,63,28,126
442,455,63,28,126
443,455,63,28,126
444,455,63,28,126
445,455,63,28,126
446,455,63,28,126
447,455,63,28,126
448,455,63,28,126
449,455,63,28,126
450,455,63,28,126
451,455,63,28,126
452,455,63,28,126
453,455,63,28,126
454,455,63,28,126
455,455,63,28,126
456,455,63,28,126
457,455,63,28,126
458,455,63,28,126
459,455,63,28,126
460,455,63,28,126
461,455,63,28,126
462,455,63,28,126
463,455,63,28,126
464,455,63,28,126
465,455,63,28,126
466,455,63,28,126
467,455,63,28,126
468,455,63,28,126
469,455,63,28,126
470,455,63,28,126
471,454,63,28,126
472,454,63,28,126
473,454,63,28,126
474,454,63,28,126
475,454,63,28,126
476,454,63,28,126
477,454,63,28,126
478,454,63,28,126
479,454,63,28,126
480,454,63,28,126
481,453,63,28,126
482,453,63,28,126
483,453,63,28,126
484,446,69,28,126
485,446,69,28,126
486,441,71,28,126
487,441,71,28,126
488,441,71,28,126
489,433,71,28,126
490,433,71,28,126
491,429,70,28,126
492,429,70,28,126
493,429,70,28,126
494,423,71,28,126
495,423,71,28,126
