01-Light 25
1,312,300,19,24
2,314,300,19,24
3,313,301,19,24
4,315,303,19,24
5,316,303,19,24
6,315,301,19,24
7,314,301,19,24
8,312,299,19,24
9,312,298,19,24
10,312,299,19,24
11,314,298,19,24
12,316,308,19,24
13,317,307,19,24
14,318,303,19,24
15,317,302,19,24
16,319,301,19,24
17,318,303,19,24
18,318,303,19,24
19,318,298,19,24
20,319,297,19,24
21,320,297,19,24
22,321,298,19,24
23,322,299,19,24
24,322,299,19,24
25,322,298,19,24
26,322,298,19,24
27,322,300,19,24
28,323,301,19,24
29,322,302,19,24
30,322,302,19,24
31,323,302,19,24
32,323,301,19,24
33,323,298,19,24
34,322,295,19,24
35,320,294,19,24
36,320,296,19,24
37,319,295,19,24
38,320,293,19,24
39,316,293,19,24
40,319,296,19,24
41,316,298,19,24
42,320,296,19,24
43,325,298,19,24
44,318,297,19,24
45,314,301,19,24
46,318,302,19,24
47,320,293,19,24
48,321,293,19,24
49,321,298,19,24
50,320,297,19,24
51,324,299,19,24
52,323,298,19,24
53,325,295,19,24
54,326,295,19,24
55,327,300,19,24
56,328,300,19,24
57,329,296,19,24
58,330,293,19,24
59,329,294,19,24
60,329,295,19,24
61,328,298,19,24
62,328,297,19,24
63,328,298,19,24
64,328,298,19,24
65,328,298,19,24
66,328,299,19,24
67,328,301,19,24
68,328,299,19,24
69,328,296,19,24
70,328,295,19,24
71,328,297,19,24
72,328,296,19,24
73,328,293,19,24
74,327,289,19,24
75,329,288,19,24
76,329,287,19,24
77,328,284,19,24
78,328,285,19,24
79,328,288,19,24
80,328,289,19,24
81,327,289,19,24
82,328,288,19,24
83,329,286,19,24
84,327,289,19,24
85,327,290,19,24
86,328,293,19,24
87,329,292,19,24
88,329,291,19,24
89,329,291,19,24
90,331,288,19,24
91,332,287,19,24
92,332,288,19,24
93,332,291,19,24
94,245,176,19,24
95,360,9,19,24
96,172,122,19,24
97,169,100,19,24
98,161,85,19,24
99,353,104,19,24
100,369,107,19,24
101,355,136,19,24
102,375,112,19,24
103,370,97,19,24
104,373,128,19,24
105,365,104,19,24
106,362,129,19,24
107,378,122,19,24
108,367,116,19,24
109,380,119,19,24
110,367,120,19,24
111,384,112,19,24
112,371,99,19,24
113,361,124,19,24
114,363,102,19,24
115,356,113,19,24
116,364,107,19,24
117,358,105,19,24
118,352,109,19,24
119,361,106,19,24
120,360,112,19,24
121,358,104,19,24
122,354,112,19,24
123,356,109,19,24
124,354,115,19,24
125,359,114,19,24
126,355,120,19,24
127,352,116,19,24
128,364,113,19,24
129,364,126,19,24
130,373,126,19,24
131,357,122,19,24
132,366,112,19,24
133,357,115,19,24
134,356,110,19,24
135,355,108,19,24
136,352,103,19,24
137,372,118,19,24
138,361,144,19,24
139,373,139,19,24
140,373,143,19,24
141,373,143,19,24
142,349,125,19,24
143,366,102,19,24
144,368,134,19,24
145,360,151,19,24
146,368,128,19,24
147,362,136,19,24
148,370,120,19,24
149,95,88,19,24
150,374,128,19,24
151,380,112,19,24
152,369,111,19,24
153,384,109,19,24
154,89,69,19,24
155,37,17,19,24
156,379,80,19,24
157,383,104,19,24
158,380,110,19,24
159,374,134,19,24
160,387,105,19,24
161,383,97,19,24
162,389,101,19,24
163,365,101,19,24
164,376,93,19,24
165,381,104,19,24
166,357,226,19,24
167,355,219,19,24
168,352,218,19,24
