01-Light 14
54,255,147,118,53
55,255,147,118,53
56,255,147,118,53
57,255,147,118,53
58,255,147,118,53
59,255,148,118,53
60,256,148,118,53
61,256,149,118,53
62,256,149,118,53
63,256,150,118,53
64,255,150,118,53
65,255,150,118,53
66,255,150,118,53
67,255,150,118,53
68,255,150,118,53
69,256,149,118,53
70,257,149,118,53
71,257,149,118,53
72,257,149,118,53
73,257,149,118,53
74,258,149,118,53
75,258,149,118,53
76,257,150,118,53
77,257,150,118,53
78,257,150,118,53
79,257,150,118,53
80,257,151,118,53
81,256,152,118,53
82,256,153,118,53
83,256,154,118,53
84,255,155,118,53
85,255,156,118,53
86,255,157,118,53
87,255,158,118,53
88,255,159,118,53
89,255,160,118,53
90,255,160,118,53
91,255,161,118,53
92,255,162,118,53
93,255,163,118,53
94,255,164,118,53
95,255,164,118,53
96,256,164,118,53
97,256,164,118,53
98,256,164,118,53
99,256,164,118,53
100,257,163,118,53
101,258,163,118,53
102,258,163,118,53
103,258,163,118,53
104,259,163,118,53
105,259,163,118,53
106,259,163,118,53
107,259,163,118,53
108,259,163,118,53
109,259,163,118,53
110,259,163,118,53
111,259,163,118,53
112,259,163,118,53
113,259,163,118,53
114,259,163,118,53
115,259,164,118,53
116,258,164,118,53
117,257,164,118,53
118,256,164,118,53
119,255,165,118,53
120,254,165,118,53
121,253,165,118,53
122,252,165,118,53
123,252,165,118,53
124,252,165,118,53
125,251,165,118,53
126,250,166,118,53
127,250,165,118,53
128,250,166,118,53
129,249,166,118,53
130,248,167,118,53
131,248,167,118,53
132,247,167,118,53
133,246,168,118,53
134,245,168,118,53
135,245,169,118,53
136,244,170,118,53
137,243,170,118,53
138,242,171,118,53
139,241,172,118,53
140,240,173,118,53
141,239,173,118,53
142,238,174,118,53
143,237,175,118,53
144,237,175,118,53
145,236,176,118,53
146,235,177,118,53
147,234,178,118,53
148,232,179,118,53
149,231,180,118,53
150,230,180,118,53
151,229,180,118,53
152,226,181,118,53
153,225,181,118,53
154,225,181,118,53
155,224,181,118,53
156,222,181,118,53
157,220,181,118,53
158,219,181,118,53
159,218,181,118,53
160,216,181,118,53
161,213,181,118,53
162,211,181,118,53
163,209,181,118,53
164,207,180,118,53
165,205,181,118,53
166,203,181,118,53
167,201,181,118,53
168,199,181,118,53
169,198,181,118,53
170,196,181,118,53
171,195,181,118,53
172,194,181,118,53
173,194,180,118,53
174,193,179,118,53
175,192,178,118,53
176,192,177,118,53
177,192,175,118,53
178,192,174,118,53
179,192,172,118,53
180,192,171,118,53
181,193,170,118,53
182,194,168,118,53
183,194,167,118,53
184,195,166,118,53
185,197,166,118,53
186,199,165,118,53
187,200,164,118,53
188,201,164,118,53
189,202,165,118,53
190,204,165,118,53
191,205,166,118,53
192,206,167,118,53
193,207,169,118,53
194,208,172,118,53
195,209,173,118,53
196,210,176,118,53
197,211,178,118,53
198,211,181,118,53
199,212,182,118,53
200,212,184,118,53
201,213,186,118,53
202,213,187,118,53
203,213,189,118,53
204,214,190,118,53
205,214,191,118,53
206,215,192,118,53
207,215,192,118,53
208,216,192,118,53
209,218,189,118,53
210,218,187,118,53
211,219,184,118,53
212,220,182,118,53
213,221,178,118,53
214,222,173,118,53
215,222,170,118,53
216,222,169,118,53
217,222,167,118,53
218,222,166,118,53
219,223,166,118,53
220,223,167,118,53
221,223,170,118,53
222,224,172,118,53
223,225,174,118,53
224,225,176,118,53
225,225,179,118,53
226,225,182,118,53
227,225,183,118,53
228,226,184,118,53
229,226,184,118,53
230,226,185,118,53
231,227,183,118,53
232,227,181,118,53
233,227,179,118,53
234,227,177,118,53
235,228,176,118,53
236,229,172,118,53
237,230,170,118,53
238,231,168,118,53
239,233,166,118,53
240,234,163,118,53
241,236,161,118,53
242,238,159,118,53
243,240,157,118,53
244,240,157,118,53
245,241,156,118,53
246,242,155,118,53
247,244,154,118,53
248,245,154,118,53
249,247,153,118,53
250,249,152,118,53
251,251,151,118,53
252,252,150,118,53
253,254,149,118,53
254,256,147,118,53
255,257,147,118,53
256,259,146,118,53
257,262,144,118,53
258,263,143,118,53
259,264,142,118,53
260,266,141,118,53
261,269,139,118,53
262,270,138,118,53
263,271,137,118,53
264,273,136,118,53
265,275,134,118,53
266,277,132,118,53
267,279,130,118,53
268,281,128,118,53
269,283,126,118,53
270,285,124,118,53
271,286,122,118,53
272,289,120,118,53
273,290,118,118,53
274,290,118,118,53
275,291,117,118,53
276,292,116,118,53
277,292,116,118,53
278,292,117,118,53
279,292,118,118,53
280,292,118,118,53
281,292,118,118,53
282,291,120,118,53
283,290,121,118,53
284,290,121,118,53
285,289,122,118,53
286,288,124,118,53
287,286,127,118,53
288,285,128,118,53
289,284,130,118,53
290,282,134,118,53
291,280,136,118,53
292,278,138,118,53
293,276,141,118,53
294,275,144,118,53
295,274,146,118,53
296,273,148,118,53
297,272,148,118,53
298,271,150,118,53
299,271,152,118,53
300,271,153,118,53
301,270,154,118,53
302,270,155,118,53
303,270,155,118,53
304,270,157,118,53
305,270,157,118,53
306,270,157,118,53
307,269,159,118,53
308,269,159,118,53
309,269,159,118,53
310,268,160,118,53
311,268,160,118,53
312,268,160,118,53
313,267,161,118,53
314,267,161,118,53
315,267,161,118,53
316,267,161,118,53
317,267,161,118,53
318,266,162,118,53
319,266,162,118,53
320,267,161,118,53
321,267,160,118,53
322,267,161,118,53
323,267,161,118,53
324,268,160,118,53
325,268,161,118,53
326,268,161,118,53
327,268,161,118,53
328,268,161,118,53
329,268,161,118,53
330,268,161,118,53
331,268,161,118,53
332,267,162,118,53
333,267,162,118,53
334,267,162,118,53
335,267,162,118,53
336,266,162,118,53
337,264,164,118,53
338,264,163,118,53
339,264,163,118,53
340,264,163,118,53
341,264,164,118,53
342,265,164,118,53
343,266,164,118,53
344,266,164,118,53
345,266,166,118,53
346,266,166,118,53
347,266,166,118,53
348,266,167,118,53
349,266,168,118,53
350,266,169,118,53
351,265,170,118,53
352,265,170,118,53
353,265,170,118,53
354,265,170,118,53
355,264,171,118,53
356,263,172,118,53
357,264,172,118,53
358,264,173,118,53
359,264,173,118,53
360,263,174,118,53
361,263,175,118,53
362,263,175,118,53
363,263,176,118,53
364,263,177,118,53
365,264,178,118,53
366,264,179,118,53
367,265,180,118,53
368,266,182,118,53
369,268,183,118,53
370,270,184,118,53
371,271,186,118,53
372,273,186,118,53
373,275,187,118,53
374,276,188,118,53
375,277,190,118,53
376,279,190,118,53
377,280,191,118,53
378,281,192,118,53
379,282,194,118,53
380,283,194,118,53
381,284,194,118,53
382,285,194,118,53
383,286,195,118,53
384,287,195,118,53
385,288,195,118,53
386,289,195,118,53
387,289,196,118,53
388,289,196,118,53
389,290,196,118,53
390,290,196,118,53
391,290,196,118,53
392,290,196,118,53
393,290,197,118,53
394,290,197,118,53
395,290,197,118,53
396,290,198,118,53
397,290,198,118,53
398,290,199,118,53
399,290,199,118,53
400,291,200,118,53
401,291,201,118,53
402,291,202,118,53
403,291,202,118,53
404,291,202,118,53
405,291,202,118,53
406,291,203,118,53
407,291,203,118,53
408,291,204,118,53
409,291,204,118,53
410,291,204,118,53
411,291,204,118,53
412,291,204,118,53
413,290,203,118,53
414,290,203,118,53
