01-Light 31
59,471,343,84,69
60,470,341,84,69
61,469,341,84,69
62,468,340,84,69
63,466,335,84,69
64,465,339,84,69
65,464,336,84,69
66,463,333,84,69
67,462,335,84,69
68,460,336,84,69
69,458,336,84,69
70,456,334,84,69
71,454,340,84,69
72,451,338,84,69
73,449,335,84,69
74,447,339,84,69
75,446,336,84,69
76,444,332,84,69
77,442,331,84,69
78,440,335,84,69
79,437,330,84,69
80,434,331,84,69
81,433,336,84,69
82,431,331,84,69
83,429,329,84,69
84,427,333,84,69
85,426,330,84,69
86,424,328,84,69
87,422,329,84,69
88,420,329,84,69
89,418,327,84,69
90,415,327,84,69
91,412,329,84,69
92,410,328,84,69
93,407,328,84,69
94,404,328,84,69
95,401,327,84,69
96,398,326,84,69
97,394,328,84,69
98,391,328,84,69
99,388,326,84,69
100,385,328,84,69
101,381,325,84,69
102,378,327,84,69
103,374,329,84,69
104,369,325,84,69
105,365,327,84,69
106,361,329,84,69
107,355,326,84,69
108,350,325,84,69
109,345,329,84,69
110,339,325,84,69
111,334,325,84,69
112,330,327,84,69
113,324,326,84,69
114,316,327,84,69
115,309,327,84,69
116,302,331,84,69
117,294,330,84,69
