01-Light 8
125,962,243,53,90
126,962,238,53,90
127,960,233,53,90
128,957,230,53,90
129,957,230,53,90
130,956,238,53,90
131,957,250,53,90
132,958,244,53,90
133,956,235,53,90
134,954,231,53,90
135,952,235,53,90
136,951,241,53,90
137,951,249,53,90
138,950,241,53,90
139,950,238,53,90
140,951,237,53,90
141,950,236,53,90
142,948,242,53,90
143,949,253,53,90
144,949,246,53,90
145,949,245,53,90
146,949,254,53,90
147,950,260,53,90
148,950,250,53,90
149,948,242,53,90
150,946,239,53,90
151,943,235,53,90
152,940,235,53,90
153,941,245,53,90
154,944,254,53,90
155,946,251,53,90
156,947,248,53,90
157,946,254,53,90
158,945,257,53,90
159,943,248,53,90
160,940,249,53,90
161,937,259,53,90
162,936,260,53,90
163,937,253,53,90
164,937,244,53,90
165,937,240,53,90
166,937,226,53,90
167,938,215,53,90
168,938,211,53,90
169,933,213,53,90
170,928,222,53,90
171,926,237,53,90
172,927,253,53,90
173,929,250,53,90
174,932,252,53,90
175,933,262,53,90
176,929,267,53,90
177,924,257,53,90
178,924,244,53,90
179,924,249,53,90
180,924,252,53,90
181,924,247,53,90
182,924,240,53,90
183,922,243,53,90
184,919,245,53,90
185,918,244,53,90
186,918,249,53,90
187,918,262,53,90
188,916,267,53,90
189,914,268,53,90
190,913,272,53,90
191,913,276,53,90
192,913,267,53,90
193,914,260,53,90
194,915,251,53,90
195,914,240,53,90
196,912,236,53,90
197,911,241,53,90
198,910,249,53,90
199,909,250,53,90
200,908,252,53,90
201,906,258,53,90
202,905,257,53,90
203,904,249,53,90
204,903,254,53,90
205,903,256,53,90
206,904,247,53,90
207,906,230,53,90
208,907,236,53,90
209,906,245,53,90
210,904,250,53,90
211,903,256,53,90
212,903,264,53,90
213,903,265,53,90
214,902,257,53,90
215,901,255,53,90
216,901,257,53,90
217,901,256,53,90
218,901,251,53,90
219,899,255,53,90
220,897,260,53,90
221,897,265,53,90
222,899,248,53,90
223,901,245,53,90
224,903,252,53,90
225,905,252,53,90
226,907,244,53,90
227,909,240,53,90
228,909,241,53,90
229,908,232,53,90
230,909,232,53,90
231,911,239,53,90
232,913,246,53,90
233,914,255,53,90
234,914,266,53,90
235,913,275,53,90
236,911,275,53,90
237,912,274,53,90
238,913,269,53,90
239,914,259,53,90
240,915,251,53,90
241,916,241,53,90
242,916,240,53,90
243,916,247,53,90
244,913,256,53,90
245,910,260,53,90
246,910,258,53,90
247,909,260,53,90
248,909,254,53,90
249,908,257,53,90
250,905,248,53,90
251,905,248,53,90
252,906,254,53,90
253,907,265,53,90
254,907,275,53,90
255,905,276,53,90
256,902,276,53,90
257,901,284,53,90
258,903,284,53,90
259,904,276,53,90
260,905,265,53,90
261,904,261,53,90
262,902,255,53,90
263,902,258,53,90
264,905,258,53,90
265,908,252,53,90
266,910,247,53,90
267,912,236,53,90
268,914,231,53,90
269,914,241,53,90
270,914,245,53,90
271,917,247,53,90
272,921,252,53,90
273,922,258,53,90
274,922,260,53,90
275,922,259,53,90
276,923,249,53,90
277,925,244,53,90
278,926,245,53,90
279,927,246,53,90
280,927,245,53,90
281,927,251,53,90
282,928,267,53,90
283,930,267,53,90
284,933,267,53,90
285,936,273,53,90
286,937,281,53,90
287,936,277,53,90
288,935,268,53,90
289,935,261,53,90
290,935,254,53,90
291,937,246,53,90
292,938,246,53,90
293,936,242,53,90
294,933,244,53,90
295,932,259,53,90
296,933,269,53,90
297,936,273,53,90
298,940,270,53,90
299,943,270,53,90
300,946,264,53,90
301,950,253,53,90
302,954,243,53,90
303,955,231,53,90
304,956,221,53,90
305,956,217,53,90
306,956,219,53,90
307,957,226,53,90
308,962,227,53,90
309,967,230,53,90
310,972,238,53,90
311,974,243,53,90
312,974,247,53,90
313,974,251,53,90
314,975,257,53,90
315,975,258,53,90
316,976,255,53,90
317,977,251,53,90
318,979,241,53,90
319,982,238,53,90
320,983,236,53,90
321,982,226,53,90
322,981,219,53,90
323,980,222,53,90
324,981,226,53,90
325,981,230,53,90
326,980,239,53,90
327,979,247,53,90
328,977,243,53,90
329,978,238,53,90
330,981,241,53,90
331,983,242,53,90
332,983,231,53,90
333,982,223,53,90
334,981,224,53,90
335,982,224,53,90
336,985,218,53,90
337,989,214,53,90
338,991,213,53,90
339,991,215,53,90
340,992,222,53,90
341,993,227,53,90
342,993,229,53,90
343,993,233,53,90
344,991,233,53,90
345,989,235,53,90
346,988,240,53,90
347,988,241,53,90
348,990,246,53,90
349,991,252,53,90
350,990,255,53,90
351,990,248,53,90
352,994,249,53,90
353,998,249,53,90
354,1000,241,53,90
355,1002,224,53,90
356,1004,209,53,90
357,1002,203,53,90
358,998,210,53,90
359,995,227,53,90
360,995,240,53,90
361,996,247,53,90
362,997,260,53,90
363,998,266,53,90
364,999,264,53,90
365,997,252,53,90
366,993,244,53,90
367,992,237,53,90
368,992,240,53,90
369,994,249,53,90
370,994,257,53,90
371,995,255,53,90
372,996,254,53,90
373,998,255,53,90
374,1000,251,53,90
375,1002,249,53,90
376,1005,254,53,90
377,1004,247,53,90
378,1001,245,53,90
379,1001,243,53,90
380,1002,242,53,90
381,1006,240,53,90
382,1009,242,53,90
383,1012,248,53,90
384,1014,244,53,90
385,1016,246,53,90
386,1020,249,53,90
387,1022,250,53,90
388,1022,251,53,90
389,1020,264,53,90
390,1020,284,53,90
391,1021,282,53,90
392,1023,286,53,90
393,1024,293,53,90
394,1024,291,53,90
395,1021,276,53,90
396,1020,265,53,90
397,1018,250,53,90
398,1017,239,53,90
399,1017,247,53,90
400,1017,271,53,90
401,1017,283,53,90
402,1017,280,53,90
403,1018,282,53,90
404,1019,286,53,90
405,1020,278,53,90
406,1022,266,53,90
407,1025,259,53,90
408,1026,249,53,90
409,1029,231,53,90
410,1031,229,53,90
411,1034,244,53,90
412,1037,255,53,90
413,1040,254,53,90
414,1045,253,53,90
415,1048,261,53,90
416,1049,262,53,90
417,1050,261,53,90
418,1052,271,53,90
419,1053,276,53,90
420,1053,278,53,90
421,1055,283,53,90
422,1056,281,53,90
423,1055,275,53,90
424,1054,277,53,90
425,1052,281,53,90
426,1050,290,53,90
427,1051,293,53,90
428,1055,302,53,90
429,1059,298,53,90
430,1059,293,53,90
431,1056,274,53,90
432,1054,265,53,90
433,1051,257,53,90
434,1049,266,53,90
435,1052,284,53,90
436,1056,284,53,90
437,1055,275,53,90
438,1052,259,53,90
439,1051,258,53,90
440,1051,265,53,90
441,1050,274,53,90
442,1050,285,53,90
443,1053,291,53,90
444,1055,289,53,90
445,1054,288,53,90
446,1054,290,53,90
447,1054,281,53,90
448,1055,271,53,90
449,1056,265,53,90
450,1058,266,53,90
451,1059,269,53,90
452,1060,280,53,90
453,1062,286,53,90
454,1065,286,53,90
455,1067,287,53,90
456,1067,288,53,90
457,1069,278,53,90
458,1071,277,53,90
459,1071,278,53,90
460,1072,283,53,90
461,1075,284,53,90
462,1076,285,53,90
463,1077,285,53,90
464,1078,289,53,90
465,1080,285,53,90
