01-Light 26
1,325,302,28,38
2,325,302,28,38
3,325,299,28,38
4,325,300,28,38
5,323,304,28,38
6,321,305,28,38
7,321,301,28,38
8,321,299,28,38
9,321,299,28,38
10,318,300,28,38
11,316,301,28,38
12,318,298,28,38
13,320,295,28,38
14,322,298,28,38
15,324,304,28,38
16,323,302,28,38
17,323,303,28,38
18,326,301,28,38
19,328,300,28,38
20,329,303,28,38
21,330,308,28,38
22,330,309,28,38
23,333,308,28,38
24,332,307,28,38
25,330,304,28,38
26,328,305,28,38
27,326,304,28,38
28,325,303,28,38
29,325,305,28,38
30,324,303,28,38
31,322,305,28,38
32,323,303,28,38
33,322,302,28,38
34,323,304,28,38
35,325,303,28,38
36,327,304,28,38
37,328,307,28,38
38,329,310,28,38
39,331,305,28,38
40,331,304,28,38
41,332,304,28,38
42,332,303,28,38
43,330,303,28,38
44,325,304,28,38
45,324,308,28,38
46,324,308,28,38
47,324,308,28,38
48,323,306,28,38
49,322,307,28,38
50,322,305,28,38
51,324,300,28,38
52,326,296,28,38
53,326,296,28,38
54,326,296,28,38
55,328,298,28,38
56,330,296,28,38
57,332,297,28,38
58,334,299,28,38
59,336,301,28,38
60,338,299,28,38
61,340,294,28,38
62,340,291,28,38
63,341,294,28,38
64,340,285,28,38
65,338,282,28,38
66,338,281,28,38
67,340,277,28,38
68,341,279,28,38
69,342,285,28,38
70,342,283,28,38
71,341,279,28,38
72,338,279,28,38
73,336,282,28,38
74,335,281,28,38
75,335,276,28,38
76,331,268,28,38
77,330,268,28,38
78,328,271,28,38
79,327,272,28,38
80,327,267,28,38
81,328,266,28,38
82,329,266,28,38
83,333,263,28,38
84,332,261,28,38
85,331,259,28,38
86,329,258,28,38
87,328,260,28,38
88,325,261,28,38
89,324,262,28,38
90,323,260,28,38
91,324,258,28,38
92,326,254,28,38
93,329,249,28,38
94,331,248,28,38
95,332,245,28,38
96,334,244,28,38
97,335,243,28,38
98,335,242,28,38
99,335,240,28,38
100,335,241,28,38
101,335,238,28,38
102,338,236,28,38
103,338,236,28,38
104,338,231,28,38
105,341,221,28,38
106,343,216,28,38
107,340,207,28,38
108,338,199,28,38
109,340,186,28,38
110,342,177,28,38
111,345,173,28,38
112,348,164,28,38
113,349,149,28,38
114,349,150,28,38
115,352,161,28,38
116,354,159,28,38
117,355,159,28,38
118,352,159,28,38
119,355,162,28,38
120,352,161,28,38
121,352,160,28,38
122,349,159,28,38
123,351,151,28,38
124,352,142,28,38
125,352,143,28,38
126,351,151,28,38
127,350,155,28,38
128,351,155,28,38
129,352,153,28,38
130,353,156,28,38
131,358,158,28,38
132,357,158,28,38
133,361,158,28,38
134,361,158,28,38
135,360,157,28,38
136,357,157,28,38
137,359,157,28,38
138,361,156,28,38
139,365,154,28,38
140,363,155,28,38
141,360,156,28,38
142,358,157,28,38
143,358,156,28,38
144,358,156,28,38
145,360,157,28,38
146,123,230,28,38
147,113,225,28,38
148,127,228,28,38
149,118,225,28,38
150,111,221,28,38
151,118,222,28,38
152,112,221,28,38
153,112,221,28,38
154,111,221,28,38
155,97,219,28,38
156,83,214,28,38
157,77,212,28,38
158,73,210,28,38
159,73,210,28,38
160,74,210,28,38
161,75,210,28,38
162,80,209,28,38
163,73,205,28,38
164,87,217,28,38
165,76,218,28,38
166,70,218,28,38
167,62,214,28,38
168,74,217,28,38
169,67,215,28,38
170,64,213,28,38
171,64,214,28,38
172,62,212,28,38
173,33,202,28,38
174,26,200,28,38
175,25,200,28,38
176,21,200,28,38
177,34,207,28,38
178,34,204,28,38
179,49,204,28,38
180,50,205,28,38
181,44,204,28,38
182,21,197,28,38
183,104,253,28,38
184,91,248,28,38
185,74,242,28,38
186,62,239,28,38
187,49,236,28,38
188,91,246,28,38
189,76,242,28,38
190,59,239,28,38
191,89,243,28,38
192,69,235,28,38
193,58,232,28,38
194,45,225,28,38
195,259,283,28,38
196,257,281,28,38
197,256,281,28,38
198,254,281,28,38
199,249,281,28,38
200,247,280,28,38
201,242,281,28,38
202,235,281,28,38
203,231,285,28,38
204,231,284,28,38
205,236,283,28,38
206,237,284,28,38
207,41,307,28,38
208,107,278,28,38
209,86,21,28,38
210,180,145,28,38
211,167,124,28,38
212,148,96,28,38
213,136,59,28,38
214,191,151,28,38
215,175,134,28,38
216,161,109,28,38
217,180,89,28,38
218,177,89,28,38
219,180,88,28,38
220,177,89,28,38
221,135,76,28,38
222,119,37,28,38
223,120,76,28,38
224,181,125,28,38
225,156,89,28,38
226,132,56,28,38
227,136,85,28,38
228,184,134,28,38
229,150,99,28,38
230,162,60,28,38
231,367,9,28,38
232,125,68,28,38
233,384,18,28,38
234,133,84,28,38
235,137,28,28,38
236,179,153,28,38
237,161,135,28,38
238,135,107,28,38
239,131,66,28,38
240,377,14,28,38
241,385,15,28,38
242,387,44,28,38
243,398,20,28,38
244,100,34,28,38
245,369,102,28,38
246,176,138,28,38
247,156,112,28,38
248,168,141,28,38
249,144,126,28,38
250,374,101,28,38
251,354,124,28,38
252,368,72,28,38
253,371,59,28,38
254,364,120,28,38
255,379,82,28,38
256,364,61,28,38
257,126,102,28,38
258,108,58,28,38
259,89,10,28,38
260,83,68,28,38
261,40,16,28,38
262,133,98,28,38
263,86,30,28,38
264,84,13,28,38
265,79,27,28,38
266,382,24,28,38
267,383,25,28,38
268,373,30,28,38
269,382,27,28,38
270,359,63,28,38
271,372,87,28,38
272,393,66,28,38
273,65,43,28,38
274,96,80,28,38
275,366,73,28,38
276,358,90,28,38
277,351,145,28,38
278,358,120,28,38
279,372,114,28,38
280,382,82,28,38
281,147,113,28,38
282,76,74,28,38
283,49,28,28,38
284,354,148,28,38
285,359,140,28,38
286,345,124,28,38
287,375,90,28,38
288,379,87,28,38
289,373,116,28,38
290,357,110,28,38
291,352,135,28,38
292,356,103,28,38
293,376,85,28,38
294,384,90,28,38
295,377,47,28,38
296,24,0,28,38
297,101,71,28,38
298,77,20,28,38
299,18,10,28,38
300,170,139,28,38
301,137,114,28,38
302,110,101,28,38
303,86,37,28,38
304,370,106,28,38
305,368,56,28,38
306,366,89,28,38
307,368,153,28,38
308,363,140,28,38
309,367,98,28,38
310,372,76,28,38
311,378,84,28,38
312,365,101,28,38
