01-Light 18
100,763,434,40,69
101,761,433,40,69
102,759,432,40,69
103,757,431,40,69
104,755,430,40,69
105,753,428,40,69
106,750,427,40,69
107,747,426,40,69
108,744,424,40,69
109,741,422,40,69
110,739,419,40,69
111,737,416,40,69
112,735,413,40,69
113,733,410,40,69
114,731,407,40,69
115,729,403,40,69
116,727,399,40,69
117,726,395,40,69
118,725,391,40,69
119,724,387,40,69
120,724,383,40,69
121,724,379,40,69
122,724,375,40,69
123,724,370,40,69
124,724,366,40,69
125,724,362,40,69
126,724,358,40,69
127,724,353,40,69
128,724,349,40,69
129,724,345,40,69
130,723,341,40,69
131,722,336,40,69
132,721,332,40,69
133,720,328,40,69
134,719,324,40,69
135,718,320,40,69
136,716,316,40,69
137,713,313,40,69
138,710,310,40,69
139,707,307,40,69
140,704,304,40,69
141,701,301,40,69
142,697,298,40,69
143,693,295,40,69
144,689,292,40,69
145,685,289,40,69
146,681,286,40,69
147,677,283,40,69
148,673,281,40,69
149,669,278,40,69
150,665,275,40,69
151,661,272,40,69
152,657,270,40,69
153,653,268,40,69
154,650,267,40,69
155,647,267,40,69
156,644,266,40,69
157,641,266,40,69
158,638,266,40,69
159,635,266,40,69
160,633,266,40,69
161,631,266,40,69
162,629,266,40,69
163,627,267,40,69
164,625,268,40,69
165,624,268,40,69
166,623,268,40,69
167,622,268,40,69
168,621,269,40,69
169,620,270,40,69
170,620,272,40,69
171,620,273,40,69
172,620,274,40,69
173,620,275,40,69
174,621,276,40,69
175,622,277,40,69
176,623,278,40,69
177,624,279,40,69
178,625,280,40,69
179,627,281,40,69
180,629,282,40,69
