01-Light 20
1,151,117,62,81
2,153,116,62,81
3,156,114,62,81
4,158,111,62,81
5,159,109,62,81
6,161,108,62,81
7,163,109,62,81
8,165,112,62,81
9,167,117,62,81
10,168,123,62,81
11,169,128,62,81
12,170,131,62,81
13,170,132,62,81
14,170,130,62,81
15,169,126,62,81
16,167,122,62,81
17,164,118,62,81
18,162,115,62,81
19,159,114,62,81
20,156,115,62,81
21,153,118,62,81
22,150,122,62,81
23,147,128,62,81
24,145,134,62,81
25,144,139,62,81
26,145,143,62,81
27,145,145,62,81
28,146,145,62,81
29,146,144,62,81
30,145,139,62,81
31,143,132,62,81
32,141,127,62,81
33,139,124,62,81
34,136,122,62,81
35,133,122,62,81
36,129,125,62,81
37,125,129,62,81
38,120,134,62,81
39,114,140,62,81
40,109,141,62,81
41,105,141,62,81
42,102,141,62,81
43,99,141,62,81
44,97,140,62,81
45,95,139,62,81
46,94,137,62,81
47,93,135,62,81
48,94,133,62,81
49,95,132,62,81
50,94,131,62,81
51,94,130,62,81
52,96,129,62,81
53,99,129,62,81
54,102,129,62,81
55,105,129,62,81
56,107,129,62,81
57,111,129,62,81
58,112,129,62,81
59,112,129,62,81
60,114,129,62,81
61,121,128,62,81
62,123,124,62,81
63,124,118,62,81
64,125,115,62,81
65,125,114,62,81
66,126,115,62,81
67,127,117,62,81
68,127,121,62,81
69,127,126,62,81
70,128,131,62,81
71,129,134,62,81
72,131,134,62,81
73,133,131,62,81
74,135,124,62,81
75,138,116,62,81
76,139,110,62,81
77,139,107,62,81
78,138,109,62,81
79,136,113,62,81
80,138,115,62,81
81,135,122,62,81
82,129,132,62,81
83,129,137,62,81
84,129,140,62,81
85,130,140,62,81
86,130,138,62,81
87,129,134,62,81
88,127,127,62,81
89,125,121,62,81
90,126,113,62,81
91,128,105,62,81
92,130,100,62,81
93,132,98,62,81
94,135,99,62,81
95,137,103,62,81
96,139,110,62,81
97,142,118,62,81
98,146,125,62,81
99,148,129,62,81
100,148,129,62,81
101,147,123,62,81
102,145,113,62,81
103,143,102,62,81
104,141,92,62,81
105,139,83,62,81
106,137,77,62,81
107,136,75,62,81
108,134,77,62,81
109,132,84,62,81
110,131,91,62,81
111,131,97,62,81
112,132,103,62,81
113,133,107,62,81
114,134,109,62,81
115,135,108,62,81
116,136,104,62,81
117,137,98,62,81
118,137,90,62,81
119,139,84,62,81
120,142,78,62,81
121,145,76,62,81
122,146,77,62,81
123,147,83,62,81
124,145,90,62,81
125,140,95,62,81
126,134,100,62,81
127,127,103,62,81
128,121,103,62,81
129,116,100,62,81
130,113,93,62,81
131,110,86,62,81
132,108,78,62,81
133,106,72,62,81
