02-SurfaceCover 8
1,358,160,90,213
2,358,161,90,213
3,357,162,90,213
4,356,163,90,213
5,356,164,90,213
6,356,164,90,213
7,356,164,90,213
8,356,165,90,213
9,356,166,90,213
10,356,166,90,213
11,356,166,90,213
12,356,166,90,213
13,356,167,90,213
14,356,167,90,213
15,356,167,90,213
16,356,167,90,213
17,356,167,90,213
18,356,167,90,213
19,356,167,90,213
20,356,167,90,213
21,356,168,90,213
22,356,169,90,213
23,355,169,90,213
24,355,170,90,213
25,355,171,90,213
26,355,171,90,213
27,355,171,90,213
28,355,172,90,213
29,355,173,90,213
30,355,174,90,213
31,356,175,90,213
32,357,176,90,213
33,358,178,90,213
34,358,179,90,213
35,358,180,90,213
36,359,181,90,213
37,359,182,90,213
38,359,183,90,213
39,359,183,90,213
40,359,183,90,213
41,359,183,90,213
42,359,183,90,213
43,359,183,90,213
44,359,183,90,213
45,359,183,90,213
46,359,183,90,213
47,359,183,90,213
48,359,183,90,213
49,359,183,90,213
50,359,183,90,213
51,359,183,90,213
52,359,184,90,213
53,359,184,90,213
54,359,184,90,213
55,359,185,90,213
56,359,185,90,213
57,359,185,90,213
58,359,185,90,213
59,359,185,90,213
60,359,185,90,213
61,359,185,90,213
62,359,186,90,213
63,360,187,90,213
64,361,188,90,213
65,362,189,90,213
66,363,190,90,213
67,364,191,90,213
68,366,192,90,213
69,368,193,90,213
70,370,194,90,213
71,372,195,90,213
72,374,196,90,213
73,375,197,90,213
74,376,197,90,213
75,377,196,90,213
76,378,194,90,213
77,378,191,90,213
78,378,187,90,213
79,378,183,90,213
80,378,179,90,213
81,378,175,90,213
82,378,171,90,213
83,378,167,90,213
84,378,163,90,213
85,379,159,90,213
86,379,156,90,213
87,379,153,90,213
88,379,150,90,213
89,379,148,90,213
90,379,146,90,213
91,379,144,90,213
92,379,142,90,213
93,379,140,90,213
94,379,139,90,213
95,379,138,90,213
96,379,137,90,213
97,379,136,90,213
98,379,136,90,213
99,379,136,90,213
100,379,136,90,213
101,379,137,90,213
102,379,138,90,213
103,379,139,90,213
104,379,140,90,213
105,379,141,90,213
106,379,142,90,213
107,378,144,90,213
108,377,146,90,213
109,376,147,90,213
110,375,148,90,213
111,374,150,90,213
112,373,152,90,213
113,372,154,90,213
114,371,156,90,213
115,370,158,90,213
116,369,160,90,213
117,368,162,90,213
118,367,164,90,213
119,366,166,90,213
120,365,168,90,213
121,364,170,90,213
122,364,172,90,213
123,364,173,90,213
124,364,174,90,213
125,364,175,90,213
126,364,176,90,213
127,364,177,90,213
128,364,178,90,213
129,364,179,90,213
130,364,179,90,213
131,364,179,90,213
132,364,179,90,213
133,364,180,90,213
134,364,181,90,213
135,364,182,90,213
136,364,183,90,213
137,364,184,90,213
138,364,184,90,213
139,364,184,90,213
140,364,184,90,213
141,364,184,90,213
142,364,185,90,213
143,364,186,90,213
144,364,187,90,213
145,364,188,90,213
146,364,189,90,213
147,364,190,90,213
148,364,191,90,213
149,364,192,90,213
150,364,193,90,213
