02-SurfaceCover 7
2,222,44,207,320
3,222,44,207,320
4,218,45,207,320
5,218,45,207,320
6,219,45,207,320
7,219,45,207,320
8,219,45,207,320
9,219,45,207,320
10,219,45,207,320
11,219,45,207,320
12,220,45,207,320
13,220,45,207,320
14,217,46,207,320
15,217,46,207,320
16,218,43,207,320
17,218,43,207,320
18,215,43,207,320
19,215,43,207,320
20,218,43,207,320
21,218,43,207,320
22,220,40,207,320
23,220,40,207,320
24,205,39,207,320
25,205,39,207,320
26,212,41,207,320
27,212,41,207,320
28,214,40,207,320
29,214,40,207,320
30,209,42,207,320
31,209,42,207,320
32,220,38,207,320
33,220,38,207,320
34,209,40,207,320
35,209,40,207,320
36,207,39,207,320
37,207,39,207,320
38,208,42,207,320
39,208,42,207,320
40,207,42,207,320
41,207,42,207,320
42,212,45,207,320
43,212,45,207,320
44,212,43,207,320
45,212,43,207,320
46,210,46,207,320
47,210,46,207,320
48,356,36,207,320
49,356,36,207,320
50,356,63,207,320
51,356,63,207,320
52,356,61,207,320
53,356,61,207,320
54,356,60,207,320
55,356,60,207,320
56,356,45,207,320
57,356,45,207,320
58,356,43,207,320
59,356,43,207,320
60,356,27,207,320
61,356,27,207,320
62,356,26,207,320
63,356,26,207,320
64,350,29,207,320
65,350,29,207,320
66,350,27,207,320
67,350,27,207,320
68,350,32,207,320
69,350,32,207,320
70,361,1,207,320
71,361,1,207,320
72,361,2,207,320
73,361,2,207,320
74,361,3,207,320
75,361,3,207,320
76,361,4,207,320
77,361,4,207,320
78,361,0,207,320
79,361,0,207,320
80,361,0,207,320
81,361,0,207,320
82,361,1,207,320
83,361,1,207,320
84,360,2,207,320
85,360,2,207,320
86,360,3,207,320
87,360,3,207,320
88,360,2,207,320
89,360,2,207,320
90,364,0,207,320
91,364,0,207,320
92,364,0,207,320
93,364,0,207,320
94,364,0,207,320
95,364,0,207,320
96,359,12,207,320
97,359,12,207,320
98,359,13,207,320
99,359,13,207,320
100,275,114,207,320
101,275,114,207,320
102,274,114,207,320
103,274,114,207,320
104,269,115,207,320
105,269,115,207,320
106,274,117,207,320
107,274,117,207,320
108,273,119,207,320
109,273,119,207,320
110,269,115,207,320
111,269,115,207,320
112,276,116,207,320
113,276,116,207,320
114,264,114,207,320
115,264,114,207,320
116,265,114,207,320
117,265,114,207,320
118,260,113,207,320
119,260,113,207,320
120,259,112,207,320
121,259,112,207,320
122,261,112,207,320
123,261,112,207,320
124,262,111,207,320
125,262,111,207,320
126,260,110,207,320
127,260,110,207,320
128,264,109,207,320
129,264,109,207,320
130,382,41,207,320
131,382,41,207,320
132,259,97,207,320
133,259,97,207,320
134,254,81,207,320
135,254,81,207,320
136,256,82,207,320
137,256,82,207,320
138,255,81,207,320
139,255,81,207,320
140,263,81,207,320
141,263,81,207,320
142,234,82,207,320
143,234,82,207,320
144,236,82,207,320
145,236,82,207,320
146,236,82,207,320
147,236,82,207,320
148,233,80,207,320
149,233,80,207,320
150,232,78,207,320
151,232,78,207,320
152,232,79,207,320
153,232,79,207,320
154,229,76,207,320
155,229,76,207,320
156,231,76,207,320
157,231,76,207,320
158,231,76,207,320
159,231,76,207,320
160,230,76,207,320
161,230,76,207,320
162,230,75,207,320
163,230,75,207,320
164,229,75,207,320
165,229,75,207,320
166,229,75,207,320
167,229,75,207,320
168,230,75,207,320
169,230,75,207,320
170,232,75,207,320
171,232,75,207,320
172,232,75,207,320
173,232,75,207,320
174,230,76,207,320
175,230,76,207,320
176,228,75,207,320
177,228,75,207,320
178,235,73,207,320
179,235,73,207,320
180,229,74,207,320
181,229,74,207,320
182,229,73,207,320
183,229,73,207,320
184,225,74,207,320
185,225,74,207,320
186,229,73,207,320
187,229,73,207,320
188,227,70,207,320
189,227,70,207,320
190,228,70,207,320
191,228,70,207,320
192,228,70,207,320
193,228,70,207,320
194,231,69,207,320
195,231,69,207,320
196,209,154,207,320
197,209,154,207,320
198,219,9,207,320
199,218,9,207,320
200,215,9,207,320
201,215,9,207,320
202,219,10,207,320
203,219,10,207,320
204,219,10,207,320
205,219,10,207,320
206,217,10,207,320
207,217,10,207,320
208,219,10,207,320
209,219,10,207,320
210,220,12,207,320
211,220,11,207,320
212,218,10,207,320
213,218,10,207,320
214,217,10,207,320
215,217,10,207,320
216,217,11,207,320
217,217,11,207,320
218,219,10,207,320
219,219,10,207,320
220,219,10,207,320
221,219,10,207,320
222,219,10,207,320
223,219,10,207,320
224,218,10,207,320
225,218,10,207,320
226,218,11,207,320
227,218,11,207,320
228,219,11,207,320
229,219,11,207,320
230,219,10,207,320
231,219,10,207,320
232,218,11,207,320
233,218,11,207,320
234,219,10,207,320
235,219,10,207,320
236,218,11,207,320
237,218,11,207,320
238,219,12,207,320
239,219,12,207,320
240,218,11,207,320
241,218,11,207,320
242,217,12,207,320
243,217,12,207,320
244,215,15,207,320
245,215,15,207,320
246,215,15,207,320
247,215,15,207,320
248,216,16,207,320
249,216,16,207,320
250,218,11,207,320
251,218,11,207,320
252,216,15,207,320
253,216,15,207,320
254,217,14,207,320
255,217,14,207,320
256,215,14,207,320
257,215,14,207,320
258,213,16,207,320
259,213,16,207,320
260,215,17,207,320
261,215,17,207,320
262,214,17,207,320
263,214,17,207,320
264,216,19,207,320
265,216,19,207,320
266,213,18,207,320
267,213,18,207,320
268,219,20,207,320
269,219,20,207,320
270,216,17,207,320
271,216,17,207,320
272,215,17,207,320
273,215,17,207,320
274,215,17,207,320
275,215,17,207,320
276,215,17,207,320
277,215,17,207,320
278,214,17,207,320
279,214,17,207,320
280,212,17,207,320
281,212,17,207,320
282,214,18,207,320
283,214,18,207,320
284,217,16,207,320
285,217,16,207,320
286,215,19,207,320
287,215,19,207,320
288,216,18,207,320
289,216,18,207,320
290,214,18,207,320
291,214,18,207,320
292,216,18,207,320
293,216,18,207,320
294,215,19,207,320
295,215,19,207,320
296,214,18,207,320
297,214,18,207,320
298,214,18,207,320
299,214,18,207,320
300,214,18,207,320
301,214,18,207,320
302,216,19,207,320
303,216,19,207,320
304,213,21,207,320
305,213,21,207,320
306,215,21,207,320
307,215,21,207,320
308,214,21,207,320
309,214,21,207,320
310,214,22,207,320
311,214,22,207,320
312,216,39,207,320
313,216,39,207,320
314,219,38,207,320
315,219,38,207,320
316,216,37,207,320
317,216,37,207,320
318,216,37,207,320
319,216,37,207,320
320,217,37,207,320
321,217,37,207,320
322,217,36,207,320
323,217,36,207,320
324,218,37,207,320
325,218,37,207,320
326,219,36,207,320
327,219,36,207,320
328,216,37,207,320
329,216,37,207,320
330,219,36,207,320
331,219,36,207,320
332,219,34,207,320
333,219,34,207,320
334,220,35,207,320
335,220,35,207,320
336,220,38,207,320
337,220,38,207,320
338,218,74,207,320
339,218,74,207,320
340,224,40,207,320
341,224,40,207,320
342,222,40,207,320
343,222,40,207,320
344,223,40,207,320
345,223,40,207,320
346,221,41,207,320
347,221,41,207,320
348,223,41,207,320
349,223,41,207,320
350,222,41,207,320
351,222,41,207,320
352,222,41,207,320
353,222,41,207,320
354,222,40,207,320
355,222,40,207,320
356,222,39,207,320
357,222,39,207,320
358,224,40,207,320
359,224,40,207,320
360,223,41,207,320
361,223,41,207,320
362,222,41,207,320
363,222,41,207,320
364,224,36,207,320
365,224,36,207,320
366,222,37,207,320
367,222,37,207,320
368,223,37,207,320
369,223,37,207,320
370,224,36,207,320
371,224,36,207,320
372,226,36,207,320
373,226,36,207,320
374,209,35,207,320
375,209,35,207,320
376,209,35,207,320
377,209,35,207,320
378,209,35,207,320
379,209,35,207,320
380,210,35,207,320
381,210,35,207,320
382,208,34,207,320
383,208,34,207,320
384,213,30,207,320
385,213,30,207,320
386,213,31,207,320
387,213,31,207,320
388,213,30,207,320
389,213,30,207,320
390,215,30,207,320
391,215,30,207,320
392,211,51,207,320
393,211,51,207,320
394,209,51,207,320
395,209,51,207,320
396,215,51,207,320
397,215,51,207,320
398,213,50,207,320
399,213,50,207,320
400,211,49,207,320
401,211,49,207,320
402,212,49,207,320
