04-Transparency 20
4,348,269,49,58
5,348,269,49,58
6,348,269,49,58
7,348,269,49,58
8,349,269,49,58
9,349,269,49,58
10,350,269,49,58
11,351,269,49,58
12,352,269,49,58
13,353,269,49,58
14,353,269,49,58
15,353,269,49,58
16,353,269,49,58
17,353,269,49,58
18,353,269,49,58
19,353,269,49,58
20,353,269,49,58
21,353,269,49,58
22,353,269,49,58
23,353,269,49,58
24,353,269,49,58
25,353,269,49,58
26,353,269,49,58
27,353,269,49,58
28,352,268,49,58
29,351,267,49,58
30,350,266,49,58
31,349,265,49,58
32,349,264,49,58
33,349,263,49,58
34,349,263,49,58
35,348,262,49,58
36,348,262,49,58
37,348,262,49,58
38,347,261,49,58
39,346,260,49,58
40,345,259,49,58
41,344,258,49,58
42,343,257,49,58
43,341,255,49,58
44,340,254,49,58
45,339,252,49,58
46,338,250,49,58
47,337,248,49,58
48,335,243,49,58
49,335,241,49,58
50,335,239,49,58
51,335,237,49,58
52,335,236,49,58
53,335,234,49,58
54,335,234,49,58
55,335,234,49,58
56,335,234,49,58
57,335,234,49,58
58,335,234,49,58
59,335,234,49,58
60,335,234,49,58
61,335,234,49,58
62,335,234,49,58
63,334,234,49,58
64,334,234,49,58
65,334,234,49,58
66,334,234,49,58
67,334,234,49,58
68,333,235,49,58
69,333,235,49,58
70,333,235,49,58
71,333,235,49,58
72,333,235,49,58
73,333,235,49,58
74,333,235,49,58
75,333,235,49,58
76,333,235,49,58
77,333,235,49,58
78,333,235,49,58
79,333,235,49,58
80,333,235,49,58
81,333,235,49,58
82,333,235,49,58
83,333,235,49,58
84,333,235,49,58
85,333,235,49,58
86,333,235,49,58
87,333,235,49,58
88,333,235,49,58
89,333,235,49,58
90,333,235,49,58
91,333,235,49,58
92,333,235,49,58
93,333,235,49,58
94,333,236,49,58
95,333,236,49,58
96,333,236,49,58
97,333,236,49,58
98,333,236,49,58
99,333,236,49,58
100,333,236,49,58
101,333,236,49,58
102,333,236,49,58
103,333,236,49,58
104,333,236,49,58
105,333,236,49,58
106,333,236,49,58
107,333,236,49,58
108,333,236,49,58
109,333,236,49,58
110,333,236,49,58
111,333,236,49,58
112,333,236,49,58
113,333,236,49,58
114,333,236,49,58
115,333,236,49,58
116,333,236,49,58
117,333,236,49,58
