04-Transparency 13
4,244,151,57,182
5,249,143,57,182
6,250,136,57,182
7,251,130,57,182
8,252,125,57,182
9,253,120,57,182
10,256,115,57,182
11,260,111,57,182
12,262,108,57,182
13,263,106,57,182
14,263,103,57,182
15,264,99,57,182
16,265,95,57,182
17,265,92,57,182
18,265,89,57,182
19,265,87,57,182
20,265,85,57,182
21,265,82,57,182
22,265,81,57,182
23,264,80,57,182
24,263,80,57,182
25,262,81,57,182
26,262,82,57,182
27,263,84,57,182
28,264,85,57,182
29,266,86,57,182
30,267,87,57,182
31,267,88,57,182
32,267,88,57,182
33,270,88,57,182
34,274,89,57,182
35,276,91,57,182
36,279,91,57,182
37,283,92,57,182
38,285,92,57,182
39,286,94,57,182
40,287,98,57,182
41,289,103,57,182
42,291,107,57,182
43,292,110,57,182
44,294,112,57,182
45,297,113,57,182
46,301,112,57,182
47,306,112,57,182
48,311,114,57,182
49,313,113,57,182
50,317,109,57,182
51,323,106,57,182
52,326,104,57,182
53,325,102,57,182
54,326,100,57,182
55,326,98,57,182
56,325,93,57,182
57,325,88,57,182
58,325,85,57,182
59,322,84,57,182
60,318,82,57,182
61,316,81,57,182
62,315,80,57,182
63,312,79,57,182
64,307,79,57,182
65,304,79,57,182
66,303,79,57,182
67,299,80,57,182
68,294,80,57,182
69,290,80,57,182
70,288,79,57,182
71,286,79,57,182
72,280,80,57,182
73,273,79,57,182
74,269,79,57,182
75,262,79,57,182
76,252,79,57,182
77,245,77,57,182
78,243,73,57,182
79,240,71,57,182
80,234,70,57,182
81,230,68,57,182
82,226,67,57,182
83,221,65,57,182
84,218,65,57,182
85,213,64,57,182
86,206,62,57,182
87,202,61,57,182
88,203,62,57,182
89,205,66,57,182
90,207,71,57,182
91,212,74,57,182
92,221,76,57,182
93,229,78,57,182
94,235,78,57,182
95,241,83,57,182
96,249,87,57,182
97,258,93,57,182
98,261,101,57,182
99,260,110,57,182
100,263,117,57,182
101,270,121,57,182
102,275,125,57,182
103,281,128,57,182
104,294,130,57,182
105,312,131,57,182
106,328,134,57,182
107,341,137,57,182
108,352,137,57,182
109,364,138,57,182
110,375,138,57,182
111,386,138,57,182
112,400,136,57,182
113,413,135,57,182
114,420,136,57,182
115,428,135,57,182
116,438,135,57,182
117,446,134,57,182
118,452,133,57,182
119,455,133,57,182
120,455,133,57,182
121,456,131,57,182
122,461,129,57,182
123,461,129,57,182
124,456,128,57,182
125,450,126,57,182
126,443,126,57,182
127,434,128,57,182
128,424,130,57,182
129,411,129,57,182
130,399,128,57,182
131,384,128,57,182
132,366,131,57,182
133,353,132,57,182
134,344,130,57,182
135,336,129,57,182
136,331,127,57,182
137,327,124,57,182
138,319,122,57,182
139,308,123,57,182
140,298,122,57,182
141,290,123,57,182
142,283,125,57,182
143,278,126,57,182
144,273,127,57,182
145,267,126,57,182
146,263,126,57,182
147,260,126,57,182
148,257,126,57,182
149,253,127,57,182
150,248,127,57,182
151,242,128,57,182
152,240,126,57,182
153,242,123,57,182
154,242,123,57,182
155,242,124,57,182
156,248,121,57,182
157,256,116,57,182
158,264,113,57,182
159,272,108,57,182
160,280,99,57,182
161,290,93,57,182
162,301,89,57,182
163,307,89,57,182
164,313,90,57,182
165,322,88,57,182
166,331,90,57,182
167,338,95,57,182
168,342,97,57,182
169,346,100,57,182
170,351,103,57,182
171,353,106,57,182
172,352,111,57,182
173,352,113,57,182
174,356,113,57,182
175,363,111,57,182
176,368,110,57,182
177,369,112,57,182
178,369,114,57,182
179,369,115,57,182
180,370,114,57,182
181,373,111,57,182
182,377,106,57,182
183,380,101,57,182
184,383,97,57,182
185,387,95,57,182
186,390,92,57,182
187,393,90,57,182
188,396,88,57,182
189,400,87,57,182
190,402,87,57,182
191,404,86,57,182
192,408,85,57,182
193,408,84,57,182
194,407,83,57,182
195,407,82,57,182
196,406,82,57,182
197,404,83,57,182
198,401,85,57,182
199,398,87,57,182
200,396,90,57,182
201,392,95,57,182
202,384,99,57,182
203,378,101,57,182
204,376,103,57,182
205,369,105,57,182
206,360,107,57,182
207,354,107,57,182
208,347,109,57,182
209,340,111,57,182
210,333,111,57,182
211,328,108,57,182
212,325,105,57,182
213,321,104,57,182
214,317,101,57,182
215,315,97,57,182
216,315,94,57,182
217,313,94,57,182
218,312,91,57,182
219,315,89,57,182
220,319,90,57,182
221,319,91,57,182
222,317,92,57,182
223,317,92,57,182
224,319,92,57,182
225,320,91,57,182
226,320,91,57,182
227,320,92,57,182
228,320,93,57,182
229,321,95,57,182
230,322,96,57,182
231,324,96,57,182
232,325,95,57,182
233,327,93,57,182
234,329,93,57,182
235,332,94,57,182
236,334,97,57,182
237,334,100,57,182
238,334,100,57,182
239,337,100,57,182
240,338,99,57,182
241,337,97,57,182
242,336,97,57,182
243,336,99,57,182
244,335,99,57,182
245,335,99,57,182
246,336,100,57,182
247,336,99,57,182
248,336,99,57,182
249,335,99,57,182
250,334,98,57,182
251,333,98,57,182
252,332,98,57,182
253,331,98,57,182
254,331,97,57,182
