04-Transparency 5
126,54,47,68,54
127,55,48,68,54
128,55,48,68,54
129,53,48,68,54
130,51,48,68,54
131,50,48,68,54
132,48,48,68,54
133,46,48,68,54
134,46,48,68,54
135,44,47,68,54
136,43,47,68,54
137,40,45,68,54
138,40,45,68,54
139,38,44,68,54
140,37,43,68,54
141,36,42,68,54
142,34,42,68,54
143,34,42,68,54
144,34,42,68,54
145,33,41,68,54
146,32,41,68,54
147,32,46,68,54
148,31,46,68,54
149,31,46,68,54
150,31,46,68,54
151,31,46,68,54
152,30,46,68,54
153,30,46,68,54
154,29,46,68,54
155,29,46,68,54
156,29,46,68,54
157,26,47,68,54
158,26,47,68,54
159,27,47,68,54
160,27,47,68,54
161,27,47,68,54
162,29,50,68,54
163,29,50,68,54
164,29,50,68,54
165,30,50,68,54
166,30,50,68,54
167,31,50,68,54
168,31,50,68,54
169,32,50,68,54
170,33,50,68,54
171,33,50,68,54
172,33,49,68,54
173,33,49,68,54
174,33,49,68,54
175,33,49,68,54
176,32,49,68,54
177,30,49,68,54
178,30,49,68,54
179,30,49,68,54
180,30,49,68,54
181,30,49,68,54
182,29,49,68,54
183,29,49,68,54
184,29,49,68,54
185,29,49,68,54
186,28,49,68,54
187,27,48,68,54
188,27,48,68,54
189,27,47,68,54
190,27,47,68,54
191,27,47,68,54
192,27,47,68,54
193,27,47,68,54
194,27,47,68,54
195,27,47,68,54
196,27,47,68,54
197,26,47,68,54
198,26,47,68,54
199,26,47,68,54
200,26,47,68,54
201,26,47,68,54
202,26,48,68,54
203,26,48,68,54
204,27,49,68,54
205,28,49,68,54
206,27,50,68,54
207,27,52,68,54
208,27,53,68,54
209,27,53,68,54
210,27,53,68,54
211,26,53,68,54
212,25,54,68,54
213,25,54,68,54
214,25,54,68,54
215,26,54,68,54
216,26,54,68,54
217,24,55,68,54
218,24,55,68,54
219,25,55,68,54
220,27,56,68,54
221,29,57,68,54
222,35,58,68,54
223,35,59,68,54
224,35,59,68,54
225,35,59,68,54
226,35,59,68,54
227,35,59,68,54
228,35,59,68,54
229,35,59,68,54
230,35,59,68,54
231,35,59,68,54
232,34,59,68,54
233,34,59,68,54
234,34,59,68,54
235,34,59,68,54
236,34,59,68,54
237,35,59,68,54
238,36,59,68,54
239,36,59,68,54
240,36,59,68,54
241,37,60,68,54
242,36,61,68,54
243,36,61,68,54
244,36,61,68,54
245,36,61,68,54
246,37,61,68,54
247,37,61,68,54
248,37,61,68,54
249,37,61,68,54
250,37,61,68,54
251,37,61,68,54
252,36,61,68,54
253,36,61,68,54
254,36,61,68,54
255,36,61,68,54
256,36,61,68,54
257,37,61,68,54
258,37,61,68,54
259,37,61,68,54
260,37,61,68,54
261,37,61,68,54
262,38,61,68,54
263,38,61,68,54
264,39,61,68,54
265,40,61,68,54
266,40,61,68,54
267,40,61,68,54
268,40,61,68,54
269,40,61,68,54
270,40,61,68,54
271,40,61,68,54
272,41,61,68,54
273,41,61,68,54
274,41,61,68,54
275,41,61,68,54
276,41,61,68,54
277,41,61,68,54
278,41,61,68,54
279,41,61,68,54
280,41,61,68,54
281,41,61,68,54
282,42,61,68,54
283,42,61,68,54
284,42,61,68,54
285,42,61,68,54
286,42,61,68,54
287,43,61,68,54
288,43,61,68,54
289,43,61,68,54
290,43,61,68,54
291,44,61,68,54
292,45,62,68,54
293,45,62,68,54
294,45,62,68,54
295,46,62,68,54
296,46,62,68,54
297,48,62,68,54
298,48,62,68,54
299,48,62,68,54
300,48,62,68,54
301,48,62,68,54
302,49,62,68,54
303,49,62,68,54
304,50,61,68,54
305,50,61,68,54
306,50,61,68,54
307,51,61,68,54
308,51,61,68,54
309,51,61,68,54
310,51,61,68,54
311,51,61,68,54
312,51,62,68,54
313,51,62,68,54
314,51,62,68,54
315,51,62,68,54
316,51,62,68,54
317,51,62,68,54
318,51,62,68,54
319,51,62,68,54
320,51,62,68,54
321,51,62,68,54
322,51,62,68,54
323,51,62,68,54
324,51,62,68,54
325,51,62,68,54
326,51,62,68,54
327,51,62,68,54
328,51,62,68,54
329,51,62,68,54
330,51,62,68,54
331,51,62,68,54
332,51,61,68,54
333,51,61,68,54
334,51,60,68,54
335,51,60,68,54
336,51,60,68,54
337,52,60,68,54
338,52,60,68,54
339,53,60,68,54
340,54,60,68,54
341,55,60,68,54
342,56,60,68,54
343,57,60,68,54
344,57,60,68,54
345,58,60,68,54
346,59,60,68,54
347,59,60,68,54
348,59,60,68,54
349,59,60,68,54
350,60,60,68,54
351,60,60,68,54
352,59,60,68,54
353,59,60,68,54
354,59,60,68,54
