04-Transparency 11
2,141,223,164,74
3,141,223,164,74
4,141,223,164,74
5,141,223,164,74
6,141,223,164,74
7,141,223,164,74
8,141,223,164,74
9,141,223,164,74
10,140,223,164,74
11,140,223,164,74
12,140,223,164,74
13,140,223,164,74
14,139,222,164,74
15,139,221,164,74
16,139,221,164,74
17,139,220,164,74
18,139,219,164,74
19,139,218,164,74
20,139,218,164,74
21,139,218,164,74
22,139,218,164,74
23,138,218,164,74
24,136,218,164,74
25,134,217,164,74
26,133,216,164,74
27,132,216,164,74
28,131,216,164,74
29,130,216,164,74
30,129,216,164,74
31,128,216,164,74
32,127,216,164,74
33,127,217,164,74
34,126,218,164,74
35,125,218,164,74
36,124,218,164,74
37,124,218,164,74
38,124,218,164,74
39,124,219,164,74
40,124,228,164,74
41,124,232,164,74
42,124,233,164,74
43,124,233,164,74
44,124,233,164,74
45,124,233,164,74
46,124,233,164,74
47,124,233,164,74
48,124,233,164,74
49,124,233,164,74
50,124,233,164,74
51,124,233,164,74
52,124,233,164,74
53,124,233,164,74
54,124,233,164,74
55,124,233,164,74
56,124,233,164,74
57,124,233,164,74
58,124,233,164,74
59,124,233,164,74
60,124,233,164,74
61,124,232,164,74
62,124,231,164,74
63,124,230,164,74
64,124,229,164,74
65,124,228,164,74
66,124,227,164,74
67,124,227,164,74
68,124,227,164,74
69,124,227,164,74
70,124,227,164,74
71,124,227,164,74
72,124,227,164,74
73,124,227,164,74
74,124,227,164,74
75,124,227,164,74
76,124,227,164,74
77,124,227,164,74
78,124,227,164,74
79,124,227,164,74
80,124,227,164,74
81,124,227,164,74
82,124,228,164,74
83,124,229,164,74
84,124,229,164,74
85,124,229,164,74
86,124,229,164,74
87,124,229,164,74
88,124,229,164,74
89,124,229,164,74
90,124,229,164,74
91,124,229,164,74
92,124,229,164,74
93,124,229,164,74
94,124,229,164,74
95,124,229,164,74
96,124,229,164,74
97,124,229,164,74
98,124,229,164,74
99,124,229,164,74
100,124,229,164,74
101,124,229,164,74
102,124,229,164,74
103,124,229,164,74
104,124,229,164,74
105,124,229,164,74
106,124,229,164,74
107,124,229,164,74
108,124,229,164,74
109,124,229,164,74
110,124,229,164,74
111,124,229,164,74
112,124,229,164,74
113,124,229,164,74
114,124,229,164,74
115,124,229,164,74
116,124,229,164,74
117,124,229,164,74
118,124,229,164,74
119,124,229,164,74
120,124,229,164,74
121,124,229,164,74
122,124,229,164,74
123,124,229,164,74
124,123,229,164,74
125,122,229,164,74
126,120,229,164,74
127,118,229,164,74
128,116,229,164,74
129,115,229,164,74
130,114,229,164,74
131,114,229,164,74
132,114,229,164,74
133,113,229,164,74
134,113,229,164,74
135,113,229,164,74
136,112,228,164,74
137,111,227,164,74
138,109,227,164,74
139,107,227,164,74
140,105,227,164,74
141,104,227,164,74
142,104,227,164,74
143,104,227,164,74
144,104,227,164,74
145,104,227,164,74
146,104,227,164,74
147,104,226,164,74
148,104,226,164,74
149,104,227,164,74
150,103,228,164,74
151,102,229,164,74
152,101,229,164,74
153,100,229,164,74
154,100,229,164,74
155,100,229,164,74
156,100,229,164,74
157,100,229,164,74
158,100,229,164,74
159,100,229,164,74
160,100,229,164,74
161,100,228,164,74
162,100,227,164,74
163,100,226,164,74
164,100,225,164,74
165,100,225,164,74
166,100,224,164,74
167,100,224,164,74
168,100,224,164,74
169,100,224,164,74
170,100,224,164,74
171,100,224,164,74
172,100,224,164,74
173,100,224,164,74
174,100,224,164,74
175,100,224,164,74
176,100,224,164,74
177,100,224,164,74
178,100,224,164,74
179,100,224,164,74
180,101,224,164,74
181,102,225,164,74
182,102,226,164,74
183,102,227,164,74
184,102,228,164,74
185,102,228,164,74
186,102,228,164,74
187,102,228,164,74
188,102,228,164,74
189,102,228,164,74
190,102,228,164,74
191,102,228,164,74
192,102,228,164,74
193,102,228,164,74
194,102,228,164,74
195,102,228,164,74
196,102,228,164,74
197,102,228,164,74
198,102,228,164,74
199,102,228,164,74
200,102,228,164,74
201,102,228,164,74
202,102,228,164,74
203,102,228,164,74
204,102,228,164,74
205,102,228,164,74
206,102,228,164,74
207,102,228,164,74
208,102,228,164,74
209,102,228,164,74
210,102,228,164,74
211,102,228,164,74
212,102,228,164,74
213,102,228,164,74
214,102,228,164,74
215,102,228,164,74
216,102,227,164,74
217,102,226,164,74
218,100,219,164,74
219,97,213,164,74
220,96,212,164,74
221,95,212,164,74
222,94,212,164,74
