04-Transparency 8
25,120,48,137,279
26,127,42,137,279
27,133,39,137,279
28,137,38,137,279
29,141,35,137,279
30,144,29,137,279
31,146,23,137,279
32,148,22,137,279
33,150,24,137,279
34,151,25,137,279
35,152,23,137,279
36,153,21,137,279
37,154,22,137,279
38,156,25,137,279
39,158,26,137,279
40,160,23,137,279
41,161,19,137,279
42,161,18,137,279
43,161,20,137,279
44,161,22,137,279
45,161,22,137,279
46,160,21,137,279
47,160,22,137,279
48,160,25,137,279
49,160,28,137,279
50,159,29,137,279
51,158,29,137,279
52,157,30,137,279
53,156,32,137,279
54,155,34,137,279
55,154,35,137,279
56,153,35,137,279
57,152,36,137,279
58,152,39,137,279
59,152,42,137,279
60,152,42,137,279
61,152,41,137,279
62,152,40,137,279
63,152,40,137,279
64,151,39,137,279
65,150,37,137,279
66,149,35,137,279
67,148,34,137,279
68,147,35,137,279
69,146,36,137,279
70,145,36,137,279
71,144,36,137,279
72,143,36,137,279
73,143,36,137,279
74,143,36,137,279
75,143,36,137,279
76,143,36,137,279
77,143,36,137,279
78,143,36,137,279
79,143,36,137,279
80,143,36,137,279
81,143,36,137,279
82,143,36,137,279
83,143,36,137,279
84,143,36,137,279
85,143,36,137,279
86,143,36,137,279
87,106,16,137,279
88,106,16,137,279
89,106,16,137,279
90,99,15,137,279
91,96,13,137,279
92,94,11,137,279
93,92,9,137,279
94,91,7,137,279
95,90,4,137,279
96,89,1,137,279
97,88,1,137,279
98,86,1,137,279
99,84,1,137,279
100,82,2,137,279
101,80,6,137,279
102,78,12,137,279
103,76,19,137,279
104,74,25,137,279
105,72,29,137,279
106,71,32,137,279
107,69,34,137,279
108,67,35,137,279
109,64,34,137,279
110,61,32,137,279
111,59,30,137,279
112,57,28,137,279
113,56,27,137,279
114,55,25,137,279
115,54,23,137,279
116,53,21,137,279
117,52,20,137,279
118,51,18,137,279
119,50,15,137,279
120,49,12,137,279
121,48,8,137,279
122,48,3,137,279
123,48,0,137,279
124,49,0,137,279
125,50,0,137,279
126,52,0,137,279
127,54,0,137,279
128,55,0,137,279
129,55,6,137,279
130,54,19,137,279
131,52,35,137,279
132,51,48,137,279
133,51,56,137,279
134,51,61,137,279
135,51,64,137,279
136,52,66,137,279
137,53,68,137,279
138,54,70,137,279
139,55,72,137,279
140,56,74,137,279
141,57,77,137,279
142,58,80,137,279
143,59,82,137,279
144,60,83,137,279
145,61,84,137,279
146,62,84,137,279
147,63,84,137,279
148,64,84,137,279
149,64,83,137,279
150,64,82,137,279
151,64,82,137,279
152,64,82,137,279
153,64,83,137,279
154,64,84,137,279
155,64,84,137,279
156,64,84,137,279
157,64,84,137,279
158,64,83,137,279
159,64,81,137,279
160,64,79,137,279
161,64,78,137,279
162,64,78,137,279
163,64,78,137,279
164,64,78,137,279
165,64,78,137,279
166,64,78,137,279
167,64,78,137,279
168,64,78,137,279
169,64,78,137,279
170,64,78,137,279
171,64,78,137,279
