04-Transparency 1
3,1289,510,191,106
4,1284,508,191,106
5,1277,506,191,106
6,1273,505,191,106
7,1269,503,191,106
8,1265,501,191,106
9,1262,500,191,106
10,1260,498,191,106
11,1256,496,191,106
12,1252,493,191,106
13,1250,491,191,106
14,1247,487,191,106
15,1245,483,191,106
16,1245,481,191,106
17,1245,480,191,106
18,1243,479,191,106
19,1244,478,191,106
20,1242,476,191,106
21,1241,475,191,106
22,1242,474,191,106
23,1242,472,191,106
24,1242,471,191,106
25,1241,469,191,106
26,1241,468,191,106
27,1241,468,191,106
28,1240,468,191,106
29,1238,468,191,106
30,1235,468,191,106
31,1231,468,191,106
32,1227,468,191,106
33,1225,468,191,106
34,1223,468,191,106
35,1218,468,191,106
36,1214,469,191,106
37,1211,469,191,106
38,1205,469,191,106
39,1198,469,191,106
40,1192,471,191,106
41,1185,471,191,106
42,1178,473,191,106
43,1173,475,191,106
44,1169,475,191,106
45,1166,475,191,106
46,1163,475,191,106
47,1162,475,191,106
48,1161,476,191,106
49,1161,477,191,106
50,1160,477,191,106
51,1160,478,191,106
52,1161,480,191,106
53,1162,481,191,106
54,1162,482,191,106
55,1165,484,191,106
56,1166,485,191,106
57,1167,486,191,106
58,1168,487,191,106
59,1167,487,191,106
60,1166,488,191,106
61,1166,489,191,106
62,1166,490,191,106
63,1164,490,191,106
64,1164,490,191,106
65,1164,491,191,106
66,1163,492,191,106
67,1163,493,191,106
68,1163,494,191,106
69,1163,494,191,106
70,1164,496,191,106
71,1165,497,191,106
72,1164,498,191,106
73,1164,499,191,106
74,1163,499,191,106
75,1161,501,191,106
76,1160,502,191,106
77,1159,502,191,106
78,1156,503,191,106
79,1152,505,191,106
80,1151,507,191,106
81,1147,507,191,106
82,1143,507,191,106
83,1139,507,191,106
84,1136,505,191,106
85,1133,503,191,106
86,1130,501,191,106
87,1125,499,191,106
88,1123,499,191,106
89,1121,497,191,106
90,1117,496,191,106
91,1115,495,191,106
92,1114,495,191,106
93,1112,494,191,106
94,1112,494,191,106
95,1111,494,191,106
96,1111,494,191,106
97,1112,495,191,106
98,1113,496,191,106
99,1114,496,191,106
100,1117,498,191,106
101,1118,499,191,106
102,1118,500,191,106
103,1120,501,191,106
104,1122,503,191,106
105,1124,503,191,106
106,1130,505,191,106
107,1135,507,191,106
108,1140,507,191,106
109,1145,511,191,106
110,1151,513,191,106
111,1153,515,191,106
112,1150,518,191,106
113,1150,521,191,106
114,1148,523,191,106
115,1146,525,191,106
116,1141,527,191,106
117,1129,529,191,106
118,1112,531,191,106
119,1092,533,191,106
120,1067,533,191,106
121,1047,533,191,106
122,1030,533,191,106
123,1015,531,191,106
124,1003,529,191,106
125,994,527,191,106
126,985,523,191,106
127,976,521,191,106
128,970,517,191,106
129,964,511,191,106
130,958,507,191,106
131,955,505,191,106
132,953,503,191,106
133,954,500,191,106
134,961,496,191,106
135,976,492,191,106
136,996,490,191,106
137,1013,486,191,106
138,1025,482,191,106
139,1035,478,191,106
140,1042,476,191,106
141,1049,474,191,106
142,1053,472,191,106
143,1054,471,191,106
144,1056,470,191,106
145,1059,469,191,106
146,1062,469,191,106
147,1069,469,191,106
148,1077,469,191,106
149,1083,469,191,106
150,1084,469,191,106
151,1083,471,191,106
152,1083,472,191,106
153,1084,473,191,106
154,1086,473,191,106
155,1089,471,191,106
156,1091,471,191,106
157,1092,469,191,106
158,1092,468,191,106
159,1091,467,191,106
160,1089,467,191,106
161,1085,468,191,106
162,1082,470,191,106
163,1080,472,191,106
