07-MotionCoherence 5
230,150,107,60,30
231,148,108,60,30
232,146,108,60,30
233,144,110,60,30
234,144,112,60,30
235,144,113,60,30
236,143,113,60,30
237,141,114,60,30
238,138,114,60,30
239,136,113,60,30
240,134,112,60,30
241,133,110,60,30
242,133,109,60,30
243,132,108,60,30
244,132,108,60,30
245,131,108,60,30
246,131,107,60,30
247,132,107,60,30
248,131,107,60,30
249,130,108,60,30
250,130,107,60,30
251,130,106,60,30
252,129,107,60,30
253,129,108,60,30
254,129,108,60,30
255,127,109,60,30
256,124,111,60,30
257,122,113,60,30
258,122,114,60,30
259,122,115,60,30
260,120,117,60,30
261,119,118,60,30
262,115,119,60,30
263,113,121,60,30
264,116,119,60,30
265,116,117,60,30
266,113,116,60,30
267,113,114,60,30
268,113,114,60,30
269,119,111,60,30
270,115,111,60,30
271,112,113,60,30
272,113,113,60,30
273,113,112,60,30
274,110,111,60,30
275,108,109,60,30
276,110,108,60,30
277,110,108,60,30
278,115,104,60,30
279,115,103,60,30
280,118,101,60,30
281,120,99,60,30
282,117,100,60,30
283,112,101,60,30
284,111,100,60,30
285,115,100,60,30
286,118,101,60,30
287,118,102,60,30
288,118,104,60,30
289,121,106,60,30
290,123,108,60,30
291,123,108,60,30
292,124,112,60,30
293,123,111,60,30
294,121,109,60,30
295,120,106,60,30
296,120,105,60,30
297,122,103,60,30
298,123,103,60,30
299,122,105,60,30
300,122,107,60,30
301,121,109,60,30
302,121,109,60,30
303,117,107,60,30
304,116,105,60,30
305,116,100,60,30
306,118,95,60,30
307,118,92,60,30
308,119,91,60,30
309,122,91,60,30
310,126,90,60,30
311,128,90,60,30
312,129,90,60,30
313,130,91,60,30
314,132,91,60,30
315,132,91,60,30
316,133,92,60,30
317,136,92,60,30
318,136,93,60,30
319,136,93,60,30
320,131,96,60,30
321,133,96,60,30
322,138,95,60,30
323,140,95,60,30
324,140,97,60,30
325,142,98,60,30
326,141,99,60,30
327,140,101,60,30
328,139,101,60,30
329,140,99,60,30
330,141,98,60,30
331,141,97,60,30
332,141,95,60,30
333,142,94,60,30
334,141,97,60,30
335,137,101,60,30
336,137,101,60,30
337,133,102,60,30
338,133,102,60,30
339,133,101,60,30
340,136,101,60,30
341,142,101,60,30
342,145,100,60,30
343,147,100,60,30
344,149,98,60,30
345,154,97,60,30
346,156,98,60,30
347,156,101,60,30
348,156,100,60,30
349,159,104,60,30
350,159,108,60,30
351,159,109,60,30
352,156,111,60,30
353,156,112,60,30
354,156,111,60,30
355,155,109,60,30
356,153,107,60,30
357,152,107,60,30
358,151,106,60,30
359,151,105,60,30
360,151,104,60,30
361,151,104,60,30
362,149,103,60,30
363,148,102,60,30
364,148,101,60,30
365,148,101,60,30
366,147,99,60,30
367,149,99,60,30
368,149,99,60,30
369,149,98,60,30
370,149,98,60,30
371,149,98,60,30
372,149,98,60,30
373,150,98,60,30
374,152,98,60,30
375,153,97,60,30
376,154,97,60,30
377,155,97,60,30
378,157,97,60,30
379,158,97,60,30
380,159,96,60,30
381,159,96,60,30
382,159,96,60,30
383,158,96,60,30
384,158,96,60,30
385,158,97,60,30
386,160,97,60,30
387,162,97,60,30
388,163,97,60,30
389,163,96,60,30
390,163,95,60,30
391,164,95,60,30
392,165,94,60,30
393,166,93,60,30
394,167,92,60,30
395,167,91,60,30
396,167,91,60,30
397,167,91,60,30
398,169,91,60,30
399,172,92,60,30
400,173,93,60,30
401,171,94,60,30
402,168,95,60,30
403,167,95,60,30
404,166,94,60,30
405,166,93,60,30
406,165,92,60,30
407,165,92,60,30
408,163,92,60,30
409,162,92,60,30
410,162,92,60,30
411,162,93,60,30
412,162,93,60,30
413,162,93,60,30
414,162,93,60,30
415,162,93,60,30
416,163,92,60,30
417,164,92,60,30
418,166,92,60,30
419,169,92,60,30
420,171,93,60,30
421,172,95,60,30
422,173,96,60,30
423,175,97,60,30
424,175,97,60,30
425,87,195,60,30
426,87,195,60,30
427,91,198,60,30
428,91,198,60,30
429,91,198,60,30
430,91,198,60,30
431,91,198,60,30
432,91,198,60,30
433,91,198,60,30
434,91,198,60,30
435,91,198,60,30
436,91,198,60,30
437,91,198,60,30
438,91,198,60,30
439,91,198,60,30
440,91,198,60,30
441,98,198,60,30
442,98,198,60,30
443,98,198,60,30
444,98,198,60,30
445,98,198,60,30
446,98,198,60,30
447,98,198,60,30
448,98,198,60,30
449,98,198,60,30
450,98,198,60,30
451,98,198,60,30
452,98,198,60,30
453,98,198,60,30
454,98,198,60,30
455,98,198,60,30
456,98,198,60,30
457,98,198,60,30
458,98,198,60,30
459,98,198,60,30
460,98,198,60,30
461,98,198,60,30
462,98,198,60,30
463,98,198,60,30
464,98,198,60,30
465,98,198,60,30
466,98,198,60,30
467,98,198,60,30
468,85,196,60,30
469,85,191,60,30
470,84,188,60,30
