07-MotionCoherence 3
1,269,217,23,22
2,269,217,23,22
3,269,217,23,22
4,269,217,23,22
5,269,216,23,22
6,269,216,23,22
7,269,216,23,22
8,269,216,23,22
9,269,216,23,22
10,269,216,23,22
11,269,216,23,22
12,269,216,23,22
13,270,216,23,22
14,270,216,23,22
15,268,216,23,22
16,268,216,23,22
17,268,216,23,22
18,268,216,23,22
19,268,216,23,22
20,268,216,23,22
21,268,216,23,22
22,268,216,23,22
23,269,216,23,22
24,269,216,23,22
25,269,216,23,22
26,269,216,23,22
27,268,218,23,22
28,268,218,23,22
29,268,218,23,22
30,268,218,23,22
31,268,218,23,22
32,268,218,23,22
33,268,218,23,22
34,268,218,23,22
35,268,218,23,22
36,268,218,23,22
37,268,218,23,22
38,268,218,23,22
39,267,219,23,22
40,267,219,23,22
41,267,219,23,22
42,267,219,23,22
43,267,219,23,22
44,267,219,23,22
45,267,219,23,22
46,267,219,23,22
47,267,219,23,22
48,267,219,23,22
49,266,218,23,22
50,266,218,23,22
51,266,218,23,22
52,266,218,23,22
53,266,218,23,22
54,266,218,23,22
55,266,218,23,22
56,266,218,23,22
57,267,218,23,22
58,267,218,23,22
59,267,218,23,22
60,267,218,23,22
61,267,218,23,22
62,267,218,23,22
63,267,218,23,22
64,267,218,23,22
65,266,219,23,22
66,266,219,23,22
67,266,219,23,22
68,266,219,23,22
69,266,219,23,22
70,266,219,23,22
71,266,219,23,22
72,266,219,23,22
73,266,219,23,22
74,266,219,23,22
75,267,219,23,22
76,267,219,23,22
77,267,219,23,22
78,267,219,23,22
79,267,219,23,22
80,267,219,23,22
81,267,219,23,22
82,267,219,23,22
83,268,220,23,22
84,268,220,23,22
85,268,220,23,22
86,268,220,23,22
87,268,220,23,22
88,268,220,23,22
89,268,220,23,22
90,268,220,23,22
91,267,220,23,22
92,267,220,23,22
93,267,220,23,22
94,267,220,23,22
95,267,220,23,22
96,267,220,23,22
97,267,220,23,22
98,267,220,23,22
99,313,204,23,22
100,313,204,23,22
101,313,204,23,22
102,313,204,23,22
103,313,204,23,22
104,313,204,23,22
105,313,204,23,22
106,313,204,23,22
107,313,204,23,22
108,313,204,23,22
109,311,206,23,22
110,311,206,23,22
111,311,206,23,22
112,311,206,23,22
113,311,206,23,22
114,311,206,23,22
115,311,206,23,22
116,311,206,23,22
117,347,210,23,22
118,347,210,23,22
119,347,210,23,22
120,347,210,23,22
121,347,210,23,22
122,347,210,23,22
123,347,210,23,22
124,347,210,23,22
125,347,211,23,22
126,347,211,23,22
127,347,211,23,22
128,347,211,23,22
129,347,211,23,22
130,347,211,23,22
131,347,211,23,22
132,347,211,23,22
133,347,211,23,22
134,347,211,23,22
135,345,212,23,22
136,345,212,23,22
137,345,212,23,22
138,345,212,23,22
139,345,212,23,22
140,345,212,23,22
141,345,212,23,22
142,345,212,23,22
143,345,213,23,22
144,345,213,23,22
145,345,213,23,22
146,345,213,23,22
147,345,213,23,22
148,345,213,23,22
149,345,213,23,22
150,345,213,23,22
151,347,212,23,22
152,347,212,23,22
153,347,212,23,22
154,347,212,23,22
155,347,212,23,22
156,347,212,23,22
157,347,212,23,22
158,347,212,23,22
159,345,210,23,22
160,345,210,23,22
161,345,210,23,22
162,345,210,23,22
163,345,210,23,22
164,345,210,23,22
165,345,210,23,22
166,345,210,23,22
167,345,210,23,22
168,345,210,23,22
169,347,211,23,22
170,347,211,23,22
171,347,211,23,22
172,347,211,23,22
173,347,211,23,22
174,347,211,23,22
