07-MotionCoherence 12
1,348,352,45,59
2,348,351,45,59
3,348,350,45,59
4,348,349,45,59
5,348,347,45,59
6,348,346,45,59
7,348,345,45,59
8,348,344,45,59
9,348,343,45,59
10,349,342,45,59
11,349,341,45,59
12,349,341,45,59
13,349,340,45,59
14,349,339,45,59
15,349,338,45,59
16,349,337,45,59
17,350,337,45,59
18,351,337,45,59
19,352,337,45,59
20,354,336,45,59
21,355,336,45,59
22,356,336,45,59
23,357,336,45,59
24,357,336,45,59
25,358,335,45,59
26,358,335,45,59
27,358,335,45,59
28,359,335,45,59
29,360,335,45,59
30,361,334,45,59
31,361,334,45,59
32,362,334,45,59
33,363,334,45,59
34,363,334,45,59
35,364,335,45,59
36,364,335,45,59
37,364,335,45,59
38,364,335,45,59
39,365,335,45,59
40,366,334,45,59
41,366,333,45,59
42,366,332,45,59
43,366,331,45,59
44,367,331,45,59
45,368,330,45,59
46,368,330,45,59
47,369,330,45,59
48,369,329,45,59
49,369,329,45,59
50,370,328,45,59
51,371,328,45,59
52,372,328,45,59
53,372,328,45,59
54,373,328,45,59
55,374,327,45,59
56,375,327,45,59
57,376,327,45,59
58,377,327,45,59
59,377,327,45,59
60,378,326,45,59
61,379,326,45,59
62,379,326,45,59
63,379,325,45,59
64,380,325,45,59
65,381,324,45,59
66,381,323,45,59
67,381,323,45,59
68,382,323,45,59
69,382,323,45,59
70,383,322,45,59
71,383,322,45,59
72,383,322,45,59
73,383,321,45,59
74,383,321,45,59
75,384,320,45,59
76,384,320,45,59
77,384,320,45,59
78,384,320,45,59
79,384,319,45,59
80,385,318,45,59
81,385,317,45,59
82,385,316,45,59
83,385,315,45,59
84,385,314,45,59
85,386,313,45,59
86,386,312,45,59
87,387,312,45,59
88,388,312,45,59
89,388,311,45,59
90,389,310,45,59
91,389,310,45,59
92,389,310,45,59
93,389,310,45,59
94,389,309,45,59
95,389,308,45,59
96,389,307,45,59
97,389,307,45,59
98,389,307,45,59
99,389,306,45,59
100,390,305,45,59
101,390,304,45,59
102,390,304,45,59
103,390,303,45,59
104,390,302,45,59
105,390,301,45,59
106,390,300,45,59
107,390,299,45,59
108,390,298,45,59
109,390,297,45,59
110,391,296,45,59
111,391,296,45,59
112,391,295,45,59
113,391,294,45,59
114,391,294,45,59
115,392,293,45,59
116,393,292,45,59
117,393,291,45,59
118,393,290,45,59
119,393,289,45,59
120,394,288,45,59
121,394,287,45,59
122,394,286,45,59
123,395,286,45,59
124,395,285,45,59
125,396,284,45,59
126,397,284,45,59
127,397,284,45,59
128,397,284,45,59
129,397,284,45,59
130,398,283,45,59
131,398,283,45,59
132,399,283,45,59
133,400,283,45,59
134,400,282,45,59
135,401,280,45,59
136,401,279,45,59
137,401,278,45,59
138,401,278,45,59
139,401,278,45,59
140,401,277,45,59
141,401,277,45,59
142,401,277,45,59
143,401,277,45,59
144,401,277,45,59
145,401,276,45,59
146,401,275,45,59
147,401,275,45,59
148,401,274,45,59
149,401,274,45,59
150,401,273,45,59
151,401,273,45,59
152,401,273,45,59
153,401,272,45,59
154,401,272,45,59
155,401,271,45,59
156,401,271,45,59
157,401,271,45,59
158,401,271,45,59
159,402,271,45,59
160,402,270,45,59
161,402,269,45,59
162,402,269,45,59
163,402,269,45,59
164,402,269,45,59
165,402,268,45,59
166,402,268,45,59
167,402,268,45,59
168,402,268,45,59
169,402,268,45,59
170,402,268,45,59
171,402,268,45,59
172,402,267,45,59
173,402,267,45,59
174,402,266,45,59
175,403,265,45,59
176,403,265,45,59
177,403,264,45,59
178,403,264,45,59
179,403,264,45,59
180,404,263,45,59
181,405,263,45,59
182,405,263,45,59
183,406,263,45,59
184,406,263,45,59
185,407,262,45,59
186,407,262,45,59
187,407,262,45,59
188,407,262,45,59
189,407,262,45,59
190,408,262,45,59
191,408,262,45,59
192,408,262,45,59
193,408,262,45,59
194,408,262,45,59
195,408,262,45,59
196,408,262,45,59
197,408,261,45,59
198,408,260,45,59
199,408,259,45,59
200,409,258,45,59
201,409,258,45,59
202,409,257,45,59
203,409,256,45,59
204,409,255,45,59
205,410,254,45,59
206,410,253,45,59
207,410,252,45,59
208,410,251,45,59
209,410,250,45,59
210,410,249,45,59
211,410,249,45,59
212,410,248,45,59
213,410,248,45,59
214,410,247,45,59
215,410,246,45,59
216,410,245,45,59
217,410,244,45,59
218,410,243,45,59
219,410,242,45,59
220,410,241,45,59
221,410,241,45,59
222,410,241,45,59
223,410,241,45,59
224,410,241,45,59
225,410,240,45,59
226,410,240,45,59
227,410,240,45,59
228,410,240,45,59
229,410,240,45,59
230,410,239,45,59
231,410,238,45,59
232,410,238,45,59
233,410,238,45,59
234,410,238,45,59
235,410,237,45,59
236,410,237,45,59
237,410,237,45,59
238,410,237,45,59
239,410,237,45,59
240,410,236,45,59
241,410,236,45,59
242,410,236,45,59
243,410,236,45,59
244,410,236,45,59
245,410,236,45,59
246,410,236,45,59
247,410,236,45,59
248,410,236,45,59
249,410,236,45,59
250,410,235,45,59
251,410,235,45,59
252,410,235,45,59
253,410,234,45,59
254,410,233,45,59
255,410,232,45,59
256,410,231,45,59
257,410,231,45,59
258,410,231,45,59
259,410,231,45,59
260,410,230,45,59
261,410,229,45,59
262,410,228,45,59
263,410,227,45,59
264,410,226,45,59
265,410,225,45,59
266,410,224,45,59
267,410,223,45,59
268,410,222,45,59
269,410,221,45,59
270,410,220,45,59
271,410,219,45,59
272,410,219,45,59
273,410,219,45,59
274,410,219,45,59
275,409,218,45,59
276,409,218,45,59
277,409,218,45,59
278,409,218,45,59
279,409,218,45,59
280,409,218,45,59
281,409,218,45,59
282,409,218,45,59
283,409,218,45,59
284,409,217,45,59
285,409,216,45,59
286,409,216,45,59
287,409,216,45,59
288,409,216,45,59
289,409,216,45,59
290,410,216,45,59
291,410,216,45,59
292,410,216,45,59
293,410,217,45,59
294,410,217,45,59
295,411,217,45,59
296,411,217,45,59
297,411,217,45,59
298,411,217,45,59
