08-Clutter 4
150,1191,446,69,100
151,1192,444,69,100
152,1189,445,69,100
153,1180,449,69,100
154,1175,453,69,100
155,1173,457,69,100
156,1171,458,69,100
157,1172,458,69,100
158,1175,458,69,100
159,1172,455,69,100
160,1166,452,69,100
161,1159,451,69,100
162,1148,450,69,100
163,1138,444,69,100
164,1133,436,69,100
165,1125,427,69,100
166,1112,418,69,100
167,1101,411,69,100
168,1099,406,69,100
169,1095,399,69,100
170,1092,395,69,100
171,1095,392,69,100
172,1096,388,69,100
173,1092,385,69,100
174,1082,383,69,100
175,1077,375,69,100
176,1079,372,69,100
177,1087,373,69,100
178,1087,373,69,100
179,1080,374,69,100
180,1073,377,69,100
181,1072,380,69,100
182,1076,379,69,100
183,1081,377,69,100
184,1087,374,69,100
185,1086,371,69,100
186,1080,373,69,100
187,1074,378,69,100
188,1068,383,69,100
189,1065,384,69,100
190,1065,382,69,100
191,1068,381,69,100
192,1074,381,69,100
193,1082,383,69,100
194,1087,386,69,100
195,1088,387,69,100
196,1085,389,69,100
197,1080,391,69,100
198,1077,392,69,100
199,1076,394,69,100
200,1076,397,69,100
201,1076,400,69,100
202,1075,401,69,100
203,1074,402,69,100
204,1074,404,69,100
205,1074,405,69,100
206,1074,406,69,100
207,1074,407,69,100
208,1072,409,69,100
209,1069,411,69,100
210,1067,413,69,100
211,1066,415,69,100
212,1065,417,69,100
213,1064,419,69,100
214,1064,422,69,100
215,1066,425,69,100
216,1067,429,69,100
217,1067,431,69,100
218,1066,432,69,100
219,1066,434,69,100
220,1069,437,69,100
221,1073,439,69,100
222,1075,440,69,100
223,1074,441,69,100
224,1072,443,69,100
225,1072,446,69,100
226,1074,450,69,100
227,1075,455,69,100
228,1076,459,69,100
229,1079,462,69,100
230,1083,464,69,100
231,1086,466,69,100
232,1087,466,69,100
233,1088,464,69,100
234,1089,463,69,100
235,1090,462,69,100
236,1090,461,69,100
237,1089,461,69,100
238,1088,462,69,100
239,1087,463,69,100
240,1087,465,69,100
241,1089,467,69,100
242,1092,469,69,100
243,1094,470,69,100
244,1094,471,69,100
245,1093,472,69,100
246,1093,473,69,100
247,1092,474,69,100
248,1092,475,69,100
249,1092,475,69,100
250,1093,475,69,100
251,1094,476,69,100
252,1094,477,69,100
253,1092,479,69,100
254,1091,482,69,100
255,1093,485,69,100
256,1095,486,69,100
257,1096,488,69,100
258,1098,490,69,100
259,1101,491,69,100
260,1103,492,69,100
261,1105,492,69,100
262,1107,491,69,100
263,1111,490,69,100
264,1113,488,69,100
265,1113,485,69,100
266,1112,483,69,100
267,1112,481,69,100
268,1111,479,69,100
269,1111,477,69,100
270,1111,475,69,100
271,1111,473,69,100
272,1111,471,69,100
273,1112,469,69,100
274,1112,467,69,100
275,1111,466,69,100
276,1110,466,69,100
277,1109,466,69,100
278,1108,466,69,100
279,1106,467,69,100
280,1105,468,69,100
281,1106,468,69,100
282,1106,467,69,100
283,1107,466,69,100
284,1109,464,69,100
285,1110,463,69,100
286,1112,463,69,100
287,1113,463,69,100
288,1110,463,69,100
289,1105,463,69,100
290,1102,464,69,100
291,1100,466,69,100
292,1099,469,69,100
293,1099,471,69,100
294,1100,473,69,100
295,1103,474,69,100
296,1107,473,69,100
297,1113,472,69,100
298,1118,471,69,100
299,1118,469,69,100
300,1115,469,69,100
301,1112,469,69,100
302,1114,467,69,100
303,1122,465,69,100
304,1130,463,69,100
305,1131,461,69,100
306,1130,460,69,100
307,1131,461,69,100
308,1133,463,69,100
309,1134,464,69,100
310,1133,465,69,100
311,1133,467,69,100
312,1133,469,69,100
313,1132,470,69,100
314,1129,471,69,100
315,1127,472,69,100
316,1126,473,69,100
317,1125,474,69,100
318,1123,475,69,100
319,1120,476,69,100
320,1117,477,69,100
321,1115,478,69,100
322,1112,479,69,100
323,1107,479,69,100
324,1104,479,69,100
325,1100,480,69,100
326,1097,481,69,100
327,1096,482,69,100
328,1095,484,69,100
329,1095,486,69,100
330,1096,488,69,100
331,1096,490,69,100
332,1096,492,69,100
333,1096,494,69,100
334,1097,496,69,100
335,1099,497,69,100
336,1102,497,69,100
337,1106,498,69,100
338,1109,498,69,100
339,1111,497,69,100
340,1110,495,69,100
341,1106,494,69,100
342,1105,494,69,100
343,1108,495,69,100
344,1110,496,69,100
345,1113,497,69,100
346,1116,497,69,100
347,1118,497,69,100
348,1119,496,69,100
349,1119,496,69,100
350,1119,498,69,100
351,1118,501,69,100
352,1118,505,69,100
353,1117,509,69,100
354,1114,512,69,100
355,1112,513,69,100
356,1110,513,69,100
357,1105,511,69,100
358,1103,509,69,100
359,1105,509,69,100
360,1105,508,69,100
361,1105,506,69,100
362,1105,503,69,100
363,1106,500,69,100
364,1107,497,69,100
365,1106,494,69,100
366,1106,492,69,100
367,1106,490,69,100
368,1109,487,69,100
369,1115,483,69,100
370,1123,480,69,100
371,1131,480,69,100
372,1133,481,69,100
373,1130,481,69,100
374,1124,482,69,100
375,1114,481,69,100
376,1105,481,69,100
377,1103,479,69,100
378,1104,479,69,100
379,1104,480,69,100
380,1104,480,69,100
381,1104,479,69,100
382,1103,479,69,100
383,1100,480,69,100
384,1095,482,69,100
385,1091,483,69,100
386,1087,483,69,100
387,1084,483,69,100
388,1084,483,69,100
389,1082,484,69,100
390,1081,485,69,100
391,1083,486,69,100
392,1087,488,69,100
393,1089,490,69,100
394,1089,491,69,100
395,1089,492,69,100
396,1087,494,69,100
397,1083,495,69,100
398,1082,494,69,100
399,1083,492,69,100
400,1086,491,69,100
401,1090,490,69,100
402,1091,491,69,100
403,1089,494,69,100
404,1081,498,69,100
405,1071,500,69,100
406,1065,500,69,100
407,1060,501,69,100
408,1062,502,69,100
409,1065,501,69,100
410,1065,499,69,100
411,1070,497,69,100
412,1079,494,69,100
413,1085,490,69,100
414,1088,486,69,100
415,1089,484,69,100
416,1088,483,69,100
417,1087,483,69,100
418,1086,483,69,100
419,1086,483,69,100
420,1088,482,69,100
421,1089,480,69,100
422,1090,479,69,100
423,1089,478,69,100
424,1089,477,69,100
425,1090,476,69,100
426,1090,476,69,100
427,1092,474,69,100
428,1094,474,69,100
429,1100,474,69,100
430,1100,470,69,100
431,1095,464,69,100
432,1091,457,69,100
433,1087,449,69,100
434,1080,443,69,100
435,1072,435,69,100
436,1072,436,69,100
437,1076,442,69,100
438,1080,448,69,100
439,1077,450,69,100
440,1068,453,69,100
441,1061,460,69,100
442,1064,469,69,100
443,1064,470,69,100
444,1057,465,69,100
445,1045,462,69,100
446,1034,462,69,100
447,1027,465,69,100
448,1028,462,69,100
449,1041,455,69,100
450,1048,442,69,100
451,1039,442,69,100
452,1025,443,69,100
453,1007,442,69,100
454,991,442,69,100
455,982,442,69,100
456,982,446,69,100
457,979,451,69,100
458,971,457,69,100
459,967,463,69,100
460,966,464,69,100
461,965,462,69,100
462,971,459,69,100
463,986,458,69,100
464,1004,460,69,100
465,1017,460,69,100
466,1031,459,69,100
467,1048,460,69,100
468,1066,462,69,100
469,1080,464,69,100
470,1090,466,69,100
471,1100,467,69,100
472,1106,471,69,100
473,1108,474,69,100
474,1112,475,69,100
475,1119,476,69,100
476,1125,477,69,100
477,1124,480,69,100
478,1118,484,69,100
479,1113,487,69,100
480,1109,490,69,100
481,1109,496,69,100
482,1106,497,69,100
483,1097,495,69,100
484,1093,493,69,100
485,1092,495,69,100
486,1086,477,69,100
487,1080,473,69,100
488,1077,472,69,100
489,1070,472,69,100
490,1063,470,69,100
491,1065,464,69,100
492,1093,462,69,100
493,1110,463,69,100
494,1103,456,69,100
495,1093,450,69,100
496,1088,450,69,100
497,1090,450,69,100
498,1096,450,69,100
499,1109,447,69,100
500,1129,446,69,100
501,1143,448,69,100
502,1142,443,69,100
503,1132,443,69,100
504,1126,447,69,100
505,1128,449,69,100
506,1143,453,69,100
507,1161,460,69,100
508,1170,468,69,100
509,1173,479,69,100
510,1163,486,69,100
511,1151,482,69,100
512,1143,475,69,100
513,1142,467,69,100
514,1146,461,69,100
515,1151,459,69,100
516,1148,459,69,100
517,1134,457,69,100
518,1112,455,69,100
519,1087,455,69,100
520,1066,458,69,100
521,1058,460,69,100
522,1054,463,69,100
523,1049,469,69,100
524,1041,477,69,100
525,1034,485,69,100
526,1025,494,69,100
527,1016,501,69,100
528,1010,502,69,100
529,1009,503,69,100
530,1008,505,69,100
531,1004,505,69,100
532,994,505,69,100
533,987,509,69,100
534,986,514,69,100
535,985,516,69,100
536,984,520,69,100
537,983,519,69,100
538,986,515,69,100
539,994,508,69,100
540,995,501,69,100
541,992,494,69,100
542,993,489,69,100
543,982,489,69,100
544,974,486,69,100
545,987,483,69,100
546,1010,478,69,100
547,1025,473,69,100
548,1018,465,69,100
549,1002,455,69,100
550,983,442,69,100
551,967,443,69,100
552,957,447,69,100
553,954,447,69,100
554,951,450,69,100
555,951,451,69,100
556,956,449,69,100
557,965,450,69,100
558,972,451,69,100
559,970,454,69,100
560,965,459,69,100
561,960,463,69,100
562,958,465,69,100
563,960,467,69,100
564,964,467,69,100
565,971,466,69,100
566,974,466,69,100
567,977,469,69,100
568,986,473,69,100
569,998,481,69,100
570,1007,488,69,100
571,1012,492,69,100
572,1015,496,69,100
573,1015,499,69,100
574,1012,503,69,100
575,1008,505,69,100
576,1009,507,69,100
577,1012,509,69,100
578,1016,510,69,100
579,1021,511,69,100
580,1025,512,69,100
581,1031,515,69,100
582,1037,519,69,100
583,1040,521,69,100
584,1040,522,69,100
585,1037,522,69,100
586,1036,520,69,100
587,1039,517,69,100
588,1042,515,69,100
589,1044,513,69,100
590,1047,512,69,100
591,1049,512,69,100
592,1052,513,69,100
593,1052,515,69,100
594,1051,518,69,100
595,1049,521,69,100
596,1045,522,69,100
597,1042,523,69,100
598,1042,525,69,100
599,1043,528,69,100
600,1045,531,69,100
601,1046,535,69,100
602,1047,539,69,100
603,1049,543,69,100
604,1049,547,69,100
605,1050,551,69,100
606,1050,555,69,100
607,1048,559,69,100
608,1046,562,69,100
609,1046,562,69,100
610,1041,564,69,100
611,1036,567,69,100
612,1035,567,69,100
613,1035,566,69,100
614,1035,563,69,100
615,1034,557,69,100
616,1034,555,69,100
617,1034,553,69,100
618,1033,552,69,100
619,1029,551,69,100
620,1024,550,69,100
621,1023,551,69,100
622,1024,552,69,100
623,1024,552,69,100
624,1022,552,69,100
625,1022,552,69,100
626,1023,552,69,100
627,1026,552,69,100
628,1027,551,69,100
629,1027,549,69,100
630,1030,547,69,100
631,1033,545,69,100
632,1036,543,69,100
633,1040,541,69,100
634,1043,537,69,100
635,1045,533,69,100
636,1044,529,69,100
637,1041,526,69,100
638,1041,523,69,100
639,1042,521,69,100
640,1043,520,69,100
641,1042,520,69,100
642,1041,521,69,100
643,1043,523,69,100
644,1046,524,69,100
645,1047,525,69,100
