08-Clutter 3
200,221,231,45,88
201,220,232,45,88
202,218,232,45,88
203,218,232,45,88
204,220,233,45,88
205,221,234,45,88
206,222,236,45,88
207,222,238,45,88
208,220,239,45,88
209,217,240,45,88
210,215,240,45,88
211,215,240,45,88
212,215,240,45,88
213,216,241,45,88
214,220,244,45,88
215,219,244,45,88
216,219,244,45,88
217,219,245,45,88
218,219,245,45,88
219,220,245,45,88
220,221,244,45,88
221,221,243,45,88
222,222,243,45,88
223,222,243,45,88
224,220,242,45,88
225,217,241,45,88
226,216,241,45,88
227,214,242,45,88
228,213,243,45,88
229,214,244,45,88
230,215,245,45,88
231,215,246,45,88
232,215,246,45,88
233,215,246,45,88
234,215,246,45,88
235,216,247,45,88
236,218,248,45,88
237,219,249,45,88
238,220,248,45,88
239,220,246,45,88
240,219,245,45,88
241,219,244,45,88
242,220,244,45,88
243,220,244,45,88
244,221,244,45,88
245,222,244,45,88
246,221,243,45,88
247,219,242,45,88
248,218,242,45,88
249,219,242,45,88
250,221,241,45,88
251,222,240,45,88
252,222,238,45,88
253,221,237,45,88
254,221,237,45,88
255,221,237,45,88
256,219,236,45,88
257,217,235,45,88
258,215,234,45,88
259,215,234,45,88
260,215,235,45,88
261,213,235,45,88
262,212,235,45,88
263,211,235,45,88
264,210,235,45,88
265,210,235,45,88
266,210,235,45,88
267,210,235,45,88
268,210,234,45,88
269,210,234,45,88
270,210,234,45,88
271,210,234,45,88
272,210,235,45,88
273,210,236,45,88
274,210,237,45,88
275,208,237,45,88
276,208,237,45,88
277,210,238,45,88
278,211,239,45,88
279,211,239,45,88
280,212,238,45,88
281,213,236,45,88
282,212,231,45,88
283,209,221,45,88
284,207,209,45,88
285,211,205,45,88
286,219,209,45,88
287,229,218,45,88
288,243,228,45,88
289,256,235,45,88
290,261,236,45,88
291,254,231,45,88
292,240,224,45,88
293,230,215,45,88
294,229,207,45,88
295,229,201,45,88
296,224,193,45,88
297,217,189,45,88
298,217,189,45,88
299,223,188,45,88
300,224,183,45,88
301,225,179,45,88
302,230,179,45,88
303,244,184,45,88
304,265,191,45,88
305,282,199,45,88
306,286,202,45,88
307,281,200,45,88
308,285,198,45,88
309,297,198,45,88
310,309,201,45,88
311,320,205,45,88
312,331,209,45,88
313,336,217,45,88
314,336,225,45,88
315,334,235,45,88
316,329,242,45,88
317,316,245,45,88
318,298,243,45,88
319,286,237,45,88
320,280,231,45,88
321,269,225,45,88
322,248,221,45,88
323,236,220,45,88
324,236,221,45,88
325,241,227,45,88
326,239,230,45,88
327,237,229,45,88
328,236,230,45,88
329,235,232,45,88
330,233,236,45,88
331,232,238,45,88
332,225,238,45,88
333,215,239,45,88
334,211,243,45,88
335,211,248,45,88
336,212,258,45,88
337,213,268,45,88
338,215,272,45,88
339,217,272,45,88
340,213,267,45,88
341,200,256,45,88
342,187,246,45,88
343,180,239,45,88
344,176,236,45,88
345,173,236,45,88
346,172,239,45,88
347,171,241,45,88
348,167,240,45,88
349,164,238,45,88
350,163,236,45,88
351,160,234,45,88
352,155,232,45,88
353,152,231,45,88
354,153,233,45,88
355,155,236,45,88
356,157,241,45,88
357,163,247,45,88
358,173,255,45,88
359,179,261,45,88
360,174,262,45,88
361,161,261,45,88
362,147,258,45,88
363,141,254,45,88
364,138,251,45,88
365,133,248,45,88
366,128,245,45,88
367,125,243,45,88
368,124,243,45,88
369,121,245,45,88
370,122,250,45,88
371,127,256,45,88
372,131,261,45,88
373,131,261,45,88
374,132,260,45,88
375,131,253,45,88
376,132,239,45,88
377,137,222,45,88
378,142,207,45,88
379,149,198,45,88
380,155,196,45,88
381,158,200,45,88
382,162,206,45,88
383,168,213,45,88
384,175,217,45,88
385,179,216,45,88
386,179,210,45,88
387,180,204,45,88
388,182,200,45,88
389,185,200,45,88
390,188,204,45,88
391,193,210,45,88
392,200,216,45,88
393,206,220,45,88
394,211,221,45,88
395,216,221,45,88
396,218,221,45,88
397,216,221,45,88
398,216,222,45,88
399,219,224,45,88
400,223,227,45,88
401,225,231,45,88
402,227,234,45,88
403,231,236,45,88
404,234,236,45,88
405,237,236,45,88
406,244,237,45,88
407,251,237,45,88
408,256,236,45,88
409,260,234,45,88
410,268,232,45,88
411,279,233,45,88
412,299,234,45,88
413,322,235,45,88
414,345,236,45,88
415,374,235,45,88
416,408,234,45,88
417,437,234,45,88
418,470,238,45,88
419,516,245,45,88
420,561,248,45,88
421,605,248,45,88
422,650,252,45,88
423,690,265,45,88
424,736,283,45,88
425,779,298,45,88
