08-Clutter 13
1,608,266,77,69
2,608,266,77,69
3,608,267,77,69
4,607,268,77,69
5,609,269,77,69
6,612,270,77,69
7,612,270,77,69
8,613,271,77,69
9,616,271,77,69
10,621,273,77,69
11,624,273,77,69
12,624,273,77,69
13,625,274,77,69
14,628,275,77,69
15,633,275,77,69
16,638,277,77,69
17,638,277,77,69
18,640,278,77,69
19,642,278,77,69
20,644,279,77,69
21,647,281,77,69
22,647,281,77,69
23,649,282,77,69
24,655,283,77,69
25,660,283,77,69
26,665,284,77,69
27,665,284,77,69
28,668,284,77,69
29,671,283,77,69
30,675,282,77,69
31,675,282,77,69
32,677,282,77,69
33,678,281,77,69
34,680,280,77,69
35,684,280,77,69
36,684,280,77,69
37,689,280,77,69
38,692,279,77,69
39,693,278,77,69
40,697,278,77,69
41,697,278,77,69
42,701,278,77,69
43,708,279,77,69
44,714,278,77,69
45,716,279,77,69
46,716,279,77,69
47,717,279,77,69
48,721,276,77,69
49,726,276,77,69
50,732,277,77,69
51,732,277,77,69
52,736,275,77,69
53,741,271,77,69
54,746,270,77,69
55,750,267,77,69
56,750,267,77,69
57,753,266,77,69
58,757,266,77,69
59,762,267,77,69
60,766,268,77,69
61,766,268,77,69
62,770,267,77,69
63,773,266,77,69
64,776,266,77,69
65,779,266,77,69
66,779,266,77,69
67,783,265,77,69
68,787,263,77,69
69,790,261,77,69
70,794,259,77,69
71,794,259,77,69
72,800,259,77,69
73,805,259,77,69
74,809,257,77,69
75,812,254,77,69
76,812,254,77,69
77,815,252,77,69
78,819,250,77,69
79,824,251,77,69
80,827,251,77,69
81,827,251,77,69
82,830,251,77,69
83,835,251,77,69
84,839,250,77,69
85,841,249,77,69
86,841,249,77,69
87,844,247,77,69
88,849,247,77,69
89,855,247,77,69
90,860,248,77,69
91,860,248,77,69
92,866,248,77,69
93,868,246,77,69
94,866,246,77,69
95,866,245,77,69
96,866,245,77,69
97,874,247,77,69
98,881,249,77,69
99,886,251,77,69
100,886,252,77,69
101,886,252,77,69
102,883,251,77,69
103,881,251,77,69
104,882,251,77,69
105,887,252,77,69
106,887,252,77,69
107,892,254,77,69
108,896,253,77,69
109,899,253,77,69
110,897,253,77,69
111,897,253,77,69
112,897,252,77,69
113,900,252,77,69
114,905,251,77,69
115,913,252,77,69
116,913,252,77,69
117,917,252,77,69
118,917,251,77,69
119,917,252,77,69
120,918,252,77,69
121,918,252,77,69
122,921,252,77,69
123,925,252,77,69
124,925,253,77,69
125,923,253,77,69
126,923,253,77,69
127,922,252,77,69
128,925,250,77,69
129,932,250,77,69
130,940,251,77,69
131,940,251,77,69
132,943,251,77,69
133,945,252,77,69
134,948,252,77,69
135,954,252,77,69
136,954,252,77,69
137,957,252,77,69
138,960,252,77,69
139,964,253,77,69
140,967,253,77,69
141,967,253,77,69
142,970,253,77,69
143,974,252,77,69
144,976,252,77,69
145,980,252,77,69
146,980,252,77,69
147,986,253,77,69
148,992,253,77,69
149,997,254,77,69
150,1002,255,77,69
151,1002,255,77,69
152,1011,256,77,69
153,1016,257,77,69
154,1019,256,77,69
155,1021,256,77,69
156,1021,256,77,69
157,1025,257,77,69
158,1029,256,77,69
159,1031,255,77,69
160,1034,254,77,69
161,1034,254,77,69
162,1041,254,77,69
163,1046,253,77,69
164,1053,253,77,69
165,1062,251,77,69
166,1062,251,77,69
167,1077,249,77,69
168,1082,248,77,69
169,1084,247,77,69
170,1086,246,77,69
171,1086,246,77,69
172,1090,245,77,69
173,1100,244,77,69
174,1110,243,77,69
175,1116,241,77,69
176,1116,241,77,69
177,1123,240,77,69
178,1126,238,77,69
179,1129,236,77,69
180,1137,235,77,69
181,1137,235,77,69
182,1144,235,77,69
183,1150,235,77,69
184,1154,233,77,69
185,1156,233,77,69
186,1156,233,77,69
187,1158,234,77,69
188,1165,234,77,69
189,1172,235,77,69
190,1180,234,77,69
191,1180,234,77,69
