08-Clutter 2
1,595,266,39,57
2,592,271,39,57
3,590,277,39,57
4,589,283,39,57
5,588,287,39,57
6,587,289,39,57
7,586,289,39,57
8,585,289,39,57
9,584,289,39,57
10,583,286,39,57
11,583,282,39,57
12,583,277,39,57
13,584,273,39,57
14,585,271,39,57
15,586,271,39,57
16,588,273,39,57
17,590,277,39,57
18,592,281,39,57
19,595,283,39,57
20,597,281,39,57
21,599,276,39,57
22,601,271,39,57
23,605,265,39,57
24,610,258,39,57
25,615,249,39,57
26,621,241,39,57
27,627,234,39,57
28,633,229,39,57
29,639,228,39,57
30,645,231,39,57
31,650,236,39,57
32,654,240,39,57
33,657,242,39,57
34,660,240,39,57
35,663,237,39,57
36,667,234,39,57
37,671,228,39,57
38,675,220,39,57
39,678,211,39,57
40,681,203,39,57
41,684,198,39,57
42,687,197,39,57
43,691,199,39,57
44,695,204,39,57
45,699,210,39,57
46,703,215,39,57
47,706,218,39,57
48,708,219,39,57
49,710,218,39,57
50,712,216,39,57
51,714,211,39,57
52,716,203,39,57
53,717,193,39,57
54,718,184,39,57
55,718,179,39,57
56,717,178,39,57
57,716,180,39,57
58,719,178,39,57
59,716,186,39,57
60,442,279,39,57
61,455,279,39,57
62,463,279,39,57
63,479,273,39,57
64,431,244,39,57
65,444,245,39,57
66,458,245,39,57
67,474,244,39,57
68,488,242,39,57
69,503,236,39,57
70,510,231,39,57
