08-Clutter 10
270,403,479,64,82
271,402,481,64,82
272,403,483,64,82
273,402,483,64,82
274,401,481,64,82
275,400,477,64,82
276,399,475,64,82
277,399,473,64,82
278,400,472,64,82
279,400,470,64,82
280,399,469,64,82
281,399,467,64,82
282,399,468,64,82
283,400,470,64,82
284,399,471,64,82
285,401,472,64,82
286,401,473,64,82
287,400,472,64,82
288,400,473,64,82
289,399,474,64,82
290,398,474,64,82
291,399,476,64,82
292,398,477,64,82
293,398,478,64,82
294,401,478,64,82
295,400,476,64,82
296,401,477,64,82
297,403,479,64,82
298,405,480,64,82
299,408,482,64,82
300,411,481,64,82
301,413,479,64,82
302,418,475,64,82
303,417,470,64,82
304,417,465,64,82
305,417,458,64,82
306,419,453,64,82
307,423,449,64,82
308,426,446,64,82
309,429,442,64,82
310,433,439,64,82
311,436,435,64,82
312,437,430,64,82
313,440,426,64,82
314,442,422,64,82
315,446,419,64,82
316,447,416,64,82
317,448,414,64,82
318,448,411,64,82
319,451,409,64,82
320,453,408,64,82
321,457,408,64,82
322,460,408,64,82
323,464,408,64,82
324,465,408,64,82
325,466,407,64,82
326,469,406,64,82
327,470,406,64,82
328,472,406,64,82
329,471,405,64,82
330,471,405,64,82
331,472,406,64,82
332,474,410,64,82
333,472,410,64,82
334,472,410,64,82
335,471,409,64,82
336,471,409,64,82
337,472,409,64,82
338,471,410,64,82
339,470,409,64,82
340,470,409,64,82
341,471,410,64,82
342,472,411,64,82
343,473,414,64,82
344,472,416,64,82
345,475,420,64,82
346,477,425,64,82
347,477,430,64,82
348,479,434,64,82
349,481,440,64,82
350,478,443,64,82
351,476,446,64,82
352,476,448,64,82
353,477,449,64,82
354,476,449,64,82
355,481,450,64,82
356,479,449,64,82
357,479,448,64,82
358,478,448,64,82
359,476,448,64,82
360,477,449,64,82
361,475,449,64,82
362,474,449,64,82
363,473,450,64,82
364,474,451,64,82
365,471,451,64,82
366,468,451,64,82
367,469,451,64,82
368,469,453,64,82
369,468,453,64,82
370,468,453,64,82
371,466,452,64,82
372,465,452,64,82
373,464,453,64,82
374,464,454,64,82
375,465,456,64,82
376,465,456,64,82
377,466,457,64,82
378,467,459,64,82
379,467,459,64,82
380,470,459,64,82
381,466,458,64,82
382,464,458,64,82
383,466,459,64,82
384,466,459,64,82
385,466,458,64,82
386,466,457,64,82
387,466,456,64,82
388,466,456,64,82
389,467,454,64,82
390,465,453,64,82
391,464,452,64,82
392,465,452,64,82
393,466,452,64,82
394,466,451,64,82
395,467,451,64,82
396,467,451,64,82
397,467,451,64,82
398,469,451,64,82
399,469,451,64,82
400,471,451,64,82
401,472,451,64,82
402,473,452,64,82
403,474,452,64,82
404,474,452,64,82
405,475,451,64,82
406,473,450,64,82
407,476,451,64,82
408,474,452,64,82
409,473,451,64,82
410,474,451,64,82
411,473,451,64,82
412,473,450,64,82
413,473,449,64,82
414,472,447,64,82
415,472,447,64,82
416,472,447,64,82
417,472,446,64,82
418,471,446,64,82
419,474,447,64,82
420,473,448,64,82
421,470,448,64,82
422,472,450,64,82
423,472,451,64,82
424,470,451,64,82
425,471,449,64,82
426,471,449,64,82
427,469,448,64,82
428,468,447,64,82
429,466,445,64,82
430,465,443,64,82
431,463,443,64,82
432,461,443,64,82
433,459,441,64,82
434,456,439,64,82
435,456,436,64,82
436,455,434,64,82
437,453,431,64,82
438,453,430,64,82
439,452,429,64,82
440,453,427,64,82
441,450,427,64,82
442,448,427,64,82
443,449,428,64,82
444,446,429,64,82
445,446,429,64,82
446,447,432,64,82
447,446,435,64,82
448,448,439,64,82
449,447,440,64,82
450,447,440,64,82
451,446,440,64,82
452,448,441,64,82
453,448,442,64,82
454,446,441,64,82
455,443,442,64,82
456,442,444,64,82
457,441,446,64,82
458,437,447,64,82
459,434,448,64,82
460,434,448,64,82
461,433,448,64,82
462,434,448,64,82
463,435,448,64,82
464,436,450,64,82
465,437,451,64,82
466,438,452,64,82
467,438,452,64,82
468,438,453,64,82
469,437,453,64,82
470,438,453,64,82
471,438,453,64,82
472,439,454,64,82
473,442,456,64,82
474,443,458,64,82
475,447,462,64,82
476,450,464,64,82
477,450,464,64,82
478,449,463,64,82
479,448,462,64,82
480,449,462,64,82
481,448,461,64,82
482,448,461,64,82
483,451,463,64,82
484,451,464,64,82
485,452,464,64,82
486,452,464,64,82
487,454,466,64,82
488,453,466,64,82
489,453,466,64,82
490,453,466,64,82
491,454,467,64,82
492,454,467,64,82
493,454,467,64,82
494,455,468,64,82
495,454,468,64,82
496,452,468,64,82
497,452,468,64,82
498,451,468,64,82
499,451,468,64,82
500,450,469,64,82
501,450,469,64,82
502,452,470,64,82
503,451,471,64,82
504,452,471,64,82
505,452,471,64,82
506,452,471,64,82
507,454,472,64,82
508,452,471,64,82
509,454,472,64,82
510,453,472,64,82
511,453,472,64,82
512,454,473,64,82
513,453,474,64,82
514,452,474,64,82
515,452,475,64,82
516,455,477,64,82
517,454,478,64,82
518,454,478,64,82
519,453,478,64,82
520,453,478,64,82
521,454,479,64,82
522,451,477,64,82
523,452,477,64,82
524,453,477,64,82
525,453,477,64,82
526,453,477,64,82
527,454,478,64,82
528,455,480,64,82
529,457,481,64,82
530,459,481,64,82
531,460,480,64,82
532,463,478,64,82
533,465,478,64,82
534,465,477,64,82
535,471,476,64,82
536,478,475,64,82
537,483,473,64,82
538,486,473,64,82
539,489,473,64,82
540,493,474,64,82
541,510,470,64,82
542,520,469,64,82
543,528,465,64,82
544,539,466,64,82
545,549,466,64,82
546,551,466,64,82
547,556,466,64,82
548,560,466,64,82
549,563,467,64,82
550,565,466,64,82
551,566,467,64,82
552,568,468,64,82
553,569,470,64,82
554,570,471,64,82
555,571,471,64,82
556,571,472,64,82
557,570,471,64,82
558,572,471,64,82
559,573,471,64,82
560,575,471,64,82
561,574,470,64,82
562,576,470,64,82
563,577,470,64,82
564,580,470,64,82
565,579,469,64,82
566,580,469,64,82
567,580,470,64,82
568,579,469,64,82
569,579,470,64,82
570,579,471,64,82
571,578,472,64,82
572,577,472,64,82
573,578,473,64,82
574,578,475,64,82
575,577,475,64,82
576,578,477,64,82
577,577,477,64,82
578,579,477,64,82
579,580,477,64,82
580,579,476,64,82
581,580,477,64,82
582,580,476,64,82
583,580,474,64,82
584,581,473,64,82
585,580,472,64,82
586,582,472,64,82
587,586,473,64,82
588,587,473,64,82
589,586,472,64,82
590,588,472,64,82
591,588,472,64,82
592,587,471,64,82
593,586,470,64,82
594,585,469,64,82
595,586,469,64,82
596,586,469,64,82
597,586,469,64,82
598,584,468,64,82
599,584,468,64,82
600,584,468,64,82
601,583,467,64,82
602,583,467,64,82
603,582,466,64,82
604,583,467,64,82
605,583,467,64,82
606,583,466,64,82
607,582,466,64,82
608,582,465,64,82
609,582,465,64,82
610,580,465,64,82
611,581,466,64,82
612,581,466,64,82
613,580,466,64,82
614,579,466,64,82
615,579,467,64,82
616,578,467,64,82
617,578,467,64,82
618,578,468,64,82
619,578,468,64,82
620,577,468,64,82
621,577,469,64,82
622,578,470,64,82
623,578,471,64,82
624,578,472,64,82
625,580,472,64,82
626,579,472,64,82
627,579,471,64,82
628,579,472,64,82
629,577,472,64,82
630,576,472,64,82
631,575,472,64,82
632,575,473,64,82
633,575,473,64,82
634,576,474,64,82
635,574,474,64,82
636,575,474,64,82
637,573,474,64,82
638,574,474,64,82
639,573,474,64,82
640,574,474,64,82
641,575,474,64,82
642,572,474,64,82
643,573,474,64,82
644,574,475,64,82
645,572,474,64,82
646,572,475,64,82
647,573,475,64,82
648,573,476,64,82
649,571,475,64,82
650,573,475,64,82
651,574,475,64,82
652,573,475,64,82
653,573,475,64,82
654,571,474,64,82
655,571,474,64,82
656,572,474,64,82
657,573,474,64,82
658,570,473,64,82
659,572,473,64,82
660,572,473,64,82
661,573,472,64,82
662,574,471,64,82
663,572,470,64,82
664,572,470,64,82
665,574,470,64,82
666,575,470,64,82
667,573,469,64,82
668,574,470,64,82
669,573,470,64,82
670,575,470,64,82
671,573,470,64,82
672,573,470,64,82
673,574,470,64,82
674,573,470,64,82
675,574,471,64,82
676,573,473,64,82
677,571,472,64,82
678,573,472,64,82
679,571,471,64,82
680,571,472,64,82
681,572,473,64,82
682,572,473,64,82
683,572,472,64,82
684,570,472,64,82
685,570,473,64,82
686,569,475,64,82
687,567,475,64,82
688,567,475,64,82
689,565,475,64,82
690,563,475,64,82
691,563,475,64,82
692,559,475,64,82
693,558,475,64,82
694,559,475,64,82
695,556,475,64,82
696,555,475,64,82
697,555,476,64,82
698,555,476,64,82
699,552,476,64,82
700,551,476,64,82
701,552,476,64,82
702,550,476,64,82
703,548,475,64,82
704,547,475,64,82
705,548,475,64,82
