08-Clutter 1
1,463,632,29,39
2,464,630,29,39
3,465,630,29,39
4,464,630,29,39
5,465,630,29,39
6,465,630,29,39
7,467,630,29,39
8,467,630,29,39
9,467,631,29,39
10,467,631,29,39
11,467,632,29,39
12,467,632,29,39
13,467,632,29,39
14,466,633,29,39
15,466,633,29,39
16,467,634,29,39
17,468,633,29,39
18,469,634,29,39
19,469,633,29,39
20,469,633,29,39
21,468,635,29,39
22,468,635,29,39
23,469,634,29,39
24,469,637,29,39
25,469,636,29,39
26,469,636,29,39
27,469,638,29,39
28,468,639,29,39
29,470,639,29,39
30,470,640,29,39
31,470,640,29,39
32,469,642,29,39
33,470,643,29,39
34,470,643,29,39
35,471,643,29,39
36,472,645,29,39
37,472,645,29,39
38,472,646,29,39
39,474,646,29,39
40,474,647,29,39
41,474,648,29,39
42,475,648,29,39
43,475,650,29,39
44,475,650,29,39
45,475,651,29,39
46,475,651,29,39
47,476,651,29,39
48,476,652,29,39
49,476,652,29,39
50,476,652,29,39
51,477,653,29,39
52,477,653,29,39
53,477,653,29,39
54,477,654,29,39
55,477,654,29,39
56,479,653,29,39
57,479,653,29,39
58,480,654,29,39
59,481,652,29,39
60,482,652,29,39
61,483,652,29,39
62,482,652,29,39
63,483,650,29,39
64,482,650,29,39
65,482,649,29,39
66,480,648,29,39
67,480,647,29,39
68,481,645,29,39
69,480,645,29,39
70,479,644,29,39
71,479,643,29,39
72,478,643,29,39
73,476,642,29,39
74,475,641,29,39
75,474,640,29,39
76,474,639,29,39
77,474,638,29,39
78,474,639,29,39
79,474,638,29,39
80,475,637,29,39
81,476,638,29,39
82,477,638,29,39
83,479,637,29,39
84,480,638,29,39
85,482,638,29,39
86,482,639,29,39
87,483,639,29,39
88,483,640,29,39
89,483,641,29,39
90,484,642,29,39
91,486,642,29,39
92,486,643,29,39
93,486,643,29,39
94,487,643,29,39
95,488,642,29,39
96,488,642,29,39
97,488,641,29,39
98,489,639,29,39
99,488,638,29,39
100,488,636,29,39
101,487,636,29,39
102,487,634,29,39
103,488,632,29,39
104,488,632,29,39
105,488,631,29,39
106,488,632,29,39
107,488,631,29,39
108,490,631,29,39
109,490,631,29,39
110,490,631,29,39
111,491,630,29,39
112,491,630,29,39
113,490,630,29,39
114,490,630,29,39
115,490,631,29,39
116,490,629,29,39
117,490,630,29,39
118,489,631,29,39
119,488,629,29,39
120,488,630,29,39
121,487,631,29,39
122,488,630,29,39
123,489,630,29,39
124,489,631,29,39
125,490,630,29,39
126,491,631,29,39
127,491,631,29,39
128,492,632,29,39
129,491,631,29,39
130,492,631,29,39
131,492,630,29,39
132,492,632,29,39
133,493,629,29,39
134,493,631,29,39
135,493,630,29,39
136,492,630,29,39
137,493,630,29,39
138,492,629,29,39
139,491,630,29,39
140,491,630,29,39
141,492,629,29,39
142,493,629,29,39
143,492,630,29,39
144,493,630,29,39
145,493,629,29,39
146,493,630,29,39
147,492,631,29,39
148,493,630,29,39
149,493,630,29,39
150,492,631,29,39
151,493,629,29,39
152,493,629,29,39
153,492,630,29,39
154,493,628,29,39
155,493,629,29,39
156,492,629,29,39
157,493,628,29,39
158,493,629,29,39
159,493,627,29,39
160,493,627,29,39
161,492,628,29,39
162,493,627,29,39
163,493,628,29,39
164,492,628,29,39
165,491,628,29,39
166,492,628,29,39
167,491,628,29,39
168,490,629,29,39
169,489,627,29,39
170,488,629,29,39
171,488,628,29,39
172,489,629,29,39
173,487,630,29,39
174,488,630,29,39
175,488,631,29,39
176,488,631,29,39
177,487,630,29,39
178,487,632,29,39
179,488,631,29,39
180,488,632,29,39
181,489,633,29,39
182,490,633,29,39
183,491,634,29,39
184,493,633,29,39
185,494,634,29,39
186,494,635,29,39
187,494,633,29,39
188,494,633,29,39
189,494,633,29,39
190,493,633,29,39
191,492,633,29,39
192,493,633,29,39
193,492,635,29,39
194,491,635,29,39
195,491,635,29,39
196,491,636,29,39
197,490,636,29,39
198,489,638,29,39
199,489,638,29,39
200,489,639,29,39
201,488,640,29,39
202,487,639,29,39
203,486,640,29,39
204,485,641,29,39
205,484,641,29,39
206,483,642,29,39
207,483,641,29,39
208,483,642,29,39
209,482,643,29,39
210,481,642,29,39
211,479,643,29,39
212,479,642,29,39
213,479,642,29,39
214,476,642,29,39
215,475,642,29,39
216,475,642,29,39
217,475,641,29,39
218,473,641,29,39
219,473,641,29,39
220,473,641,29,39
221,474,641,29,39
222,474,641,29,39
223,473,641,29,39
224,475,640,29,39
225,475,640,29,39
226,474,640,29,39
227,474,639,29,39
228,475,639,29,39
229,475,639,29,39
230,475,640,29,39
231,477,639,29,39
232,477,639,29,39
233,477,639,29,39
234,476,639,29,39
235,476,638,29,39
236,476,638,29,39
237,476,638,29,39
238,475,638,29,39
239,474,639,29,39
240,475,638,29,39
241,474,639,29,39
242,475,638,29,39
243,476,638,29,39
244,476,639,29,39
245,475,640,29,39
246,475,639,29,39
247,474,639,29,39
248,473,639,29,39
249,473,639,29,39
250,471,639,29,39
251,471,638,29,39
252,471,639,29,39
253,471,639,29,39
254,471,638,29,39
255,472,638,29,39
256,471,639,29,39
257,470,638,29,39
258,469,638,29,39
259,469,638,29,39
260,468,639,29,39
261,467,639,29,39
262,468,639,29,39
263,468,639,29,39
264,467,641,29,39
265,467,641,29,39
266,467,641,29,39
267,468,642,29,39
268,467,642,29,39
269,467,643,29,39
270,467,644,29,39
271,467,644,29,39
272,467,644,29,39
273,467,645,29,39
274,467,646,29,39
275,467,646,29,39
276,467,646,29,39
277,466,646,29,39
278,466,646,29,39
279,466,644,29,39
280,465,645,29,39
281,464,644,29,39
282,464,643,29,39
283,464,643,29,39
284,462,642,29,39
285,462,642,29,39
286,462,641,29,39
287,463,640,29,39
288,463,640,29,39
289,463,639,29,39
290,463,639,29,39
291,464,639,29,39
292,463,639,29,39
293,463,639,29,39
294,464,637,29,39
295,463,637,29,39
296,462,637,29,39
297,463,636,29,39
298,462,636,29,39
299,462,637,29,39
300,461,637,29,39
