08-Clutter 12
15,692,281,95,90
16,693,280,95,90
17,694,280,95,90
18,694,279,95,90
19,694,278,95,90
20,695,277,95,90
21,695,275,95,90
22,695,272,95,90
23,695,269,95,90
24,695,267,95,90
25,695,266,95,90
26,696,265,95,90
27,697,265,95,90
28,698,265,95,90
29,699,266,95,90
30,701,267,95,90
31,702,268,95,90
32,703,269,95,90
33,704,271,95,90
34,705,273,95,90
35,706,275,95,90
36,707,277,95,90
37,707,279,95,90
38,707,281,95,90
39,707,282,95,90
40,706,284,95,90
41,705,285,95,90
42,704,287,95,90
43,703,288,95,90
44,702,289,95,90
45,701,290,95,90
46,700,291,95,90
47,700,292,95,90
48,700,293,95,90
49,700,294,95,90
50,700,294,95,90
51,700,294,95,90
52,700,294,95,90
53,700,293,95,90
54,700,292,95,90
55,700,290,95,90
56,700,288,95,90
57,700,284,95,90
58,700,279,95,90
59,700,273,95,90
60,700,266,95,90
61,699,259,95,90
62,698,252,95,90
63,697,246,95,90
64,696,241,95,90
65,696,240,95,90
66,696,239,95,90
67,696,238,95,90
68,696,237,95,90
69,696,236,95,90
70,696,235,95,90
71,696,234,95,90
72,696,233,95,90
73,696,232,95,90
74,696,231,95,90
75,696,230,95,90
76,696,229,95,90
77,696,228,95,90
78,696,227,95,90
79,696,226,95,90
80,696,226,95,90
81,696,226,95,90
82,696,226,95,90
83,697,226,95,90
84,697,226,95,90
85,697,227,95,90
86,697,228,95,90
87,697,229,95,90
88,697,230,95,90
89,697,231,95,90
90,697,232,95,90
91,698,234,95,90
92,699,235,95,90
93,702,235,95,90
94,706,233,95,90
95,711,229,95,90
96,717,223,95,90
97,724,215,95,90
98,730,204,95,90
99,736,192,95,90
100,740,182,95,90
101,741,173,95,90
102,739,165,95,90
103,735,158,95,90
104,729,150,95,90
105,721,142,95,90
