08-Clutter 5
1,834,15,77,111
2,834,14,77,111
3,834,14,77,111
4,834,14,77,111
5,834,14,77,111
6,834,14,77,111
7,834,14,77,111
8,834,14,77,111
9,834,14,77,111
10,834,14,77,111
11,834,14,77,111
12,834,14,77,111
13,834,14,77,111
14,834,14,77,111
15,834,14,77,111
16,834,14,77,111
17,834,14,77,111
18,834,14,77,111
19,834,14,77,111
20,834,14,77,111
21,834,14,77,111
22,834,14,77,111
23,834,14,77,111
24,834,14,77,111
25,834,14,77,111
26,834,14,77,111
27,834,14,77,111
28,834,14,77,111
29,834,14,77,111
30,834,14,77,111
31,834,14,77,111
32,834,14,77,111
33,834,14,77,111
34,834,14,77,111
35,834,14,77,111
36,834,14,77,111
37,834,14,77,111
38,834,14,77,111
39,834,14,77,111
40,834,14,77,111
41,834,14,77,111
42,834,14,77,111
43,834,14,77,111
44,834,14,77,111
45,834,14,77,111
46,834,14,77,111
47,834,14,77,111
48,834,14,77,111
49,834,14,77,111
50,834,14,77,111
51,834,14,77,111
52,834,14,77,111
53,834,14,77,111
54,834,14,77,111
55,834,14,77,111
56,834,14,77,111
57,834,14,77,111
58,834,14,77,111
59,834,14,77,111
60,834,14,77,111
61,834,14,77,111
62,834,15,77,111
63,834,15,77,111
64,834,15,77,111
65,834,15,77,111
66,834,15,77,111
67,834,15,77,111
68,834,15,77,111
69,834,15,77,111
70,834,15,77,111
71,834,15,77,111
72,834,15,77,111
73,834,15,77,111
74,834,15,77,111
75,834,15,77,111
76,834,15,77,111
77,834,15,77,111
78,834,15,77,111
79,834,15,77,111
80,834,15,77,111
81,834,14,77,111
82,835,12,77,111
83,836,11,77,111
84,837,10,77,111
85,838,10,77,111
86,839,10,77,111
87,840,9,77,111
88,841,9,77,111
89,842,9,77,111
90,843,10,77,111
91,843,10,77,111
92,843,10,77,111
93,843,10,77,111
94,842,11,77,111
95,842,11,77,111
96,842,11,77,111
97,842,12,77,111
98,842,12,77,111
99,842,12,77,111
100,842,12,77,111
101,842,12,77,111
102,842,13,77,111
103,842,13,77,111
104,842,13,77,111
105,842,13,77,111
106,842,13,77,111
107,842,13,77,111
108,842,13,77,111
109,842,13,77,111
110,842,14,77,111
111,842,14,77,111
112,842,15,77,111
113,842,16,77,111
114,842,16,77,111
115,842,16,77,111
116,842,16,77,111
117,842,16,77,111
118,842,16,77,111
119,842,16,77,111
120,842,16,77,111
121,842,16,77,111
122,842,16,77,111
123,842,16,77,111
124,842,16,77,111
125,842,16,77,111
126,842,16,77,111
127,842,16,77,111
128,842,16,77,111
129,842,16,77,111
130,842,16,77,111
131,842,15,77,111
132,842,15,77,111
133,842,15,77,111
134,842,15,77,111
135,842,15,77,111
136,842,15,77,111
137,842,15,77,111
138,842,15,77,111
139,842,15,77,111
140,842,15,77,111
141,842,16,77,111
142,842,16,77,111
143,842,16,77,111
144,842,16,77,111
145,842,16,77,111
146,842,16,77,111
147,842,16,77,111
148,842,16,77,111
149,842,16,77,111
150,842,16,77,111
151,842,16,77,111
152,842,16,77,111
153,842,16,77,111
154,842,16,77,111
155,842,16,77,111
156,842,16,77,111
157,842,16,77,111
158,842,16,77,111
159,842,16,77,111
160,842,16,77,111
161,842,16,77,111
162,842,16,77,111
163,842,16,77,111
164,842,16,77,111
165,842,16,77,111
166,842,16,77,111
167,842,16,77,111
168,842,16,77,111
169,842,16,77,111
170,842,16,77,111
171,842,16,77,111
172,842,16,77,111
173,842,16,77,111
174,842,16,77,111
175,842,16,77,111
176,842,16,77,111
177,842,16,77,111
178,842,16,77,111
179,842,16,77,111
180,842,16,77,111
181,842,16,77,111
182,842,16,77,111
183,842,16,77,111
184,842,16,77,111
185,842,16,77,111
186,842,16,77,111
187,842,16,77,111
188,842,16,77,111
189,842,16,77,111
190,842,16,77,111
191,842,16,77,111
192,842,16,77,111
193,842,16,77,111
194,842,16,77,111
195,842,16,77,111
196,842,16,77,111
197,842,16,77,111
198,842,16,77,111
199,842,16,77,111
200,842,16,77,111
201,842,16,77,111
202,842,16,77,111
203,842,16,77,111
204,842,16,77,111
205,842,16,77,111
206,842,16,77,111
207,842,16,77,111
208,842,16,77,111
209,842,16,77,111
210,842,16,77,111
211,842,15,77,111
212,842,15,77,111
213,842,15,77,111
214,842,15,77,111
215,842,15,77,111
216,842,15,77,111
217,842,15,77,111
218,842,15,77,111
219,842,15,77,111
220,842,15,77,111
221,842,15,77,111
222,842,15,77,111
223,842,15,77,111
224,842,15,77,111
225,842,15,77,111
226,842,15,77,111
227,842,14,77,111
228,842,14,77,111
229,842,13,77,111
230,842,13,77,111
231,842,13,77,111
232,841,13,77,111
233,841,13,77,111
234,840,13,77,111
235,839,13,77,111
236,838,13,77,111
237,837,13,77,111
238,836,14,77,111
239,835,14,77,111
240,834,14,77,111
241,833,14,77,111
242,832,14,77,111
243,831,14,77,111
244,830,14,77,111
245,829,14,77,111
246,828,15,77,111
247,827,15,77,111
248,826,15,77,111
249,825,15,77,111
250,824,15,77,111
251,823,15,77,111
252,821,15,77,111
253,819,15,77,111
254,817,15,77,111
255,815,14,77,111
256,812,14,77,111
257,809,14,77,111
258,806,13,77,111
259,802,11,77,111
260,798,10,77,111
261,794,9,77,111
262,790,9,77,111
263,786,9,77,111
264,783,9,77,111
265,781,10,77,111
266,779,10,77,111
267,778,9,77,111
268,777,8,77,111
269,777,7,77,111
270,777,6,77,111
271,778,4,77,111
272,780,3,77,111
273,782,2,77,111
274,784,1,77,111
275,786,0,77,111
276,788,0,77,111
277,790,0,77,111
278,793,0,77,111
279,796,1,77,111
280,799,2,77,111
281,802,4,77,111
282,805,5,77,111
283,808,6,77,111
284,811,7,77,111
285,815,8,77,111
286,818,10,77,111
287,822,11,77,111
288,825,12,77,111
289,828,13,77,111
290,831,14,77,111
291,834,14,77,111
292,837,14,77,111
293,839,15,77,111
294,841,16,77,111
295,843,16,77,111
296,844,16,77,111
297,845,16,77,111
298,846,16,77,111
299,847,16,77,111
300,847,16,77,111
301,847,16,77,111
302,847,16,77,111
303,847,16,77,111
304,847,16,77,111
305,847,16,77,111
306,847,16,77,111
307,847,16,77,111
308,846,16,77,111
309,846,17,77,111
310,846,17,77,111
311,846,17,77,111
312,846,17,77,111
313,846,17,77,111
314,846,17,77,111
315,846,17,77,111
316,846,17,77,111
317,846,17,77,111
318,846,17,77,111
319,846,17,77,111
320,846,17,77,111
321,846,18,77,111
322,846,18,77,111
323,846,18,77,111
324,846,18,77,111
325,846,18,77,111
326,846,18,77,111
327,846,18,77,111
328,846,18,77,111
329,846,18,77,111
330,846,18,77,111
331,846,18,77,111
332,846,18,77,111
333,846,19,77,111
334,846,19,77,111
335,846,19,77,111
336,846,19,77,111
337,846,19,77,111
338,846,19,77,111
339,846,19,77,111
340,846,19,77,111
341,846,19,77,111
342,846,19,77,111
343,846,19,77,111
344,846,19,77,111
345,846,19,77,111
346,846,19,77,111
347,846,19,77,111
348,846,19,77,111
349,846,19,77,111
350,846,19,77,111
351,847,19,77,111
352,847,19,77,111
353,847,19,77,111
354,847,19,77,111
355,847,19,77,111
356,847,19,77,111
357,847,19,77,111
358,847,19,77,111
359,847,19,77,111
360,847,19,77,111
361,847,19,77,111
362,847,19,77,111
363,847,19,77,111
364,847,19,77,111
365,847,19,77,111
366,847,19,77,111
367,847,19,77,111
368,847,19,77,111
369,847,19,77,111
370,847,19,77,111
371,847,19,77,111
372,847,19,77,111
373,847,19,77,111
374,847,19,77,111
375,847,19,77,111
376,847,19,77,111
377,847,19,77,111
378,847,19,77,111
379,847,19,77,111
380,847,19,77,111
381,847,20,77,111
382,847,20,77,111
383,847,20,77,111
384,847,20,77,111
385,847,20,77,111
386,847,20,77,111
387,847,20,77,111
388,847,20,77,111
389,847,20,77,111
390,847,20,77,111
391,847,20,77,111
392,847,20,77,111
393,847,20,77,111
394,847,20,77,111
395,847,20,77,111
396,847,20,77,111
397,847,20,77,111
398,847,20,77,111
399,847,20,77,111
400,847,20,77,111
401,847,20,77,111
402,847,20,77,111
403,847,20,77,111
404,847,20,77,111
405,847,20,77,111
406,847,21,77,111
407,848,21,77,111
408,848,21,77,111
409,849,21,77,111
410,850,22,77,111
411,851,22,77,111
412,851,22,77,111
413,851,22,77,111
414,851,23,77,111
415,851,23,77,111
416,851,23,77,111
417,851,23,77,111
418,851,23,77,111
419,851,23,77,111
420,851,23,77,111
421,851,23,77,111
422,851,23,77,111
423,851,23,77,111
424,851,23,77,111
425,851,23,77,111
426,851,23,77,111
427,851,23,77,111
428,851,23,77,111
429,851,23,77,111
430,851,23,77,111
431,851,23,77,111
432,851,23,77,111
433,851,23,77,111
434,851,23,77,111
435,851,23,77,111
436,851,23,77,111
437,851,23,77,111
438,851,23,77,111
439,851,23,77,111
440,851,23,77,111
441,851,23,77,111
442,851,23,77,111
443,851,23,77,111
444,851,23,77,111
445,851,24,77,111
446,851,24,77,111
447,851,24,77,111
448,851,24,77,111
449,851,25,77,111
450,851,25,77,111
451,851,25,77,111
452,851,25,77,111
453,851,25,77,111
454,851,25,77,111
455,851,25,77,111
456,851,25,77,111
457,851,25,77,111
458,851,25,77,111
459,851,25,77,111
460,851,25,77,111
461,851,25,77,111
462,851,25,77,111
463,851,25,77,111
464,851,25,77,111
465,851,26,77,111
466,851,26,77,111
467,851,26,77,111
468,851,26,77,111
469,852,26,77,111
470,853,26,77,111
471,854,26,77,111
472,855,26,77,111
473,855,26,77,111
474,856,27,77,111
475,856,27,77,111
476,856,28,77,111
477,857,28,77,111
478,857,29,77,111
479,857,29,77,111
480,857,29,77,111
481,857,29,77,111
482,857,29,77,111
483,857,28,77,111
484,857,28,77,111
485,857,28,77,111
486,857,28,77,111
487,858,28,77,111
488,858,28,77,111
489,858,28,77,111
490,858,28,77,111
491,859,28,77,111
492,859,28,77,111
493,859,29,77,111
494,859,29,77,111
495,859,29,77,111
496,859,30,77,111
497,858,31,77,111
498,857,31,77,111
499,856,31,77,111
500,855,32,77,111
501,854,32,77,111
502,854,32,77,111
503,853,32,77,111
504,852,32,77,111
505,851,32,77,111
506,851,32,77,111
507,851,32,77,111
508,851,32,77,111
509,851,32,77,111
510,851,32,77,111
511,851,32,77,111
512,851,32,77,111
513,851,32,77,111
514,851,32,77,111
515,851,32,77,111
516,851,32,77,111
517,851,32,77,111
518,851,32,77,111
519,852,31,77,111
520,852,31,77,111
521,852,31,77,111
522,852,32,77,111
523,852,32,77,111
524,853,32,77,111
525,854,32,77,111
526,855,33,77,111
527,856,33,77,111
528,857,33,77,111
529,858,33,77,111
530,859,33,77,111
531,860,32,77,111
532,860,32,77,111
533,860,32,77,111
534,860,32,77,111
535,861,32,77,111
536,861,32,77,111
537,861,32,77,111
538,862,32,77,111
539,862,32,77,111
540,862,32,77,111
541,863,32,77,111
542,863,32,77,111
543,864,31,77,111
544,864,31,77,111
545,864,31,77,111
546,864,31,77,111
547,864,30,77,111
548,864,30,77,111
549,864,30,77,111
550,864,30,77,111
551,864,30,77,111
552,864,30,77,111
553,864,30,77,111
554,864,30,77,111
555,864,30,77,111
556,864,30,77,111
557,864,30,77,111
558,864,30,77,111
559,864,30,77,111
560,864,30,77,111
561,864,30,77,111
562,864,30,77,111
563,865,29,77,111
564,865,29,77,111
565,865,29,77,111
566,865,29,77,111
567,865,29,77,111
568,865,29,77,111
569,865,29,77,111
570,866,29,77,111
571,866,29,77,111
572,866,29,77,111
573,867,29,77,111
574,867,30,77,111
575,867,30,77,111
576,867,30,77,111
577,867,30,77,111
578,868,30,77,111
579,869,30,77,111
580,869,30,77,111
581,870,30,77,111
582,870,30,77,111
583,871,30,77,111
584,871,30,77,111
585,871,30,77,111
586,872,30,77,111
587,872,30,77,111
588,872,29,77,111
589,872,29,77,111
590,872,28,77,111
591,872,28,77,111
592,872,28,77,111
593,872,28,77,111
594,872,28,77,111
595,872,28,77,111
596,872,28,77,111
597,872,28,77,111
598,872,28,77,111
599,872,28,77,111
600,872,28,77,111
