09-Confusion 4
1,400,188,31,27
2,400,188,31,27
3,400,188,31,27
4,400,188,31,27
5,401,188,31,27
6,401,188,31,27
7,401,188,31,27
8,401,188,31,27
9,401,188,31,27
10,401,188,31,27
11,401,188,31,27
12,401,188,31,27
13,401,188,31,27
14,401,188,31,27
15,401,188,31,27
16,400,188,31,27
17,400,188,31,27
18,400,188,31,27
19,400,187,31,27
20,400,186,31,27
21,399,186,31,27
22,399,186,31,27
23,398,186,31,27
24,398,186,31,27
25,398,186,31,27
26,398,186,31,27
27,398,186,31,27
28,398,186,31,27
29,398,186,31,27
30,398,186,31,27
31,398,186,31,27
32,398,186,31,27
33,398,186,31,27
34,398,186,31,27
35,398,186,31,27
36,398,186,31,27
37,398,186,31,27
38,398,186,31,27
39,398,186,31,27
40,398,186,31,27
41,398,186,31,27
42,398,186,31,27
43,398,186,31,27
44,398,186,31,27
45,397,186,31,27
46,397,186,31,27
47,397,186,31,27
48,397,186,31,27
49,397,186,31,27
50,397,186,31,27
51,397,186,31,27
52,397,186,31,27
53,397,186,31,27
54,397,186,31,27
55,397,186,31,27
56,397,186,31,27
57,397,186,31,27
58,397,186,31,27
59,397,186,31,27
60,397,186,31,27
61,397,186,31,27
62,397,187,31,27
63,397,187,31,27
64,397,187,31,27
65,397,187,31,27
66,397,187,31,27
67,396,187,31,27
68,395,187,31,27
69,394,187,31,27
70,394,187,31,27
71,394,187,31,27
72,393,187,31,27
73,392,187,31,27
74,391,187,31,27
75,390,187,31,27
76,389,187,31,27
77,388,187,31,27
78,387,187,31,27
79,386,187,31,27
80,385,187,31,27
81,385,187,31,27
82,384,187,31,27
83,383,187,31,27
84,382,187,31,27
85,381,187,31,27
86,380,187,31,27
87,379,187,31,27
88,378,187,31,27
89,377,187,31,27
90,376,187,31,27
91,375,187,31,27
92,374,187,31,27
93,373,187,31,27
94,373,187,31,27
95,372,187,31,27
96,371,187,31,27
97,370,187,31,27
98,369,187,31,27
99,368,187,31,27
100,367,187,31,27
101,365,187,31,27
102,364,187,31,27
103,363,187,31,27
104,362,187,31,27
105,361,187,31,27
106,360,187,31,27
107,359,187,31,27
108,358,187,31,27
109,357,187,31,27
110,355,188,31,27
111,354,188,31,27
112,353,188,31,27
113,352,188,31,27
114,351,188,31,27
115,350,188,31,27
116,349,188,31,27
117,348,188,31,27
118,347,188,31,27
119,346,188,31,27
120,345,188,31,27
121,344,188,31,27
122,342,189,31,27
123,341,189,31,27
124,340,189,31,27
125,338,189,31,27
126,336,189,31,27
127,334,189,31,27
128,333,189,31,27
129,332,189,31,27
130,331,189,31,27
131,330,189,31,27
132,329,189,31,27
133,328,189,31,27
134,327,189,31,27
135,325,189,31,27
136,324,189,31,27
137,323,189,31,27
138,322,189,31,27
139,321,189,31,27
140,320,189,31,27
141,319,189,31,27
142,317,189,31,27
143,315,189,31,27
144,313,189,31,27
145,311,189,31,27
146,309,189,31,27
147,308,189,31,27
148,306,189,31,27
149,304,189,31,27
150,302,189,31,27
151,301,189,31,27
152,300,189,31,27
153,299,189,31,27
154,298,189,31,27
155,297,189,31,27
156,295,189,31,27
157,293,189,31,27
158,291,189,31,27
159,289,189,31,27
160,287,189,31,27
161,284,189,31,27
162,282,189,31,27
163,280,189,31,27
164,279,189,31,27
165,278,189,31,27
166,276,189,31,27
167,274,189,31,27
168,272,189,31,27
169,270,189,31,27
170,268,189,31,27
171,266,189,31,27
172,265,190,31,27
173,264,191,31,27
174,263,191,31,27
175,262,191,31,27
176,261,191,31,27
177,260,191,31,27
178,259,191,31,27
179,258,191,31,27
180,257,191,31,27
181,256,191,31,27
182,255,191,31,27
183,254,191,31,27
184,253,191,31,27
185,252,191,31,27
186,252,191,31,27
187,252,191,31,27
188,251,191,31,27
189,250,191,31,27
190,249,192,31,27
191,248,193,31,27
192,247,194,31,27
193,246,195,31,27
194,245,196,31,27
195,244,196,31,27
196,244,196,31,27
197,244,196,31,27
198,244,196,31,27
199,244,196,31,27
200,244,196,31,27
201,244,196,31,27
202,244,196,31,27
203,244,196,31,27
204,244,196,31,27
205,244,196,31,27
206,244,196,31,27
207,244,195,31,27
208,244,194,31,27
209,245,194,31,27
210,245,194,31,27
211,245,193,31,27
212,245,192,31,27
213,245,191,31,27
214,245,191,31,27
215,245,191,31,27
216,245,191,31,27
217,245,191,31,27
218,245,191,31,27
219,245,191,31,27
220,245,191,31,27
221,245,191,31,27
222,245,191,31,27
223,245,191,31,27
224,245,191,31,27
225,245,191,31,27
226,245,192,31,27
227,245,192,31,27
228,245,192,31,27
229,245,192,31,27
230,245,192,31,27
231,245,192,31,27
232,244,192,31,27
233,243,192,31,27
234,242,192,31,27
235,241,192,31,27
236,240,192,31,27
237,239,192,31,27
238,238,192,31,27
239,237,192,31,27
240,236,192,31,27
241,235,192,31,27
242,234,191,31,27
243,233,190,31,27
244,232,190,31,27
245,231,189,31,27
246,230,189,31,27
247,229,189,31,27
248,227,189,31,27
249,226,189,31,27
250,225,189,31,27
251,224,189,31,27
