09-Confusion 3
182,458,25,39,64
183,457,27,39,64
184,455,28,39,64
185,455,29,39,64
186,457,32,39,64
187,459,35,39,64
188,460,36,39,64
189,461,38,39,64
190,462,40,39,64
191,463,43,39,64
192,464,44,39,64
193,465,46,39,64
194,466,46,39,64
195,468,47,39,64
196,469,49,39,64
197,471,50,39,64
198,472,50,39,64
199,474,52,39,64
200,475,52,39,64
201,476,54,39,64
202,477,55,39,64
203,479,56,39,64
204,480,57,39,64
205,481,57,39,64
206,482,57,39,64
207,483,57,39,64
208,485,57,39,64
209,487,57,39,64
210,490,58,39,64
211,494,58,39,64
212,496,58,39,64
213,497,60,39,64
214,498,63,39,64
215,498,65,39,64
216,498,66,39,64
217,496,69,39,64
218,494,73,39,64
219,492,75,39,64
220,492,77,39,64
221,492,80,39,64
222,492,81,39,64
223,491,83,39,64
224,491,85,39,64
225,491,85,39,64
226,492,86,39,64
227,493,87,39,64
228,493,89,39,64
229,493,92,39,64
230,494,94,39,64
231,494,96,39,64
232,494,98,39,64
233,494,101,39,64
234,494,103,39,64
235,494,105,39,64
236,494,107,39,64
237,494,110,39,64
238,494,112,39,64
239,495,114,39,64
240,495,116,39,64
241,495,118,39,64
242,495,120,39,64
243,496,123,39,64
244,496,126,39,64
245,496,128,39,64
246,497,130,39,64
247,498,133,39,64
248,499,136,39,64
249,499,140,39,64
250,499,144,39,64
251,500,147,39,64
252,501,149,39,64
253,502,151,39,64
254,503,154,39,64
255,504,156,39,64
256,505,158,39,64
257,506,161,39,64
258,507,164,39,64
259,507,166,39,64
260,508,168,39,64
261,510,169,39,64
262,512,171,39,64
263,513,173,39,64
264,513,175,39,64
265,512,177,39,64
266,512,179,39,64
267,512,182,39,64
268,512,184,39,64
269,513,186,39,64
270,513,188,39,64
271,514,191,39,64
272,515,194,39,64
273,516,196,39,64
274,519,198,39,64
275,522,200,39,64
276,524,202,39,64
277,525,204,39,64
278,526,207,39,64
279,527,210,39,64
280,527,212,39,64
281,527,215,39,64
282,527,218,39,64
283,528,221,39,64
284,528,224,39,64
285,528,227,39,64
286,528,229,39,64
287,529,232,39,64
288,529,234,39,64
289,529,237,39,64
290,529,240,39,64
291,529,244,39,64
292,529,248,39,64
293,529,251,39,64
294,529,254,39,64
295,529,258,39,64
296,529,261,39,64
297,529,264,39,64
298,529,267,39,64
299,529,270,39,64
300,529,273,39,64
301,530,276,39,64
302,530,279,39,64
303,530,283,39,64
304,531,287,39,64
305,532,290,39,64
306,533,294,39,64
307,534,298,39,64
308,535,301,39,64
309,536,305,39,64
310,537,308,39,64
311,538,312,39,64
312,539,316,39,64
313,540,319,39,64
314,540,322,39,64
315,540,325,39,64
316,540,329,39,64
317,540,333,39,64
318,540,337,39,64
319,540,341,39,64
320,540,345,39,64
321,540,350,39,64
322,540,354,39,64
323,540,358,39,64
324,540,362,39,64
325,540,365,39,64
326,540,369,39,64
327,540,373,39,64
328,540,377,39,64
329,540,381,39,64
330,540,385,39,64
331,540,389,39,64
332,540,394,39,64
333,540,399,39,64
334,540,403,39,64
335,540,407,39,64
336,540,412,39,64
337,540,416,39,64
338,540,420,39,64
339,540,424,39,64
340,539,427,39,64
341,538,431,39,64
342,537,435,39,64
343,536,439,39,64
