09-Confusion 26
4,162,75,30,88
5,163,76,30,88
6,166,77,30,88
7,168,78,30,88
8,169,79,30,88
9,169,80,30,88
10,170,81,30,88
11,171,81,30,88
12,172,81,30,88
13,172,80,30,88
14,173,78,30,88
15,174,76,30,88
16,176,74,30,88
17,179,72,30,88
18,182,70,30,88
19,185,69,30,88
20,187,68,30,88
21,191,68,30,88
22,196,68,30,88
23,201,69,30,88
24,205,72,30,88
25,210,76,30,88
26,217,81,30,88
27,225,85,30,88
28,231,88,30,88
29,236,90,30,88
30,240,92,30,88
31,244,93,30,88
32,247,94,30,88
33,249,94,30,88
34,250,93,30,88
35,251,91,30,88
36,252,89,30,88
37,254,86,30,88
38,255,84,30,88
39,256,82,30,88
40,258,81,30,88
41,262,81,30,88
42,268,82,30,88
43,275,83,30,88
44,283,85,30,88
45,289,88,30,88
46,253,87,30,88
47,262,88,30,88
48,270,89,30,88
49,276,90,30,88
50,281,91,30,88
51,285,91,30,88
52,287,91,30,88
53,288,91,30,88
54,289,91,30,88
55,289,91,30,88
56,289,91,30,88
57,288,91,30,88
58,288,91,30,88
59,288,91,30,88
60,289,92,30,88
61,289,92,30,88
62,289,92,30,88
63,0,93,30,88
64,3,93,30,88
65,8,93,30,88
66,15,93,30,88
67,24,93,30,88
68,32,93,30,88
69,39,93,30,88
70,45,93,30,88
71,53,93,30,88
72,58,93,30,88
73,61,93,30,88
74,63,93,30,88
75,67,93,30,88
76,71,94,30,88
77,72,95,30,88
78,74,95,30,88
79,75,95,30,88
80,76,95,30,88
81,77,96,30,88
82,78,96,30,88
83,78,96,30,88
