09-Confusion 2
3,459,18,52,80
4,459,21,52,80
5,460,24,52,80
6,463,26,52,80
7,465,29,52,80
8,465,32,52,80
9,465,36,52,80
10,466,39,52,80
11,466,43,52,80
12,464,47,52,80
13,462,52,52,80
14,461,57,52,80
15,461,61,52,80
16,459,66,52,80
17,458,70,52,80
18,459,72,52,80
19,459,75,52,80
20,459,78,52,80
21,458,81,52,80
22,458,83,52,80
23,458,86,52,80
24,458,89,52,80
25,460,92,52,80
26,461,96,52,80
27,461,99,52,80
28,460,102,52,80
29,460,106,52,80
30,459,110,52,80
31,459,113,52,80
32,459,116,52,80
33,459,118,52,80
34,459,120,52,80
35,460,121,52,80
36,460,122,52,80
37,460,124,52,80
38,461,126,52,80
39,461,129,52,80
40,461,133,52,80
41,461,136,52,80
42,461,139,52,80
43,461,143,52,80
44,462,146,52,80
45,463,149,52,80
46,464,152,52,80
47,465,155,52,80
48,466,157,52,80
49,466,160,52,80
50,466,164,52,80
51,466,167,52,80
52,466,168,52,80
53,467,169,52,80
54,467,171,52,80
55,467,175,52,80
56,467,180,52,80
57,467,184,52,80
58,467,188,52,80
59,467,192,52,80
60,467,196,52,80
61,467,200,52,80
62,468,203,52,80
63,468,206,52,80
64,468,209,52,80
65,468,212,52,80
66,468,214,52,80
67,467,217,52,80
68,467,220,52,80
69,467,224,52,80
70,467,228,52,80
71,467,232,52,80
72,467,236,52,80
73,467,240,52,80
74,467,243,52,80
75,467,246,52,80
76,467,249,52,80
77,468,252,52,80
78,468,255,52,80
79,468,258,52,80
80,468,261,52,80
81,468,264,52,80
82,468,267,52,80
83,468,270,52,80
84,467,274,52,80
85,467,278,52,80
86,467,282,52,80
87,466,286,52,80
88,466,289,52,80
89,465,293,52,80
90,464,297,52,80
91,464,300,52,80
92,464,303,52,80
93,464,307,52,80
94,464,310,52,80
95,464,314,52,80
96,464,317,52,80
97,463,321,52,80
98,463,324,52,80
99,462,328,52,80
100,461,332,52,80
101,460,336,52,80
102,459,339,52,80
103,459,342,52,80
104,459,345,52,80
105,458,348,52,80
106,457,351,52,80
107,456,354,52,80
108,455,357,52,80
109,454,360,52,80
110,454,363,52,80
111,454,366,52,80
112,453,369,52,80
113,452,372,52,80
114,451,375,52,80
115,450,378,52,80
116,449,381,52,80
117,448,384,52,80
118,447,387,52,80
119,446,391,52,80
120,445,394,52,80
121,444,397,52,80
122,443,400,52,80
123,442,404,52,80
124,441,408,52,80
125,439,412,52,80
126,437,416,52,80
127,436,419,52,80
128,436,422,52,80
129,435,426,52,80
130,434,430,52,80
131,433,434,52,80
132,432,437,52,80
133,431,440,52,80
134,430,443,52,80
135,428,447,52,80
136,427,450,52,80
137,426,453,52,80
138,425,456,52,80
139,424,460,52,80
140,423,463,52,80
141,421,466,52,80
142,419,470,52,80
143,417,473,52,80
144,415,476,52,80
145,413,479,52,80
146,411,482,52,80
147,409,485,52,80
148,407,488,52,80
149,405,491,52,80
150,403,494,52,80
151,401,497,52,80
152,399,500,52,80
153,397,503,52,80
154,395,506,52,80
155,393,509,52,80
156,391,512,52,80
157,389,515,52,80
158,387,519,52,80
159,386,522,52,80
160,384,526,52,80
161,382,528,52,80
162,380,531,52,80
163,378,534,52,80
164,376,537,52,80
165,374,540,52,80
166,371,543,52,80
167,368,546,52,80
168,365,549,52,80
169,362,553,52,80
170,359,556,52,80
171,356,559,52,80
172,353,561,52,80
173,350,564,52,80
174,347,567,52,80
175,344,570,52,80
176,341,573,52,80
177,338,575,52,80
178,335,577,52,80
179,332,579,52,80
180,328,582,52,80
181,324,586,52,80
182,321,589,52,80
183,318,592,52,80
184,315,595,52,80
185,312,599,52,80
186,308,602,52,80
187,305,605,52,80
188,302,608,52,80
189,299,610,52,80
190,296,612,52,80
191,293,615,52,80
192,289,618,52,80
193,285,620,52,80
