09-Confusion 22
2,765,249,42,47
3,761,249,42,47
4,761,248,42,47
5,761,249,42,47
6,754,252,42,47
7,756,255,42,47
8,755,257,42,47
9,751,259,42,47
10,747,259,42,47
11,749,257,42,47
12,747,256,42,47
13,744,258,42,47
14,750,260,42,47
15,750,262,42,47
16,747,265,42,47
17,749,267,42,47
18,750,268,42,47
19,747,268,42,47
20,749,268,42,47
21,747,267,42,47
22,746,267,42,47
23,743,267,42,47
24,745,267,42,47
25,741,267,42,47
26,741,268,42,47
27,736,269,42,47
28,731,270,42,47
29,729,271,42,47
30,727,271,42,47
31,725,271,42,47
32,724,269,42,47
33,725,267,42,47
34,722,267,42,47
35,722,268,42,47
36,727,269,42,47
37,727,270,42,47
38,725,272,42,47
39,726,272,42,47
40,726,271,42,47
41,725,270,42,47
42,724,268,42,47
43,717,265,42,47
44,718,265,42,47
45,715,266,42,47
46,713,267,42,47
47,708,267,42,47
48,708,266,42,47
49,706,264,42,47
50,704,262,42,47
51,704,259,42,47
52,702,255,42,47
53,702,251,42,47
54,703,246,42,47
55,702,242,42,47
56,704,240,42,47
57,705,237,42,47
58,704,237,42,47
59,704,236,42,47
60,706,236,42,47
61,702,234,42,47
62,701,233,42,47
63,698,230,42,47
64,692,231,42,47
65,691,232,42,47
66,688,234,42,47
67,684,236,42,47
68,681,237,42,47
69,678,237,42,47
70,677,237,42,47
71,675,238,42,47
72,677,239,42,47
73,674,238,42,47
74,675,238,42,47
75,675,240,42,47
76,677,241,42,47
77,676,242,42,47
78,673,244,42,47
79,672,246,42,47
80,674,246,42,47
81,676,246,42,47
82,675,245,42,47
83,672,244,42,47
84,670,243,42,47
85,669,243,42,47
86,667,243,42,47
87,669,245,42,47
88,669,247,42,47
89,669,249,42,47
90,667,250,42,47
91,664,251,42,47
92,664,252,42,47
93,667,252,42,47
94,665,252,42,47
95,664,252,42,47
96,661,253,42,47
97,662,255,42,47
98,662,259,42,47
99,665,261,42,47
100,668,263,42,47
101,669,264,42,47
102,669,264,42,47
103,668,264,42,47
104,665,262,42,47
105,664,262,42,47
106,665,262,42,47
107,665,263,42,47
108,663,265,42,47
109,660,266,42,47
110,660,266,42,47
111,654,267,42,47
112,653,267,42,47
113,651,268,42,47
114,652,267,42,47
115,653,266,42,47
116,652,264,42,47
117,654,263,42,47
118,656,264,42,47
119,656,266,42,47
120,656,269,42,47
121,655,271,42,47
122,656,270,42,47
123,654,271,42,47
124,655,271,42,47
125,652,270,42,47
126,646,269,42,47
127,641,269,42,47
128,645,269,42,47
129,640,270,42,47
130,643,274,42,47
131,645,277,42,47
132,642,279,42,47
133,641,279,42,47
134,643,278,42,47
135,647,276,42,47
136,650,274,42,47
137,651,274,42,47
138,651,275,42,47
139,655,277,42,47
140,658,279,42,47
141,657,280,42,47
142,662,280,42,47
143,664,279,42,47
144,660,277,42,47
145,659,276,42,47
146,664,275,42,47
147,663,275,42,47
148,663,276,42,47
149,661,277,42,47
150,661,278,42,47
151,660,279,42,47
152,662,279,42,47
153,661,278,42,47
154,664,277,42,47
155,665,276,42,47
156,666,276,42,47
157,671,277,42,47
158,673,279,42,47
159,675,280,42,47
160,681,281,42,47
161,683,283,42,47
162,686,283,42,47
163,689,283,42,47
164,692,282,42,47
165,690,281,42,47
166,691,280,42,47
167,694,280,42,47
168,693,282,42,47
169,695,283,42,47
170,693,284,42,47
171,692,286,42,47
172,689,289,42,47
173,691,290,42,47
174,695,287,42,47
175,700,284,42,47
176,703,281,42,47
177,703,277,42,47
178,705,276,42,47
179,710,275,42,47
180,717,274,42,47
181,716,275,42,47
182,716,277,42,47
183,712,278,42,47
184,711,277,42,47
185,708,279,42,47
186,704,279,42,47
187,701,279,42,47
188,700,279,42,47
189,696,279,42,47
190,692,282,42,47
191,686,286,42,47
192,683,290,42,47
193,678,295,42,47
194,676,296,42,47
195,674,295,42,47
196,674,294,42,47
197,675,294,42,47
198,671,295,42,47
199,671,297,42,47
200,673,299,42,47
201,670,301,42,47
202,672,302,42,47
203,669,303,42,47
204,669,303,42,47
205,667,302,42,47
206,666,301,42,47
207,664,301,42,47
208,665,301,42,47
209,663,303,42,47
210,659,305,42,47
211,657,306,42,47
212,657,306,42,47
213,654,308,42,47
214,654,308,42,47
215,657,307,42,47
216,654,306,42,47
217,650,305,42,47
218,651,306,42,47
219,652,308,42,47
220,653,310,42,47
221,655,313,42,47
222,657,313,42,47
223,655,314,42,47
224,654,315,42,47
225,651,314,42,47
226,649,313,42,47
227,647,313,42,47
228,647,313,42,47
229,644,316,42,47
230,642,318,42,47
231,639,320,42,47
232,643,320,42,47
233,642,321,42,47
234,638,322,42,47
235,639,322,42,47
236,640,320,42,47
237,640,320,42,47
238,644,320,42,47
239,643,322,42,47
240,642,323,42,47
241,645,324,42,47
242,646,325,42,47
243,645,326,42,47
244,647,327,42,47
245,647,327,42,47
246,644,326,42,47
247,644,324,42,47
248,646,326,42,47
249,642,327,42,47
250,639,328,42,47
251,638,331,42,47
252,637,331,42,47
253,635,332,42,47
254,637,333,42,47
255,637,332,42,47
256,638,331,42,47
257,641,331,42,47
258,643,331,42,47
259,646,332,42,47
260,649,335,42,47
261,651,336,42,47
262,655,337,42,47
263,657,337,42,47
264,660,337,42,47
265,661,335,42,47
266,659,334,42,47
267,656,335,42,47
268,654,335,42,47
269,655,336,42,47
270,654,338,42,47
271,652,340,42,47
272,650,341,42,47
273,648,341,42,47
274,649,340,42,47
275,650,338,42,47
276,651,334,42,47
277,654,329,42,47
278,655,326,42,47
279,657,323,42,47
280,660,321,42,47
281,663,319,42,47
282,667,316,42,47
283,667,314,42,47
284,665,312,42,47
285,663,309,42,47
286,661,306,42,47
287,657,303,42,47
288,656,302,42,47
289,652,302,42,47
290,649,302,42,47
291,646,302,42,47
292,645,302,42,47
293,642,302,42,47
294,642,301,42,47
295,646,299,42,47
296,649,296,42,47
297,647,293,42,47
298,643,292,42,47
