09-Confusion 20
2,895,178,32,57
3,894,178,32,57
4,893,178,32,57
5,892,178,32,57
6,891,179,32,57
7,890,179,32,57
8,889,179,32,57
9,888,179,32,57
10,887,179,32,57
11,886,179,32,57
12,885,179,32,57
13,884,179,32,57
14,883,179,32,57
15,882,179,32,57
16,881,179,32,57
17,880,179,32,57
18,879,179,32,57
19,878,179,32,57
20,877,179,32,57
21,876,179,32,57
22,875,179,32,57
23,874,179,32,57
24,873,179,32,57
25,872,179,32,57
26,871,179,32,57
27,870,179,32,57
28,869,179,32,57
29,868,179,32,57
30,867,179,32,57
31,866,179,32,57
32,865,179,32,57
33,864,179,32,57
34,863,179,32,57
35,862,179,32,57
36,861,179,32,57
37,860,179,32,57
38,859,179,32,57
39,858,179,32,57
40,857,179,32,57
41,856,179,32,57
42,855,179,32,57
43,854,179,32,57
44,853,179,32,57
45,852,179,32,57
46,851,179,32,57
47,850,179,32,57
48,849,179,32,57
49,848,179,32,57
50,847,179,32,57
51,846,179,32,57
52,845,179,32,57
53,844,179,32,57
54,843,179,32,57
55,842,179,32,57
56,841,179,32,57
57,840,179,32,57
58,839,179,32,57
59,838,179,32,57
60,837,179,32,57
61,836,179,32,57
62,835,179,32,57
63,834,179,32,57
64,833,179,32,57
65,832,179,32,57
66,831,179,32,57
67,830,179,32,57
68,829,179,32,57
69,828,179,32,57
70,827,179,32,57
71,826,179,32,57
72,825,179,32,57
73,824,179,32,57
74,823,179,32,57
75,822,179,32,57
76,821,179,32,57
77,820,179,32,57
78,819,179,32,57
79,818,179,32,57
80,817,179,32,57
81,816,179,32,57
82,815,179,32,57
83,814,179,32,57
84,813,179,32,57
85,812,179,32,57
86,811,179,32,57
87,810,179,32,57
88,809,180,32,57
89,808,181,32,57
90,807,181,32,57
91,806,182,32,57
92,805,183,32,57
93,804,183,32,57
94,804,183,32,57
95,803,183,32,57
96,802,183,32,57
97,801,183,32,57
98,800,183,32,57
99,799,183,32,57
100,798,183,32,57
101,797,183,32,57
102,796,183,32,57
103,795,183,32,57
104,794,183,32,57
105,793,184,32,57
106,792,184,32,57
107,791,184,32,57
108,790,184,32,57
109,789,185,32,57
110,788,185,32,57
111,787,185,32,57
112,786,185,32,57
113,785,185,32,57
114,784,185,32,57
115,783,185,32,57
116,782,185,32,57
117,781,185,32,57
118,780,185,32,57
119,779,185,32,57
120,778,185,32,57
121,777,185,32,57
122,776,186,32,57
123,775,186,32,57
124,774,186,32,57
125,773,186,32,57
126,772,186,32,57
127,771,187,32,57
128,770,188,32,57
129,769,188,32,57
130,768,188,32,57
131,767,188,32,57
132,766,188,32,57
133,765,188,32,57
134,764,188,32,57
135,763,188,32,57
136,762,189,32,57
137,761,190,32,57
138,760,190,32,57
139,759,190,32,57
140,758,190,32,57
141,757,191,32,57
142,756,192,32,57
143,755,192,32,57
144,754,192,32,57
145,753,192,32,57
146,752,193,32,57
147,751,194,32,57
148,750,195,32,57
149,749,195,32,57
150,748,195,32,57
151,747,195,32,57
152,746,195,32,57
153,745,195,32,57
154,744,195,32,57
155,743,196,32,57
156,742,197,32,57
157,741,198,32,57
158,740,198,32,57
159,739,198,32,57
160,738,198,32,57
161,737,198,32,57
162,736,198,32,57
163,735,198,32,57
164,734,199,32,57
165,733,200,32,57
166,732,201,32,57
167,731,201,32,57
168,730,201,32,57
169,729,201,32,57
170,728,201,32,57
171,727,201,32,57
172,726,202,32,57
173,725,202,32,57
174,724,202,32,57
175,723,203,32,57
176,722,203,32,57
177,721,203,32,57
178,720,203,32,57
179,719,203,32,57
180,718,204,32,57
181,716,205,32,57
182,715,206,32,57
183,714,206,32,57
184,712,206,32,57
185,711,206,32,57
186,709,206,32,57
187,708,206,32,57
188,706,207,32,57
189,705,208,32,57
190,704,208,32,57
191,703,208,32,57
192,701,208,32,57
193,700,208,32,57
194,698,208,32,57
195,697,208,32,57
196,696,208,32,57
197,695,209,32,57
198,694,210,32,57
199,693,210,32,57
200,692,210,32,57
201,691,210,32,57
202,690,211,32,57
203,689,212,32,57
204,688,212,32,57
205,687,212,32,57
206,686,212,32,57
207,685,212,32,57
208,684,213,32,57
209,683,214,32,57
210,682,213,32,57
211,681,213,32,57
212,680,214,32,57
213,679,214,32,57
214,678,214,32,57
215,677,215,32,57
216,675,215,32,57
217,673,216,32,57
218,671,216,32,57
219,669,217,32,57
220,667,218,32,57
221,665,218,32,57
222,663,217,32,57
223,661,217,32,57
224,660,219,32,57
225,658,220,32,57
226,657,219,32,57
227,655,218,32,57
228,654,218,32,57
229,653,219,32,57
230,652,220,32,57
231,651,221,32,57
232,650,221,32,57
233,649,221,32,57
234,648,221,32,57
235,647,222,32,57
236,646,223,32,57
237,645,223,32,57
238,644,223,32,57
