09-Confusion 16
1,676,365,36,82
2,676,366,36,82
3,676,366,36,82
4,676,366,36,82
5,676,366,36,82
6,676,365,36,82
7,676,364,36,82
8,676,362,36,82
9,676,360,36,82
10,676,358,36,82
11,676,356,36,82
12,676,354,36,82
13,676,352,36,82
14,676,350,36,82
15,676,349,36,82
16,676,349,36,82
17,676,349,36,82
18,676,349,36,82
19,677,349,36,82
20,678,349,36,82
21,679,349,36,82
22,680,349,36,82
23,681,349,36,82
24,681,349,36,82
25,681,347,36,82
26,682,345,36,82
27,682,343,36,82
28,683,341,36,82
29,684,340,36,82
30,685,339,36,82
31,686,339,36,82
32,687,339,36,82
33,689,339,36,82
34,691,339,36,82
35,694,339,36,82
36,697,338,36,82
37,699,337,36,82
38,700,336,36,82
39,701,336,36,82
40,702,335,36,82
41,702,334,36,82
42,702,333,36,82
43,702,332,36,82
44,703,331,36,82
45,704,330,36,82
46,704,330,36,82
47,705,330,36,82
48,707,329,36,82
49,708,328,36,82
50,709,327,36,82
51,710,326,36,82
52,711,325,36,82
53,712,324,36,82
54,713,323,36,82
55,714,322,36,82
56,714,321,36,82
57,714,319,36,82
58,714,317,36,82
59,714,315,36,82
60,714,312,36,82
61,714,310,36,82
62,714,309,36,82
63,714,309,36,82
64,714,309,36,82
65,714,309,36,82
66,715,309,36,82
67,716,309,36,82
68,717,308,36,82
69,718,307,36,82
70,719,307,36,82
71,720,307,36,82
72,720,307,36,82
73,720,308,36,82
74,720,308,36,82
75,720,308,36,82
76,720,308,36,82
77,720,307,36,82
78,720,306,36,82
79,720,305,36,82
80,721,304,36,82
81,722,303,36,82
82,723,302,36,82
83,724,301,36,82
84,724,300,36,82
85,724,299,36,82
86,724,298,36,82
87,725,297,36,82
88,726,296,36,82
89,727,295,36,82
90,727,293,36,82
91,727,291,36,82
92,727,289,36,82
93,727,287,36,82
94,727,284,36,82
95,727,282,36,82
96,727,281,36,82
97,727,281,36,82
98,727,281,36,82
99,727,281,36,82
100,728,280,36,82
101,729,279,36,82
102,730,278,36,82
103,731,277,36,82
104,732,276,36,82
105,732,276,36,82
106,732,276,36,82
107,732,276,36,82
108,732,275,36,82
109,732,274,36,82
110,732,273,36,82
111,732,272,36,82
112,732,271,36,82
113,732,271,36,82
114,732,271,36,82
115,733,271,36,82
116,734,271,36,82
117,736,270,36,82
118,738,270,36,82
119,740,270,36,82
120,741,270,36,82
121,742,270,36,82
122,742,270,36,82
123,742,271,36,82
124,742,273,36,82
125,741,275,36,82
126,740,276,36,82
127,739,276,36,82
128,738,275,36,82
129,738,273,36,82
130,738,272,36,82
131,738,271,36,82
132,739,270,36,82
133,739,270,36,82
134,739,269,36,82
135,739,268,36,82
136,740,267,36,82
137,741,266,36,82
138,742,266,36,82
139,744,266,36,82
140,745,266,36,82
141,747,265,36,82
142,749,264,36,82
143,750,263,36,82
144,751,262,36,82
145,752,261,36,82
146,752,261,36,82
147,751,260,36,82
148,750,260,36,82
149,749,260,36,82
150,747,260,36,82
151,747,261,36,82
152,747,261,36,82
153,748,260,36,82
154,749,259,36,82
155,750,258,36,82
156,751,258,36,82
157,752,259,36,82
158,753,259,36,82
159,753,259,36,82
160,753,258,36,82
161,752,257,36,82
162,751,256,36,82
163,751,256,36,82
164,751,256,36,82
165,751,256,36,82
166,752,256,36,82
167,753,256,36,82
168,754,256,36,82
169,754,256,36,82
170,755,256,36,82
171,755,255,36,82
172,755,253,36,82
173,755,251,36,82
174,755,249,36,82
175,755,248,36,82
176,755,247,36,82
177,756,246,36,82
178,757,246,36,82
179,758,245,36,82
180,759,245,36,82
181,760,245,36,82
182,761,245,36,82
183,762,245,36,82
184,763,245,36,82
185,764,244,36,82
186,765,242,36,82
187,766,240,36,82
188,767,238,36,82
189,767,236,36,82
190,767,235,36,82
191,767,234,36,82
