09-Confusion 18
5,463,124,16,18
6,414,146,16,18
7,414,146,16,18
8,414,146,16,18
9,421,145,16,18
10,421,145,16,18
11,413,146,16,18
12,413,146,16,18
13,413,146,16,18
14,420,146,16,18
15,420,146,16,18
16,415,150,16,18
17,415,150,16,18
18,415,150,16,18
19,419,149,16,18
20,419,149,16,18
21,415,150,16,18
22,415,150,16,18
23,415,150,16,18
24,414,144,16,18
25,414,144,16,18
26,395,146,16,18
27,395,146,16,18
28,395,146,16,18
29,403,145,16,18
30,403,145,16,18
31,402,148,16,18
32,402,148,16,18
33,402,148,16,18
34,688,451,16,18
35,688,451,16,18
36,658,107,16,18
37,658,107,16,18
38,658,107,16,18
39,658,103,16,18
40,658,103,16,18
41,661,108,16,18
42,661,108,16,18
43,661,108,16,18
44,699,122,16,18
45,699,122,16,18
46,701,118,16,18
47,701,118,16,18
48,701,118,16,18
49,347,471,16,18
50,347,471,16,18
51,344,471,16,18
52,344,471,16,18
53,344,471,16,18
54,346,468,16,18
55,346,468,16,18
56,344,466,16,18
57,344,466,16,18
58,344,466,16,18
59,343,462,16,18
60,343,462,16,18
61,350,463,16,18
62,350,463,16,18
63,350,463,16,18
64,346,466,16,18
65,346,466,16,18
66,351,463,16,18
67,351,463,16,18
68,351,463,16,18
69,375,455,16,18
70,375,455,16,18
71,396,448,16,18
72,396,448,16,18
73,396,448,16,18
74,395,446,16,18
75,395,446,16,18
76,399,442,16,18
77,399,442,16,18
78,399,442,16,18
79,397,437,16,18
80,397,437,16,18
81,616,277,16,18
82,616,277,16,18
83,616,277,16,18
84,615,277,16,18
85,615,277,16,18
