09-Confusion 8
74,528,250,87,36
75,518,250,87,36
76,508,253,87,36
77,497,257,87,36
78,486,262,87,36
79,475,268,87,36
80,463,277,87,36
81,448,287,87,36
82,433,294,87,36
83,417,296,87,36
84,401,295,87,36
85,383,293,87,36
86,362,291,87,36
87,342,290,87,36
88,326,291,87,36
89,313,292,87,36
90,301,292,87,36
91,291,292,87,36
92,280,291,87,36
93,272,290,87,36
94,266,289,87,36
95,257,285,87,36
96,247,282,87,36
97,235,278,87,36
98,222,273,87,36
99,207,269,87,36
100,192,266,87,36
101,175,264,87,36
102,160,265,87,36
103,144,266,87,36
104,127,266,87,36
105,110,266,87,36
106,99,267,87,36
107,87,267,87,36
108,77,267,87,36
109,69,268,87,36
110,64,268,87,36
111,60,268,87,36
112,57,269,87,36
113,51,271,87,36
114,43,274,87,36
115,34,277,87,36
116,24,281,87,36
117,13,283,87,36
118,4,286,87,36
119,0,287,87,36
