09-Confusion 13
18,31,57,25,65
19,34,63,25,65
20,37,67,25,65
21,40,70,25,65
22,43,72,25,65
23,46,73,25,65
24,52,74,25,65
25,60,75,25,65
26,68,77,25,65
27,76,79,25,65
28,84,82,25,65
29,93,86,25,65
30,101,89,25,65
31,110,93,25,65
32,119,97,25,65
33,128,101,25,65
34,137,105,25,65
35,144,107,25,65
36,240,164,25,65
37,243,169,25,65
38,246,174,25,65
39,249,179,25,65
40,252,184,25,65
41,255,189,25,65
42,259,194,25,65
43,267,195,25,65
44,275,196,25,65
45,284,197,25,65
46,292,200,25,65
47,299,205,25,65
48,304,212,25,65
49,308,217,25,65
50,318,219,25,65
51,321,3,25,65
52,329,8,25,65
53,337,13,25,65
54,345,18,25,65
55,353,24,25,65
56,361,30,25,65
57,368,37,25,65
58,318,280,25,65
59,321,284,25,65
60,325,288,25,65
61,344,288,25,65
62,350,292,25,65
