10-LowContrast 7
115,577,491,26,44
116,572,491,26,44
117,567,491,26,44
118,561,493,26,44
119,555,494,26,44
120,551,495,26,44
121,546,497,26,44
122,541,498,26,44
123,535,497,26,44
124,530,497,26,44
125,523,498,26,44
126,516,497,26,44
127,511,498,26,44
128,506,498,26,44
129,502,499,26,44
130,500,497,26,44
131,496,495,26,44
132,490,496,26,44
133,484,495,26,44
134,481,495,26,44
135,479,496,26,44
136,474,495,26,44
137,469,494,26,44
138,465,492,26,44
139,460,490,26,44
140,455,489,26,44
141,451,488,26,44
142,446,488,26,44
143,440,488,26,44
144,435,486,26,44
145,433,485,26,44
146,428,483,26,44
147,421,481,26,44
148,416,482,26,44
149,412,482,26,44
150,407,482,26,44
151,401,484,26,44
152,396,486,26,44
153,391,488,26,44
154,385,490,26,44
155,380,489,26,44
156,374,488,26,44
157,368,486,26,44
158,361,484,26,44
159,354,481,26,44
160,349,479,26,44
161,343,477,26,44
162,335,475,26,44
163,329,474,26,44
164,324,473,26,44
165,319,472,26,44
166,314,472,26,44
167,308,472,26,44
168,302,471,26,44
169,296,469,26,44
170,290,468,26,44
171,284,466,26,44
172,276,465,26,44
173,268,463,26,44
174,262,462,26,44
175,256,461,26,44
176,250,460,26,44
177,246,461,26,44
178,241,461,26,44
179,237,462,26,44
180,233,464,26,44
181,229,466,26,44
182,224,467,26,44
183,219,466,26,44
184,213,465,26,44
185,207,465,26,44
186,201,464,26,44
187,195,464,26,44
188,189,462,26,44
189,182,462,26,44
190,177,462,26,44
191,173,460,26,44
192,167,460,26,44
193,160,460,26,44
194,155,459,26,44
195,149,459,26,44
196,146,458,26,44
197,142,458,26,44
198,136,458,26,44
199,131,455,26,44
200,125,452,26,44
201,120,450,26,44
202,116,449,26,44
203,110,449,26,44
204,103,449,26,44
205,99,449,26,44
206,95,448,26,44
207,91,447,26,44
208,85,447,26,44
209,78,446,26,44
210,74,447,26,44
211,68,449,26,44
212,62,450,26,44
213,56,451,26,44
214,50,449,26,44
215,45,447,26,44
216,39,445,26,44
217,32,444,26,44
218,25,442,26,44
219,20,443,26,44
220,16,444,26,44
221,12,444,26,44
222,8,444,26,44
