10-LowContrast 16
42,777,219,80,67
43,777,218,80,67
44,777,218,80,67
45,777,218,80,67
46,777,217,80,67
47,777,217,80,67
48,777,217,80,67
49,777,217,80,67
50,777,217,80,67
51,777,217,80,67
52,777,217,80,67
53,777,218,80,67
54,777,218,80,67
55,777,218,80,67
56,777,219,80,67
57,777,219,80,67
58,777,218,80,67
59,777,218,80,67
60,777,218,80,67
61,777,218,80,67
62,777,218,80,67
63,777,218,80,67
64,777,217,80,67
65,777,217,80,67
66,777,217,80,67
67,776,218,80,67
68,776,219,80,67
69,776,219,80,67
70,776,223,80,67
71,776,225,80,67
72,776,225,80,67
73,774,213,80,67
74,772,211,80,67
75,772,211,80,67
76,772,206,80,67
77,772,206,80,67
78,772,206,80,67
79,775,214,80,67
80,775,214,80,67
81,775,214,80,67
82,775,212,80,67
83,775,206,80,67
84,775,206,80,67
85,772,203,80,67
86,772,204,80,67
87,772,204,80,67
88,772,208,80,67
89,772,209,80,67
90,772,209,80,67
91,772,209,80,67
92,772,207,80,67
93,772,207,80,67
94,772,208,80,67
95,772,208,80,67
96,772,208,80,67
97,772,209,80,67
98,772,209,80,67
99,772,209,80,67
100,772,209,80,67
101,772,209,80,67
102,772,209,80,67
103,774,210,80,67
104,774,210,80,67
105,774,210,80,67
106,774,210,80,67
107,774,210,80,67
108,774,210,80,67
109,775,209,80,67
110,775,209,80,67
111,775,209,80,67
112,775,208,80,67
113,776,209,80,67
114,776,209,80,67
115,776,210,80,67
116,776,210,80,67
117,776,210,80,67
118,776,211,80,67
119,776,210,80,67
120,776,210,80,67
121,776,210,80,67
122,776,210,80,67
123,776,210,80,67
124,776,208,80,67
125,776,208,80,67
126,776,208,80,67
127,776,208,80,67
128,776,209,80,67
129,776,209,80,67
130,773,205,80,67
131,774,206,80,67
132,774,206,80,67
133,780,214,80,67
134,780,214,80,67
135,780,214,80,67
136,779,213,80,67
137,779,212,80,67
138,779,212,80,67
139,777,210,80,67
140,777,210,80,67
141,777,210,80,67
142,777,211,80,67
143,777,211,80,67
144,777,211,80,67
145,777,210,80,67
146,777,209,80,67
147,777,209,80,67
148,775,209,80,67
149,775,209,80,67
150,775,209,80,67
151,774,211,80,67
152,773,211,80,67
153,773,211,80,67
154,770,212,80,67
155,770,212,80,67
156,770,212,80,67
157,767,213,80,67
158,765,215,80,67
159,765,215,80,67
160,761,218,80,67
161,760,219,80,67
162,760,219,80,67
163,756,222,80,67
164,755,223,80,67
165,755,223,80,67
166,753,225,80,67
167,752,225,80,67
168,752,225,80,67
169,750,226,80,67
170,750,227,80,67
171,750,227,80,67
172,750,230,80,67
173,750,231,80,67
174,750,231,80,67
175,749,230,80,67
176,748,230,80,67
177,748,230,80,67
178,747,227,80,67
179,747,226,80,67
180,747,226,80,67
181,747,226,80,67
182,746,225,80,67
183,746,225,80,67
184,743,225,80,67
185,742,225,80,67
186,742,225,80,67
187,740,225,80,67
188,738,225,80,67
189,738,225,80,67
190,731,222,80,67
191,730,222,80,67
192,730,222,80,67
193,725,220,80,67
194,720,217,80,67
195,720,217,80,67
196,717,217,80,67
197,715,215,80,67
198,715,215,80,67
199,707,212,80,67
200,703,211,80,67
201,703,211,80,67
202,698,210,80,67
203,696,210,80,67
204,696,210,80,67
205,687,212,80,67
206,683,212,80,67
207,683,212,80,67
208,676,211,80,67
209,669,211,80,67
210,669,211,80,67
211,663,210,80,67
212,660,210,80,67
213,660,210,80,67
214,652,213,80,67
215,650,214,80,67
216,650,214,80,67
217,645,216,80,67
218,642,216,80,67
219,642,216,80,67
220,633,212,80,67
221,630,211,80,67
222,630,211,80,67
223,627,210,80,67
224,624,209,80,67
225,624,209,80,67
226,623,206,80,67
227,623,205,80,67
228,623,205,80,67
229,627,199,80,67
230,629,199,80,67
231,629,199,80,67
232,630,199,80,67
233,631,199,80,67
234,631,199,80,67
235,635,197,80,67
236,636,197,80,67
237,636,197,80,67
238,638,195,80,67
239,638,194,80,67
240,638,194,80,67
241,638,193,80,67
242,638,193,80,67
243,638,193,80,67
244,637,192,80,67
245,636,192,80,67
246,636,192,80,67
247,635,190,80,67
248,634,187,80,67
249,634,187,80,67
250,632,181,80,67
251,632,179,80,67
252,632,179,80,67
253,632,173,80,67
254,633,170,80,67
255,633,170,80,67
256,634,169,80,67
257,635,168,80,67
258,635,168,80,67
259,641,168,80,67
260,643,168,80,67
261,643,168,80,67
262,648,168,80,67
263,650,168,80,67
264,650,168,80,67
265,659,166,80,67
266,663,165,80,67
267,663,165,80,67
268,672,165,80,67
269,682,167,80,67
270,682,167,80,67
271,691,168,80,67
272,697,168,80,67
273,697,168,80,67
274,713,166,80,67
275,717,165,80,67
276,717,165,80,67
