10-LowContrast 1
58,117,286,57,70
59,115,285,57,70
60,113,284,57,70
61,111,283,57,70
62,110,282,57,70
63,109,281,57,70
64,108,280,57,70
65,107,279,57,70
66,106,278,57,70
67,105,277,57,70
68,104,277,57,70
69,103,277,57,70
70,102,277,57,70
71,101,276,57,70
72,100,276,57,70
73,99,275,57,70
74,99,275,57,70
75,99,275,57,70
76,99,275,57,70
77,99,275,57,70
78,99,275,57,70
79,99,275,57,70
80,99,275,57,70
81,99,275,57,70
82,99,274,57,70
83,99,273,57,70
84,99,272,57,70
85,99,271,57,70
86,99,270,57,70
87,99,269,57,70
88,99,268,57,70
89,99,268,57,70
90,100,268,57,70
91,101,268,57,70
92,102,268,57,70
93,103,268,57,70
94,104,268,57,70
95,105,268,57,70
96,106,268,57,70
97,107,268,57,70
98,108,268,57,70
99,109,268,57,70
100,110,268,57,70
101,111,267,57,70
102,113,266,57,70
103,115,264,57,70
104,117,262,57,70
105,119,260,57,70
106,121,259,57,70
107,123,258,57,70
108,124,257,57,70
109,125,257,57,70
110,126,257,57,70
111,128,258,57,70
112,130,258,57,70
113,132,258,57,70
114,134,258,57,70
115,136,258,57,70
116,138,258,57,70
117,140,258,57,70
118,142,258,57,70
119,144,257,57,70
120,146,255,57,70
121,148,253,57,70
122,150,251,57,70
123,151,249,57,70
124,153,248,57,70
125,155,247,57,70
126,157,246,57,70
127,159,245,57,70
128,161,245,57,70
129,163,245,57,70
130,165,245,57,70
131,167,245,57,70
132,169,245,57,70
133,171,245,57,70
134,173,245,57,70
135,175,245,57,70
136,177,245,57,70
137,178,245,57,70
138,179,244,57,70
139,180,242,57,70
140,181,241,57,70
141,182,240,57,70
142,183,239,57,70
143,184,238,57,70
144,184,237,57,70
145,184,236,57,70
146,184,236,57,70
147,184,236,57,70
148,185,236,57,70
149,186,237,57,70
150,187,238,57,70
151,188,239,57,70
152,188,240,57,70
153,189,241,57,70
154,189,242,57,70
155,189,243,57,70
156,189,244,57,70
157,189,245,57,70
158,189,246,57,70
159,188,246,57,70
160,187,246,57,70
161,186,246,57,70
162,185,247,57,70
163,184,248,57,70
164,183,248,57,70
165,182,248,57,70
166,181,249,57,70
167,180,250,57,70
168,179,251,57,70
169,178,252,57,70
170,177,253,57,70
171,177,254,57,70
172,177,254,57,70
173,177,254,57,70
174,177,254,57,70
175,177,255,57,70
176,177,255,57,70
177,177,255,57,70
178,177,255,57,70
179,177,254,57,70
180,177,253,57,70
181,177,252,57,70
182,178,251,57,70
183,179,250,57,70
184,180,249,57,70
185,181,248,57,70
186,182,248,57,70
187,183,248,57,70
188,184,248,57,70
189,185,249,57,70
190,186,250,57,70
191,186,250,57,70
192,186,251,57,70
193,186,252,57,70
194,186,253,57,70
195,186,254,57,70
196,186,255,57,70
197,186,256,57,70
198,186,257,57,70
199,186,257,57,70
200,186,257,57,70
201,186,257,57,70
202,186,257,57,70
203,186,257,57,70
204,186,257,57,70
205,186,257,57,70
206,186,257,57,70
207,186,257,57,70
208,186,257,57,70
209,186,257,57,70
210,186,257,57,70
211,186,257,57,70
212,186,257,57,70
213,186,257,57,70
214,187,257,57,70
215,187,257,57,70
216,187,257,57,70
217,187,257,57,70
218,188,257,57,70
219,189,257,57,70
220,190,257,57,70
221,191,257,57,70
222,193,257,57,70
223,194,257,57,70
224,195,256,57,70
225,196,256,57,70
226,197,255,57,70
227,198,254,57,70
228,199,253,57,70
229,200,252,57,70
230,201,251,57,70
231,202,250,57,70
232,203,249,57,70
233,204,248,57,70
234,206,247,57,70
235,208,246,57,70
236,210,245,57,70
237,212,244,57,70
238,214,244,57,70
239,216,244,57,70
240,218,244,57,70
241,220,244,57,70
242,222,244,57,70
243,224,244,57,70
244,226,244,57,70
245,228,244,57,70
246,230,244,57,70
247,232,244,57,70
248,234,244,57,70
249,236,243,57,70
250,238,242,57,70
251,240,241,57,70
252,242,241,57,70
253,244,240,57,70
254,246,239,57,70
255,248,238,57,70
256,250,237,57,70
257,252,236,57,70
258,254,235,57,70
259,256,235,57,70
260,258,235,57,70
261,260,235,57,70
262,262,235,57,70
263,264,235,57,70
264,266,235,57,70
265,268,235,57,70
266,270,235,57,70
267,272,235,57,70
268,274,235,57,70
269,276,235,57,70
270,278,235,57,70
271,280,235,57,70
272,282,234,57,70
273,284,233,57,70
274,286,232,57,70
275,288,231,57,70
276,290,230,57,70
277,292,229,57,70
278,294,228,57,70
279,296,226,57,70
280,298,225,57,70
281,300,224,57,70
282,302,224,57,70
283,304,223,57,70
284,306,222,57,70
285,309,221,57,70
286,312,220,57,70
287,314,220,57,70
288,316,220,57,70
289,318,220,57,70
290,320,220,57,70
291,322,220,57,70
292,324,220,57,70
293,326,220,57,70
294,328,220,57,70
295,330,219,57,70
296,332,218,57,70
297,334,217,57,70
298,336,216,57,70
299,338,215,57,70
300,340,214,57,70
301,342,213,57,70
302,344,212,57,70
303,346,211,57,70
304,348,210,57,70
305,350,210,57,70
306,352,209,57,70
307,354,208,57,70
308,356,207,57,70
309,358,207,57,70
310,360,207,57,70
311,362,207,57,70
312,364,207,57,70
313,366,207,57,70
314,368,207,57,70
315,369,206,57,70
316,370,206,57,70
317,371,205,57,70
318,372,204,57,70
319,373,203,57,70
320,374,202,57,70
321,375,201,57,70
322,377,200,57,70
323,379,199,57,70
324,381,198,57,70
325,383,197,57,70
326,385,196,57,70
327,386,196,57,70
328,387,196,57,70
329,389,196,57,70
330,391,196,57,70
331,393,196,57,70
332,395,196,57,70
333,397,196,57,70
334,399,196,57,70
335,401,196,57,70
336,403,196,57,70
337,405,196,57,70
338,407,195,57,70
339,409,194,57,70
340,411,193,57,70
341,413,192,57,70
342,415,191,57,70
343,417,190,57,70
344,419,189,57,70
345,421,188,57,70
346,423,187,57,70
347,425,186,57,70
348,427,185,57,70
349,429,184,57,70
350,431,184,57,70
351,433,184,57,70
352,435,184,57,70
353,437,184,57,70
354,438,184,57,70
355,440,184,57,70
356,442,184,57,70
357,444,184,57,70
358,446,184,57,70
359,448,184,57,70
360,450,184,57,70
361,452,184,57,70
362,454,184,57,70
363,456,184,57,70
364,459,183,57,70
365,461,182,57,70
366,463,181,57,70
367,466,180,57,70
368,469,179,57,70
369,472,178,57,70
370,475,176,57,70
371,478,175,57,70
372,481,174,57,70
373,484,173,57,70
374,487,173,57,70
375,490,173,57,70
376,493,173,57,70
377,496,173,57,70
378,499,173,57,70
379,502,173,57,70
380,505,173,57,70
381,508,173,57,70
382,511,173,57,70
383,514,172,57,70
384,517,172,57,70
385,521,171,57,70
386,524,170,57,70
387,527,169,57,70
388,530,168,57,70
389,533,166,57,70
390,536,164,57,70
391,539,162,57,70
392,542,160,57,70
393,544,159,57,70
394,547,158,57,70
395,550,157,57,70
396,552,156,57,70
397,555,155,57,70
398,558,154,57,70
399,561,153,57,70
400,564,153,57,70
401,567,152,57,70
402,570,151,57,70
403,573,151,57,70
404,576,150,57,70
405,579,150,57,70
406,582,150,57,70
407,585,149,57,70
408,588,149,57,70
