10-LowContrast 5
72,186,195,192,422
73,185,194,192,422
74,187,194,192,422
75,208,194,192,422
76,212,194,192,422
77,219,194,192,422
78,235,195,192,422
79,240,194,192,422
80,253,194,192,422
81,258,193,192,422
82,276,192,192,422
83,280,190,192,422
84,285,191,192,422
85,297,193,192,422
86,301,193,192,422
87,304,193,192,422
88,307,192,192,422
89,313,191,192,422
90,324,190,192,422
91,328,190,192,422
92,332,190,192,422
93,335,190,192,422
94,337,190,192,422
95,339,190,192,422
96,342,190,192,422
97,348,190,192,422
98,352,189,192,422
99,356,189,192,422
100,360,189,192,422
101,362,188,192,422
102,389,188,192,422
103,391,187,192,422
104,391,187,192,422
105,391,187,192,422
106,391,186,192,422
107,429,188,192,422
108,430,187,192,422
109,439,187,192,422
110,447,187,192,422
111,452,186,192,422
112,472,185,192,422
113,475,184,192,422
114,487,184,192,422
115,498,184,192,422
116,502,184,192,422
117,521,185,192,422
118,524,185,192,422
119,530,186,192,422
120,534,186,192,422
121,538,186,192,422
122,544,186,192,422
123,548,186,192,422
124,552,186,192,422
125,556,186,192,422
126,561,186,192,422
127,568,186,192,422
128,572,188,192,422
129,578,188,192,422
130,582,188,192,422
131,584,188,192,422
132,587,188,192,422
133,590,189,192,422
134,595,187,192,422
135,599,186,192,422
136,603,186,192,422
137,607,186,192,422
138,608,186,192,422
139,608,186,192,422
140,609,186,192,422
141,616,186,192,422
142,623,185,192,422
143,627,185,192,422
144,631,185,192,422
145,634,185,192,422
146,636,185,192,422
147,638,185,192,422
148,641,184,192,422
149,661,185,192,422
150,664,185,192,422
151,669,185,192,422
152,673,185,192,422
153,679,185,192,422
154,687,185,192,422
155,689,185,192,422
156,689,185,192,422
157,689,185,192,422
158,693,185,192,422
159,698,185,192,422
160,700,185,192,422
161,702,185,192,422
162,705,185,192,422
163,711,185,192,422
164,718,185,192,422
165,723,185,192,422
166,731,185,192,422
167,736,186,192,422
168,744,186,192,422
169,752,187,192,422
170,757,186,192,422
171,767,186,192,422
172,772,186,192,422
173,779,186,192,422
174,785,186,192,422
175,787,186,192,422
176,789,186,192,422
177,791,186,192,422
178,794,186,192,422
179,796,185,192,422
180,798,185,192,422
181,800,185,192,422
182,801,185,192,422
183,801,185,192,422
184,801,185,192,422
185,801,185,192,422
186,801,185,192,422
187,800,185,192,422
188,800,185,192,422
189,799,186,192,422
190,796,186,192,422
191,793,187,192,422
192,789,187,192,422
193,782,187,192,422
194,778,187,192,422
195,774,187,192,422
196,770,187,192,422
197,765,187,192,422
198,760,188,192,422
199,756,188,192,422
200,753,188,192,422
201,750,188,192,422
202,747,189,192,422
203,742,189,192,422
204,738,189,192,422
205,733,189,192,422
206,729,188,192,422
207,726,187,192,422
208,723,187,192,422
209,720,187,192,422
210,714,185,192,422
211,709,185,192,422
212,707,185,192,422
213,705,185,192,422
214,701,185,192,422
215,695,185,192,422
216,690,186,192,422
217,685,186,192,422
218,680,186,192,422
219,676,186,192,422
220,672,186,192,422
221,669,186,192,422
222,667,187,192,422
223,665,187,192,422
224,663,187,192,422
225,661,187,192,422
226,659,187,192,422
227,656,187,192,422
228,654,187,192,422
229,654,187,192,422
230,654,187,192,422
231,653,187,192,422
232,651,187,192,422
233,649,187,192,422
