10-LowContrast 8
92,471,434,39,88
93,470,434,39,88
94,468,434,39,88
95,463,433,39,88
96,460,434,39,88
97,460,434,39,88
98,459,434,39,88
99,459,435,39,88
100,459,435,39,88
101,459,435,39,88
102,459,436,39,88
103,460,437,39,88
104,461,438,39,88
105,462,438,39,88
106,462,438,39,88
107,461,438,39,88
108,460,439,39,88
109,461,438,39,88
110,460,437,39,88
111,458,438,39,88
112,457,438,39,88
113,455,438,39,88
114,453,438,39,88
115,451,438,39,88
116,450,438,39,88
117,448,437,39,88
118,446,437,39,88
119,445,437,39,88
120,444,438,39,88
121,443,439,39,88
122,442,439,39,88
123,440,440,39,88
124,438,441,39,88
125,436,442,39,88
126,434,442,39,88
127,433,442,39,88
128,432,443,39,88
129,430,444,39,88
130,429,444,39,88
131,428,444,39,88
132,427,444,39,88
133,424,445,39,88
134,422,444,39,88
135,422,444,39,88
136,421,445,39,88
137,421,446,39,88
138,421,445,39,88
139,420,445,39,88
140,418,447,39,88
141,417,446,39,88
142,415,447,39,88
143,413,447,39,88
144,411,447,39,88
145,410,448,39,88
146,409,449,39,88
147,408,449,39,88
148,405,451,39,88
149,403,453,39,88
150,401,454,39,88
151,399,455,39,88
152,397,456,39,88
153,394,456,39,88
154,393,456,39,88
155,391,456,39,88
156,390,456,39,88
157,390,457,39,88
158,389,456,39,88
159,387,455,39,88
160,385,456,39,88
161,384,457,39,88
162,385,457,39,88
163,384,456,39,88
164,382,457,39,88
165,382,458,39,88
166,381,457,39,88
167,380,456,39,88
168,379,455,39,88
169,378,454,39,88
170,377,453,39,88
171,376,453,39,88
172,375,452,39,88
173,374,451,39,88
174,372,450,39,88
175,369,451,39,88
176,367,451,39,88
177,365,450,39,88
178,363,451,39,88
179,361,452,39,88
180,361,451,39,88
181,360,451,39,88
182,358,450,39,88
183,357,450,39,88
184,356,449,39,88
185,354,449,39,88
186,353,450,39,88
187,353,452,39,88
188,353,452,39,88
189,353,453,39,88
190,354,453,39,88
191,355,452,39,88
192,353,452,39,88
193,352,453,39,88
194,354,454,39,88
195,354,454,39,88
196,354,454,39,88
197,355,454,39,88
198,357,454,39,88
199,359,454,39,88
200,359,454,39,88
201,360,454,39,88
202,362,453,39,88
203,363,453,39,88
204,363,453,39,88
205,363,453,39,88
206,364,453,39,88
207,365,453,39,88
208,365,454,39,88
209,365,455,39,88
210,365,456,39,88
211,365,457,39,88
212,364,456,39,88
213,363,456,39,88
214,363,456,39,88
215,362,456,39,88
216,362,457,39,88
217,363,458,39,88
218,363,459,39,88
219,362,460,39,88
220,363,460,39,88
221,363,460,39,88
222,362,460,39,88
223,360,461,39,88
224,359,461,39,88
225,358,459,39,88
226,356,459,39,88
227,355,460,39,88
228,354,459,39,88
229,353,459,39,88
230,353,460,39,88
231,353,459,39,88
232,353,458,39,88
233,353,458,39,88
234,353,458,39,88
235,353,457,39,88
236,353,457,39,88
237,353,457,39,88
238,353,457,39,88
239,353,457,39,88
240,353,458,39,88
241,353,459,39,88
242,352,459,39,88
243,351,458,39,88
244,350,457,39,88
245,349,456,39,88
246,348,455,39,88
247,348,454,39,88
248,346,453,39,88
249,346,453,39,88
250,347,452,39,88
251,347,450,39,88
252,347,449,39,88
253,348,448,39,88
254,349,447,39,88
255,347,447,39,88
256,345,447,39,88
257,345,446,39,88
258,344,444,39,88
259,342,443,39,88
260,340,443,39,88
261,341,443,39,88
262,342,443,39,88
263,341,443,39,88
264,341,444,39,88
265,342,444,39,88
266,342,444,39,88
267,340,445,39,88
268,339,445,39,88
269,338,445,39,88
270,336,446,39,88
271,336,447,39,88
272,335,448,39,88
273,334,448,39,88
274,333,447,39,88
275,331,448,39,88
276,329,448,39,88
277,328,447,39,88
278,326,448,39,88
279,325,447,39,88
280,323,445,39,88
281,322,444,39,88
282,321,443,39,88
283,321,443,39,88
284,322,444,39,88
285,322,444,39,88
286,321,445,39,88
287,321,446,39,88
288,321,446,39,88
289,320,446,39,88
290,319,446,39,88
291,317,446,39,88
292,315,445,39,88
293,312,444,39,88
294,309,443,39,88
295,306,443,39,88
296,303,443,39,88
297,300,442,39,88
298,298,442,39,88
299,296,442,39,88
300,295,441,39,88
301,293,440,39,88
302,291,440,39,88
303,290,441,39,88
304,289,441,39,88
305,288,441,39,88
306,287,442,39,88
307,286,443,39,88
308,285,444,39,88
309,284,445,39,88
310,283,445,39,88
311,280,445,39,88
312,278,445,39,88
313,276,445,39,88
314,274,444,39,88
315,272,444,39,88
316,270,442,39,88
317,268,442,39,88
318,267,442,39,88
319,265,442,39,88
320,262,443,39,88
321,260,443,39,88
322,258,442,39,88
323,257,442,39,88
324,258,441,39,88
325,256,439,39,88
326,254,438,39,88
327,253,436,39,88
328,252,435,39,88
329,253,434,39,88
330,254,432,39,88
331,253,430,39,88
332,252,429,39,88
333,251,428,39,88
334,250,425,39,88
335,249,423,39,88
336,248,420,39,88
337,246,416,39,88
338,245,414,39,88
339,245,413,39,88
340,245,412,39,88
341,245,410,39,88
342,243,407,39,88
343,241,404,39,88
344,240,402,39,88
345,238,400,39,88
346,235,398,39,88
347,233,396,39,88
348,230,393,39,88
349,228,392,39,88
350,226,391,39,88
351,223,389,39,88
352,221,388,39,88
353,220,386,39,88
354,216,384,39,88
355,211,384,39,88
356,208,382,39,88
357,204,380,39,88
358,201,379,39,88
359,200,378,39,88
360,198,379,39,88
361,196,378,39,88
362,193,374,39,88
363,187,373,39,88
364,184,371,39,88
365,181,369,39,88
366,175,367,39,88
367,169,363,39,88
368,164,362,39,88
369,160,361,39,88
370,155,358,39,88
371,150,354,39,88
372,144,350,39,88
373,138,346,39,88
374,134,344,39,88
375,129,341,39,88
376,123,339,39,88
377,118,340,39,88
378,114,340,39,88
379,110,340,39,88
380,105,341,39,88
381,99,341,39,88
382,96,341,39,88
383,94,341,39,88
384,90,341,39,88
385,87,343,39,88
386,84,343,39,88
387,81,343,39,88
388,79,343,39,88
389,76,344,39,88
390,72,343,39,88
391,67,343,39,88
392,65,344,39,88
393,62,344,39,88
394,57,341,39,88
395,51,338,39,88
396,44,337,39,88
397,40,336,39,88
398,35,334,39,88
399,32,334,39,88
400,30,335,39,88
401,25,335,39,88
402,23,334,39,88
403,22,334,39,88
