10-LowContrast 15
3,1257,652,96,161
4,1255,652,96,161
5,1254,652,96,161
6,1252,652,96,161
7,1251,651,96,161
8,1250,651,96,161
9,1249,650,96,161
10,1248,649,96,161
11,1247,648,96,161
12,1246,647,96,161
13,1245,647,96,161
14,1244,647,96,161
15,1243,647,96,161
16,1242,647,96,161
17,1241,647,96,161
18,1240,647,96,161
19,1239,648,96,161
20,1238,649,96,161
21,1237,650,96,161
22,1237,651,96,161
23,1236,652,96,161
24,1236,652,96,161
25,1236,652,96,161
26,1235,652,96,161
27,1235,652,96,161
28,1234,651,96,161
29,1234,650,96,161
30,1234,649,96,161
31,1234,648,96,161
32,1233,647,96,161
33,1232,646,96,161
34,1231,645,96,161
35,1230,644,96,161
36,1229,644,96,161
37,1228,644,96,161
38,1227,644,96,161
39,1226,644,96,161
40,1225,644,96,161
41,1224,644,96,161
42,1223,644,96,161
43,1222,645,96,161
44,1221,645,96,161
45,1220,645,96,161
46,1219,645,96,161
47,1218,645,96,161
48,1217,645,96,161
49,1216,645,96,161
50,1215,644,96,161
51,1214,643,96,161
52,1214,643,96,161
53,1213,642,96,161
54,1212,641,96,161
55,1212,640,96,161
56,1212,639,96,161
57,1212,638,96,161
58,1212,637,96,161
59,1212,636,96,161
60,1212,635,96,161
61,1212,634,96,161
62,1212,634,96,161
63,1212,634,96,161
64,1212,634,96,161
65,1212,634,96,161
66,1212,634,96,161
67,1212,634,96,161
68,1212,635,96,161
69,1212,636,96,161
70,1212,637,96,161
71,1212,638,96,161
72,1212,639,96,161
73,1212,640,96,161
74,1212,641,96,161
75,1212,641,96,161
76,1212,641,96,161
77,1212,640,96,161
78,1212,639,96,161
79,1212,639,96,161
80,1212,638,96,161
81,1212,637,96,161
82,1212,636,96,161
83,1212,635,96,161
