10-LowContrast 18
21,196,324,76,90
22,193,322,76,90
23,186,321,76,90
24,195,328,76,90
25,201,336,76,90
26,204,340,76,90
27,208,342,76,90
28,211,341,76,90
29,216,339,76,90
30,220,335,76,90
31,224,332,76,90
32,229,330,76,90
33,234,327,76,90
34,238,322,76,90
35,244,320,76,90
36,250,320,76,90
37,257,316,76,90
38,265,312,76,90
39,272,309,76,90
40,279,307,76,90
41,284,304,76,90
42,290,311,76,90
43,295,313,76,90
44,302,316,76,90
45,307,318,76,90
46,314,319,76,90
47,322,321,76,90
48,328,321,76,90
49,336,322,76,90
50,342,321,76,90
51,348,321,76,90
52,354,319,76,90
53,360,319,76,90
54,365,314,76,90
55,370,312,76,90
56,376,311,76,90
57,380,318,76,90
58,382,323,76,90
59,387,325,76,90
60,393,337,76,90
61,395,351,76,90
62,398,363,76,90
63,404,371,76,90
64,408,374,76,90
65,411,379,76,90
66,413,382,76,90
67,415,385,76,90
68,418,390,76,90
69,419,394,76,90
70,421,396,76,90
71,424,397,76,90
72,427,396,76,90
73,431,391,76,90
74,435,385,76,90
75,440,381,76,90
76,445,377,76,90
77,449,374,76,90
78,455,371,76,90
79,459,369,76,90
80,463,366,76,90
81,468,361,76,90
82,472,357,76,90
83,480,353,76,90
84,480,353,76,90
85,485,356,76,90
86,489,359,76,90
87,492,361,76,90
88,487,361,76,90
89,487,364,76,90
90,491,367,76,90
91,493,368,76,90
92,496,369,76,90
93,498,367,76,90
94,501,365,76,90
95,503,362,76,90
96,504,341,76,90
97,505,329,76,90
98,507,325,76,90
99,508,319,76,90
100,511,315,76,90
101,513,312,76,90
102,516,308,76,90
103,520,307,76,90
104,524,306,76,90
105,527,305,76,90
106,529,305,76,90
107,530,305,76,90
108,531,304,76,90
109,531,302,76,90
110,531,300,76,90
111,531,298,76,90
112,531,296,76,90
113,531,295,76,90
114,532,294,76,90
115,533,291,76,90
116,535,289,76,90
117,536,288,76,90
118,537,288,76,90
119,538,289,76,90
120,540,290,76,90
121,542,291,76,90
122,544,294,76,90
123,547,295,76,90
124,548,295,76,90
125,549,296,76,90
126,551,297,76,90
127,552,298,76,90
128,553,299,76,90
129,555,299,76,90
130,556,300,76,90
131,557,301,76,90
132,558,303,76,90
133,558,305,76,90
134,557,306,76,90
135,556,307,76,90
136,556,308,76,90
137,555,310,76,90
138,555,312,76,90
139,554,313,76,90
140,553,314,76,90
141,552,314,76,90
142,551,314,76,90
143,549,314,76,90
144,544,314,76,90
145,542,314,76,90
146,539,314,76,90
147,537,314,76,90
148,536,313,76,90
149,535,315,76,90
150,534,314,76,90
151,535,314,76,90
152,539,311,76,90
153,550,309,76,90
154,562,307,76,90
155,583,303,76,90
156,616,300,76,90
157,660,299,76,90
158,696,298,76,90
159,715,295,76,90
160,738,293,76,90
161,754,291,76,90
162,766,289,76,90
163,778,287,76,90
164,788,285,76,90
165,796,284,76,90
166,807,283,76,90
167,813,281,76,90
168,818,279,76,90
169,822,278,76,90
170,816,278,76,90
171,803,276,76,90
172,801,275,76,90
173,795,274,76,90
174,780,274,76,90
175,774,274,76,90
176,766,274,76,90
177,755,274,76,90
178,750,275,76,90
179,742,276,76,90
180,728,277,76,90
181,721,278,76,90
182,715,279,76,90
183,705,280,76,90
184,696,281,76,90
185,687,282,76,90
186,678,282,76,90
187,671,283,76,90
188,664,284,76,90
189,657,285,76,90
190,650,285,76,90
191,643,286,76,90
192,634,285,76,90
193,624,284,76,90
194,615,282,76,90
195,600,279,76,90
196,592,277,76,90
197,584,274,76,90
198,577,271,76,90
199,570,269,76,90
200,564,268,76,90
201,558,268,76,90
202,553,268,76,90
203,549,266,76,90
204,544,267,76,90
205,539,269,76,90
206,535,269,76,90
207,531,272,76,90
208,526,272,76,90
209,522,272,76,90
210,518,274,76,90
211,514,276,76,90
212,511,279,76,90
213,508,284,76,90
214,505,286,76,90
215,503,287,76,90
216,500,290,76,90
217,496,290,76,90
218,493,291,76,90
219,488,291,76,90
220,484,291,76,90
221,481,291,76,90
222,478,290,76,90
223,475,286,76,90
224,472,283,76,90
225,470,276,76,90
226,469,271,76,90
227,467,268,76,90
228,466,265,76,90
229,465,263,76,90
230,464,262,76,90
231,463,261,76,90
232,463,260,76,90
233,463,260,76,90
234,463,261,76,90
235,463,260,76,90
236,464,259,76,90
237,464,258,76,90
238,464,257,76,90
239,463,256,76,90
240,462,255,76,90
241,461,255,76,90
242,460,254,76,90
243,459,254,76,90
244,457,255,76,90
245,456,256,76,90
246,455,257,76,90
247,454,256,76,90
248,454,256,76,90
249,454,255,76,90
250,455,255,76,90
251,455,255,76,90
252,455,255,76,90
253,457,254,76,90
254,459,254,76,90
255,461,253,76,90
256,464,252,76,90
257,467,253,76,90
258,470,254,76,90
259,474,255,76,90
260,477,256,76,90
261,480,256,76,90
262,484,256,76,90
263,488,257,76,90
264,492,257,76,90
265,496,257,76,90
266,500,258,76,90
267,505,258,76,90
268,509,259,76,90
269,513,260,76,90
270,518,262,76,90
271,524,264,76,90
272,531,265,76,90
273,538,266,76,90
274,548,267,76,90
275,560,267,76,90
276,577,268,76,90
277,589,268,76,90
278,595,269,76,90
279,601,269,76,90
280,606,269,76,90
281,612,268,76,90
282,620,268,76,90
283,631,266,76,90
284,641,265,76,90
285,654,264,76,90
286,666,264,76,90
287,673,263,76,90
288,688,263,76,90
289,707,264,76,90
290,716,263,76,90
291,725,264,76,90
292,734,263,76,90
293,743,262,76,90
294,751,261,76,90
295,760,262,76,90
296,767,260,76,90
297,775,260,76,90
298,780,258,76,90
299,786,255,76,90
300,793,254,76,90
301,799,252,76,90
302,806,249,76,90
303,811,245,76,90
304,817,241,76,90
305,823,237,76,90
306,830,236,76,90
307,836,234,76,90
308,841,233,76,90
309,846,232,76,90
310,850,230,76,90
311,855,231,76,90
312,859,231,76,90
313,862,231,76,90
314,865,231,76,90
315,864,231,76,90
316,859,231,76,90
317,852,232,76,90
318,847,232,76,90
319,847,231,76,90
320,845,231,76,90
321,840,231,76,90
322,840,232,76,90
323,838,232,76,90
324,835,233,76,90
325,834,235,76,90
326,832,236,76,90
327,831,238,76,90
328,830,239,76,90
329,829,241,76,90
330,828,243,76,90
331,827,245,76,90
332,826,246,76,90
333,825,248,76,90
334,823,250,76,90
335,817,251,76,90
336,815,252,76,90
337,812,253,76,90
338,810,253,76,90
339,808,254,76,90
340,806,254,76,90
341,804,254,76,90
342,802,254,76,90
343,800,253,76,90
344,797,252,76,90
345,794,251,76,90
346,792,251,76,90
347,789,250,76,90
348,787,250,76,90
349,785,250,76,90
350,782,250,76,90
351,780,252,76,90
352,776,253,76,90
353,773,254,76,90
354,766,255,76,90
355,762,256,76,90
356,757,257,76,90
357,753,258,76,90
358,749,258,76,90
359,745,258,76,90
360,741,257,76,90
361,737,256,76,90
362,733,255,76,90
363,730,254,76,90
364,726,253,76,90
365,706,252,76,90
366,685,252,76,90
367,676,253,76,90
368,669,254,76,90
369,660,254,76,90
370,651,256,76,90
371,645,257,76,90
372,639,259,76,90
373,631,260,76,90
374,625,262,76,90
375,619,263,76,90
376,612,264,76,90
377,604,265,76,90
378,598,266,76,90
379,593,267,76,90
380,589,268,76,90
381,586,269,76,90
382,582,270,76,90
383,578,271,76,90
384,575,271,76,90
385,573,270,76,90
386,571,271,76,90
387,569,271,76,90
388,568,271,76,90
389,567,270,76,90
390,567,269,76,90
391,567,268,76,90
392,568,267,76,90
393,574,266,76,90
394,585,265,76,90
395,596,264,76,90
396,601,263,76,90
397,604,263,76,90
398,609,263,76,90
399,616,263,76,90
400,621,263,76,90
401,626,263,76,90
402,629,263,76,90
403,632,263,76,90
404,635,263,76,90
405,637,262,76,90
406,640,262,76,90
407,642,263,76,90
408,643,263,76,90
409,645,263,76,90
410,646,264,76,90
411,646,265,76,90
412,647,267,76,90
413,647,269,76,90
414,647,272,76,90
415,648,275,76,90
416,648,278,76,90
417,648,281,76,90
418,648,285,76,90
419,647,288,76,90
420,646,290,76,90
421,645,292,76,90
422,643,294,76,90
423,642,297,76,90
424,641,299,76,90
425,640,301,76,90
426,639,303,76,90
427,638,306,76,90
428,636,308,76,90
429,635,310,76,90
430,633,313,76,90
431,632,315,76,90
432,631,316,76,90
433,629,318,76,90
434,627,320,76,90
435,625,321,76,90
436,624,322,76,90
437,622,323,76,90
438,621,324,76,90
439,621,325,76,90
440,620,326,76,90
441,620,326,76,90
442,620,326,76,90
443,620,327,76,90
444,620,327,76,90
445,620,327,76,90
446,620,327,76,90
447,619,327,76,90
448,619,327,76,90
449,619,327,76,90
450,619,327,76,90
451,619,328,76,90
452,618,328,76,90
453,618,329,76,90
454,617,329,76,90
455,617,329,76,90
456,617,329,76,90
457,616,329,76,90
458,614,329,76,90
459,612,329,76,90
460,610,328,76,90
461,608,327,76,90
462,606,327,76,90
463,604,326,76,90
464,602,325,76,90
465,600,325,76,90
466,598,324,76,90
467,596,324,76,90
468,594,325,76,90
469,592,325,76,90
470,591,325,76,90
471,589,325,76,90
472,587,325,76,90
473,585,326,76,90
474,583,326,76,90
475,581,327,76,90
476,579,328,76,90
477,577,328,76,90
478,575,327,76,90
479,573,326,76,90
480,571,326,76,90
481,569,326,76,90
482,567,326,76,90
483,565,326,76,90
484,563,326,76,90
485,562,326,76,90
486,560,326,76,90
487,558,325,76,90
488,556,324,76,90
489,553,323,76,90
490,551,322,76,90
491,549,321,76,90
492,547,319,76,90
493,545,318,76,90
494,544,318,76,90
495,542,317,76,90
496,540,316,76,90
497,539,315,76,90
498,538,313,76,90
499,537,312,76,90
500,535,312,76,90
501,534,312,76,90
502,533,312,76,90
503,532,311,76,90
504,531,310,76,90
505,530,309,76,90
506,529,308,76,90
507,528,307,76,90
508,528,306,76,90
509,527,305,76,90
510,526,304,76,90
511,525,303,76,90
512,525,302,76,90
513,524,301,76,90
514,524,300,76,90
515,523,299,76,90
516,522,298,76,90
517,522,297,76,90
518,522,296,76,90
519,522,296,76,90
520,521,296,76,90
521,522,296,76,90
522,523,297,76,90
523,523,298,76,90
524,523,299,76,90
525,522,299,76,90
526,521,300,76,90
527,520,300,76,90
528,519,302,76,90
529,518,303,76,90
530,518,303,76,90
531,519,303,76,90
532,519,303,76,90
533,519,304,76,90
534,518,304,76,90
535,517,304,76,90
536,517,303,76,90
537,517,303,76,90
538,517,303,76,90
539,517,303,76,90
540,517,303,76,90
541,517,303,76,90
