10-LowContrast 22
3,132,579,38,90
4,132,579,38,90
5,134,579,38,90
6,139,579,38,90
7,139,579,38,90
8,142,579,38,90
9,148,579,38,90
10,148,579,38,90
11,150,579,38,90
12,155,579,38,90
13,155,579,38,90
14,158,579,38,90
15,163,579,38,90
16,163,579,38,90
17,165,579,38,90
18,170,579,38,90
19,170,579,38,90
20,175,579,38,90
21,178,579,38,90
22,178,579,38,90
23,185,579,38,90
24,188,579,38,90
25,188,579,38,90
26,193,579,38,90
27,196,579,38,90
28,196,579,38,90
29,201,579,38,90
30,203,579,38,90
31,203,579,38,90
32,208,579,38,90
33,210,579,38,90
34,210,579,38,90
35,215,579,38,90
36,218,579,38,90
37,218,579,38,90
38,223,579,38,90
39,225,579,38,90
40,225,579,38,90
41,230,579,38,90
42,233,579,38,90
43,233,579,38,90
44,238,579,38,90
45,240,579,38,90
46,240,579,38,90
47,245,579,38,90
48,250,580,38,90
49,250,580,38,90
50,253,580,38,90
51,259,580,38,90
52,259,580,38,90
53,261,580,38,90
54,266,580,38,90
55,266,580,38,90
56,268,580,38,90
57,272,580,38,90
58,272,580,38,90
59,273,580,38,90
60,276,580,38,90
61,276,580,38,90
62,278,580,38,90
63,283,580,38,90
64,283,580,38,90
65,286,580,38,90
66,291,580,38,90
67,291,580,38,90
68,293,580,38,90
69,298,580,38,90
70,298,580,38,90
71,300,580,38,90
72,305,580,38,90
73,305,580,38,90
74,310,580,38,90
75,312,580,38,90
76,312,580,38,90
77,317,581,38,90
78,320,581,38,90
79,320,581,38,90
80,326,581,38,90
81,329,581,38,90
82,329,581,38,90
83,334,581,38,90
84,336,581,38,90
85,336,581,38,90
86,341,581,38,90
87,343,581,38,90
88,343,581,38,90
89,348,581,38,90
90,351,581,38,90
91,351,581,38,90
92,356,581,38,90
93,359,581,38,90
94,359,581,38,90
95,364,581,38,90
96,366,581,38,90
97,366,581,38,90
98,371,581,38,90
99,376,581,38,90
100,376,581,38,90
101,378,581,38,90
102,383,582,38,90
103,383,582,38,90
104,386,582,38,90
105,392,582,38,90
106,392,582,38,90
107,395,582,38,90
108,401,582,38,90
109,401,582,38,90
110,404,582,38,90
111,409,582,38,90
112,409,582,38,90
113,412,582,38,90
114,417,582,38,90
115,417,582,38,90
116,419,582,38,90
117,424,583,38,90
118,424,583,38,90
119,427,584,38,90
120,433,584,38,90
121,433,584,38,90
122,436,584,38,90
123,441,584,38,90
124,441,584,38,90
125,443,584,38,90
126,448,584,38,90
127,448,584,38,90
128,453,584,38,90
129,456,584,38,90
130,456,584,38,90
131,461,585,38,90
132,464,585,38,90
133,464,585,38,90
134,470,586,38,90
135,473,586,38,90
136,473,586,38,90
137,479,586,38,90
138,482,586,38,90
139,482,586,38,90
140,487,586,38,90
141,490,586,38,90
142,490,586,38,90
143,495,586,38,90
144,498,586,38,90
145,498,586,38,90
146,503,587,38,90
147,506,588,38,90
148,506,588,38,90
149,512,588,38,90
150,515,588,38,90
151,515,588,38,90
152,520,588,38,90
153,526,588,38,90
154,526,588,38,90
155,529,588,38,90
156,535,588,38,90
157,535,588,38,90
158,537,588,38,90
159,543,589,38,90
160,543,589,38,90
161,546,589,38,90
162,553,590,38,90
163,553,590,38,90
164,556,590,38,90
165,563,590,38,90
166,563,590,38,90
167,566,590,38,90
168,571,590,38,90
169,571,590,38,90
170,574,590,38,90
171,580,591,38,90
172,580,591,38,90
173,583,591,38,90
174,589,592,38,90
175,589,592,38,90
176,592,592,38,90
177,599,592,38,90
178,599,592,38,90
179,605,592,38,90
180,608,592,38,90
181,608,592,38,90
182,614,592,38,90
183,617,592,38,90
184,617,592,38,90
185,623,592,38,90
186,625,592,38,90
187,625,592,38,90
188,631,593,38,90
189,635,593,38,90
190,635,593,38,90
191,643,593,38,90
192,647,593,38,90
193,647,593,38,90
194,653,593,38,90
195,656,593,38,90
196,656,593,38,90
197,663,593,38,90
198,666,593,38,90
199,666,593,38,90
200,672,593,38,90
201,674,593,38,90
202,674,593,38,90
203,680,593,38,90
204,684,593,38,90
205,684,593,38,90
206,691,594,38,90
207,697,595,38,90
208,697,595,38,90
209,700,595,38,90
210,705,595,38,90
211,705,595,38,90
212,708,595,38,90
213,713,595,38,90
214,713,595,38,90
215,716,595,38,90
216,723,595,38,90
217,723,595,38,90
218,727,595,38,90
219,735,596,38,90
220,735,596,38,90
221,739,596,38,90
222,745,596,38,90
223,745,596,38,90
224,748,596,38,90
225,753,596,38,90
226,753,596,38,90
227,756,596,38,90
228,761,596,38,90
229,761,596,38,90
230,764,596,38,90
231,771,596,38,90
232,771,596,38,90
233,778,596,38,90
234,782,596,38,90
235,782,596,38,90
236,788,596,38,90
237,790,596,38,90
238,790,596,38,90
239,795,597,38,90
240,797,597,38,90
241,797,597,38,90
242,803,598,38,90
243,806,598,38,90
244,806,598,38,90
245,813,598,38,90
246,817,598,38,90
247,817,598,38,90
248,826,599,38,90
249,830,599,38,90
250,830,599,38,90
251,836,600,38,90
252,839,600,38,90
253,839,600,38,90
254,845,600,38,90
255,848,600,38,90
256,848,600,38,90
257,854,601,38,90
258,860,602,38,90
259,860,602,38,90
260,863,602,38,90
261,870,602,38,90
262,870,602,38,90
263,873,602,38,90
264,879,602,38,90
265,879,602,38,90
266,882,602,38,90
267,888,602,38,90
268,888,602,38,90
269,891,602,38,90
270,897,603,38,90
271,897,603,38,90
272,900,603,38,90
273,907,603,38,90
274,907,603,38,90
275,911,603,38,90
276,918,603,38,90
277,918,603,38,90
278,921,603,38,90
279,927,603,38,90
280,927,603,38,90
281,930,603,38,90
282,936,604,38,90
283,936,604,38,90
284,939,604,38,90
285,946,605,38,90
286,946,605,38,90
287,953,605,38,90
288,957,605,38,90
289,957,605,38,90
290,963,605,38,90
291,966,605,38,90
292,966,605,38,90
293,972,605,38,90
294,975,605,38,90
295,975,605,38,90
296,981,605,38,90
297,984,605,38,90
298,984,605,38,90
299,995,606,38,90
300,999,606,38,90
301,999,606,38,90
302,1002,606,38,90
303,1006,606,38,90
304,1006,606,38,90
305,1013,607,38,90
306,1016,607,38,90
307,1016,607,38,90
308,1022,607,38,90
309,1026,607,38,90
310,1026,607,38,90
311,1032,608,38,90
312,1039,609,38,90
313,1039,609,38,90
314,1042,609,38,90
315,1049,609,38,90
316,1049,609,38,90
317,1052,609,38,90
318,1058,609,38,90
319,1058,609,38,90
320,1061,609,38,90
321,1067,609,38,90
322,1067,609,38,90
323,1070,609,38,90
324,1076,610,38,90
325,1076,610,38,90
326,1079,610,38,90
327,1086,611,38,90
328,1086,611,38,90
329,1090,611,38,90
330,1097,611,38,90
331,1097,611,38,90
332,1101,611,38,90
333,1108,611,38,90
334,1108,611,38,90
335,1111,611,38,90
336,1117,612,38,90
337,1117,612,38,90
338,1123,613,38,90
339,1126,613,38,90
340,1126,613,38,90
341,1132,614,38,90
342,1136,614,38,90
343,1136,614,38,90
344,1143,615,38,90
345,1146,615,38,90
346,1146,615,38,90
347,1152,615,38,90
348,1155,615,38,90
349,1155,615,38,90
350,1162,616,38,90
351,1165,616,38,90
352,1165,616,38,90
353,1171,617,38,90
