11-Occlusion 7
49,705,522,81,81
50,704,522,81,81
51,702,522,81,81
52,701,521,81,81
53,700,520,81,81
54,700,519,81,81
55,700,519,81,81
56,700,518,81,81
57,700,517,81,81
58,699,517,81,81
59,697,516,81,81
60,693,515,81,81
61,693,515,81,81
62,689,514,81,81
63,685,513,81,81
64,682,511,81,81
65,591,516,81,81
66,500,524,81,81
67,500,524,81,81
68,407,533,81,81
69,305,544,81,81
70,1395,503,81,81
71,1311,510,81,81
72,1224,519,81,81
73,1224,519,81,81
74,1138,527,81,81
75,1055,537,81,81
76,978,548,81,81
77,895,560,81,81
78,802,574,81,81
79,802,574,81,81
80,712,588,81,81
81,1404,176,81,81
82,1312,187,81,81
83,1246,196,81,81
84,1164,206,81,81
85,1164,206,81,81
86,1092,217,81,81
87,1006,229,81,81
88,919,240,81,81
89,843,252,81,81
90,756,267,81,81
91,756,267,81,81
92,665,284,81,81
93,569,298,81,81
94,469,308,81,81
95,293,340,81,81
96,232,354,81,81
97,232,354,81,81
98,1118,567,81,81
99,1011,589,81,81
100,915,608,81,81
101,811,630,81,81
102,693,653,81,81
103,695,653,81,81
104,718,636,81,81
105,604,659,81,81
106,713,601,81,81
107,744,582,81,81
108,723,579,81,81
109,723,579,81,81
110,676,583,81,81
111,548,613,81,81
112,498,621,81,81
113,566,594,81,81
114,567,586,81,81
115,567,586,81,81
116,543,586,81,81
117,499,591,81,81
118,467,587,81,81
119,360,617,81,81
120,247,649,81,81
121,247,649,81,81
122,1664,293,81,81
123,1568,324,81,81
124,1462,357,81,81
125,1363,391,81,81
126,1283,426,81,81
127,1283,426,81,81
128,1208,462,81,81
129,1119,501,81,81
130,1031,543,81,81
131,935,583,81,81
132,841,629,81,81
133,841,629,81,81
134,23,843,81,81
135,43,785,81,81
136,822,547,81,81
137,836,552,81,81
138,797,575,81,81
139,797,575,81,81
140,678,627,81,81
141,658,648,81,81
142,649,664,81,81
143,670,668,81,81
144,655,683,81,81
145,655,683,81,81
146,608,707,81,81
147,680,693,81,81
148,685,696,81,81
149,674,704,81,81
150,572,741,81,81
151,572,741,81,81
152,558,746,81,81
153,588,735,81,81
154,605,728,81,81
155,481,769,81,81
156,882,631,81,81
157,882,631,81,81
158,768,667,81,81
159,652,701,81,81
160,579,733,81,81
161,559,748,81,81
162,482,767,81,81
163,482,767,81,81
164,1634,53,81,81
165,1535,80,81,81
166,1443,103,81,81
167,1344,126,81,81
168,1251,148,81,81
169,1251,148,81,81
170,1151,169,81,81
171,1051,192,81,81
172,956,216,81,81
173,861,238,81,81
174,766,261,81,81
175,766,261,81,81
176,661,282,81,81
177,576,295,81,81
178,476,321,81,81
179,372,343,81,81
180,266,366,81,81
181,266,366,81,81
182,231,333,81,81
183,1367,493,81,81
184,1363,497,81,81
185,1275,523,81,81
186,1186,549,81,81
187,1186,549,81,81
188,1231,540,81,81
189,1222,544,81,81
190,1149,564,81,81
191,1156,564,81,81
192,1076,588,81,81
193,1076,588,81,81
194,977,616,81,81
195,923,633,81,81
196,937,633,81,81
197,853,656,81,81
198,636,711,81,81
199,636,711,81,81
200,538,738,81,81
201,567,735,81,81
202,470,762,81,81
203,401,781,81,81
204,192,833,81,81
205,192,833,81,81
206,167,841,81,81
207,186,861,81,81
208,270,825,81,81
209,375,804,81,81
210,372,808,81,81
211,372,808,81,81
212,348,817,81,81
213,314,827,81,81
214,272,839,81,81
215,328,826,81,81
216,307,833,81,81
217,307,833,81,81
218,341,828,81,81
219,269,848,81,81
220,230,859,81,81
221,239,859,81,81
222,215,866,81,81
223,215,866,81,81
224,1324,510,81,81
225,1241,534,81,81
226,1262,510,81,81
227,1194,527,81,81
228,1110,551,81,81
229,1110,551,81,81
230,1028,574,81,81
231,947,596,81,81
232,888,608,81,81
233,817,626,81,81
234,733,651,81,81
235,733,651,81,81
236,678,662,81,81
237,613,678,81,81
238,551,694,81,81
239,608,658,81,81
240,629,636,81,81
241,600,636,81,81
242,600,636,81,81
243,530,659,81,81
244,462,683,81,81
245,410,701,81,81
246,367,717,81,81
247,374,712,81,81
248,374,712,81,81
249,374,712,81,81
250,379,712,81,81
251,360,724,81,81
252,406,708,81,81
253,410,711,81,81
254,410,711,81,81
255,391,722,81,81
256,387,727,81,81
257,355,742,81,81
258,351,746,81,81
259,583,666,81,81
260,583,666,81,81
261,666,628,81,81
262,598,656,81,81
263,535,683,81,81
264,465,705,81,81
265,397,716,81,81
266,397,716,81,81
267,369,713,81,81
268,343,713,81,81
269,1567,365,81,81
270,1527,381,81,81
271,1483,398,81,81
272,1483,398,81,81
273,1435,413,81,81
274,1393,427,81,81
275,1349,440,81,81
276,1310,452,81,81
277,1258,465,81,81
278,1258,465,81,81
279,1205,478,81,81
280,1151,491,81,81
281,1095,502,81,81
282,1039,513,81,81
283,985,520,81,81
284,985,520,81,81
285,917,532,81,81
286,852,539,81,81
287,785,547,81,81
288,727,551,81,81
289,667,554,81,81
290,667,554,81,81
291,701,547,81,81
292,699,546,81,81
293,640,550,81,81
294,714,537,81,81
295,709,531,81,81
296,709,531,81,81
297,638,535,81,81
298,664,529,81,81
299,683,523,81,81
300,614,526,81,81
301,640,525,81,81
302,640,525,81,81
303,780,520,81,81
304,715,525,81,81
305,648,529,81,81
306,701,527,81,81
307,632,530,81,81
308,632,530,81,81
309,597,532,81,81
310,630,528,81,81
311,659,540,81,81
312,591,543,81,81
313,530,546,81,81
314,530,546,81,81
315,470,548,81,81
316,404,550,81,81
317,331,552,81,81
318,255,552,81,81
319,1579,526,81,81
320,1579,526,81,81
321,1534,530,81,81
322,1488,534,81,81
323,1442,539,81,81
324,1398,543,81,81
325,1352,547,81,81
326,1352,547,81,81
327,1304,550,81,81
328,1257,553,81,81
329,1208,556,81,81
330,1158,559,81,81
331,1109,561,81,81
332,1109,561,81,81
333,1056,562,81,81
334,1010,562,81,81
335,958,562,81,81
336,904,561,81,81
337,930,565,81,81
338,930,565,81,81
339,882,563,81,81
340,822,558,81,81
341,770,554,81,81
342,717,550,81,81
343,657,544,81,81
344,657,544,81,81
345,597,536,81,81
346,541,527,81,81
347,479,518,81,81
348,406,510,81,81
349,399,494,81,81
350,399,494,81,81
351,408,490,81,81
352,348,483,81,81
353,416,482,81,81
354,357,475,81,81
355,290,465,81,81
356,290,465,81,81
357,245,458,81,81
358,368,467,81,81
359,317,459,81,81
360,278,453,81,81
361,335,452,81,81
362,335,452,81,81
363,281,444,81,81
364,237,437,81,81
365,216,434,81,81
366,298,449,81,81
367,324,453,81,81
368,324,453,81,81
369,260,449,81,81
370,212,452,81,81
371,234,464,81,81
372,182,465,81,81
373,400,500,81,81
374,400,500,81,81
375,353,501,81,81
376,313,505,81,81
377,262,507,81,81
378,227,511,81,81
379,183,516,81,81
380,183,516,81,81
381,136,521,81,81
382,270,542,81,81
383,219,548,81,81
384,358,571,81,81
385,331,579,81,81
386,331,579,81,81
387,300,585,81,81
388,275,589,81,81
389,222,589,81,81
390,161,588,81,81
391,112,588,81,81
392,112,588,81,81
393,82,587,81,81
394,214,585,81,81
395,189,578,81,81
396,155,569,81,81
397,127,559,81,81
398,127,559,81,81
399,286,567,81,81
400,228,560,81,81
401,186,554,81,81
402,158,550,81,81
403,425,551,81,81
404,425,551,81,81
405,376,541,81,81
406,320,533,81,81
407,303,526,81,81
408,431,524,81,81
409,381,515,81,81
410,381,515,81,81
411,348,509,81,81
412,317,504,81,81
413,932,581,81,81
414,928,581,81,81
415,875,572,81,81
416,875,572,81,81
417,822,564,81,81
418,774,557,81,81
419,719,550,81,81
420,671,549,81,81
421,625,546,81,81
422,625,546,81,81
423,584,547,81,81
424,548,550,81,81
425,516,555,81,81
426,493,560,81,81
427,465,567,81,81
428,465,567,81,81
429,432,572,81,81
430,400,576,81,81
431,421,587,81,81
432,499,598,81,81
433,456,598,81,81
434,457,598,81,81
435,469,605,81,81
436,443,606,81,81
437,1141,700,81,81
438,1091,695,81,81
439,1045,692,81,81
440,999,689,81,81
441,999,689,81,81
442,1029,695,81,81
443,990,693,81,81
444,1009,698,81,81
445,986,700,81,81
446,945,699,81,81
447,945,699,81,81
448,902,698,81,81
449,854,697,81,81
450,804,696,81,81
451,754,695,81,81
452,704,695,81,81
453,704,695,81,81
454,653,694,81,81
455,588,694,81,81
456,536,694,81,81
457,483,695,81,81
458,427,696,81,81
459,427,696,81,81
460,369,696,81,81
461,313,697,81,81
462,273,699,81,81
463,223,702,81,81
464,178,704,81,81
465,178,704,81,81
466,291,712,81,81
467,232,714,81,81
468,253,718,81,81
469,267,722,81,81
470,291,728,81,81
471,291,728,81,81
472,263,732,81,81
473,407,732,81,81
474,356,732,81,81
475,299,732,81,81
476,1071,742,81,81
477,1071,742,81,81
478,1030,740,81,81
479,980,738,81,81
480,932,736,81,81
481,881,735,81,81
482,832,733,81,81
483,832,733,81,81
484,774,732,81,81
485,718,731,81,81
486,657,733,81,81
487,594,733,81,81
488,521,733,81,81
489,521,733,81,81
490,444,733,81,81
491,368,734,81,81
492,294,736,81,81
493,292,739,81,81
494,287,739,81,81
495,287,739,81,81
496,278,737,81,81
497,248,736,81,81
498,225,734,81,81
499,183,733,81,81
500,854,702,81,81
501,854,702,81,81
502,794,701,81,81
503,753,701,81,81
504,760,701,81,81
505,681,701,81,81
506,617,701,81,81
507,617,701,81,81
508,533,698,81,81
509,451,698,81,81
510,370,698,81,81
511,638,696,81,81
512,680,694,81,81
513,680,694,81,81
514,637,693,81,81
515,600,692,81,81
516,525,694,81,81
517,533,693,81,81
518,472,693,81,81
519,472,693,81,81
520,436,693,81,81
521,1428,670,81,81
522,1356,671,81,81
523,1287,672,81,81
524,1206,673,81,81
525,1206,673,81,81
526,1142,674,81,81
527,1072,675,81,81
528,994,676,81,81
529,925,677,81,81
530,859,679,81,81
531,859,679,81,81
532,784,679,81,81
533,708,679,81,81
534,623,679,81,81
535,559,680,81,81
536,479,681,81,81
537,479,681,81,81
538,425,681,81,81
539,383,680,81,81
540,1486,670,81,81
541,1421,670,81,81
542,1349,669,81,81
543,1349,669,81,81
544,1285,668,81,81
545,1221,667,81,81
546,1153,665,81,81
547,1094,664,81,81
548,1027,662,81,81
549,1027,662,81,81
550,957,660,81,81
551,893,659,81,81
552,818,657,81,81
553,743,654,81,81
554,660,651,81,81
555,660,651,81,81
556,580,648,81,81
557,496,645,81,81
558,432,641,81,81
559,368,637,81,81
560,400,639,81,81
561,400,639,81,81
562,308,636,81,81
563,317,629,81,81
564,222,626,81,81
565,122,623,81,81
566,240,615,81,81
567,240,615,81,81
568,186,609,81,81
569,161,603,81,81
570,73,599,81,81
571,339,593,81,81
572,513,597,81,81
573,513,597,81,81
574,528,593,81,81
575,427,590,81,81
576,353,588,81,81
577,371,584,81,81
578,360,581,81,81
579,360,581,81,81
580,296,579,81,81
581,257,577,81,81
582,253,574,81,81
583,219,573,81,81
584,1430,565,81,81
585,1430,565,81,81
586,1353,564,81,81
587,1271,563,81,81
588,1186,562,81,81
589,1181,562,81,81
590,1094,562,81,81
591,1094,562,81,81
592,1194,561,81,81
593,1106,560,81,81
594,1068,560,81,81
595,1173,558,81,81
596,1078,557,81,81
597,1078,557,81,81
598,1174,555,81,81
599,1169,552,81,81
600,1180,550,81,81
601,1086,548,81,81
602,1651,548,81,81
603,1651,548,81,81
604,1569,545,81,81
605,1487,542,81,81
606,1392,538,81,81
