11-Occlusion 3
1,1313,548,83,90
2,1307,558,83,90
3,1290,559,83,90
4,1264,552,83,90
5,1235,546,83,90
6,1205,534,83,90
7,1173,521,83,90
8,1135,516,83,90
9,1101,510,83,90
10,1070,499,83,90
11,1071,472,83,90
12,1080,455,83,90
13,1097,441,83,90
14,1123,424,83,90
15,1148,412,83,90
16,1171,395,83,90
17,1196,373,83,90
18,1602,227,83,90
19,1634,225,83,90
20,1629,238,83,90
21,1687,223,83,90
22,1717,227,83,90
23,1746,236,83,90
24,1711,322,83,90
25,1198,773,83,90
26,1303,781,83,90
27,1359,787,83,90
28,1407,792,83,90
29,1472,800,83,90
30,1504,817,83,90
31,1424,836,83,90
32,1438,841,83,90
33,1460,851,83,90
34,1488,868,83,90
35,1488,890,83,90
36,1536,905,83,90
37,1560,919,83,90
38,1512,935,83,90
39,1536,951,83,90
40,840,168,83,90
41,937,194,83,90
42,1129,218,83,90
43,1240,237,83,90
44,1329,249,83,90
45,1343,258,83,90
46,1412,261,83,90
47,1530,264,83,90
48,167,821,83,90
49,167,821,83,90
50,156,821,83,90
51,421,821,83,90
52,454,821,83,90
53,438,821,83,90
54,421,821,83,90
55,743,821,83,90
56,567,79,83,90
57,1670,597,83,90
58,1747,640,83,90
59,1604,685,83,90
60,1753,882,83,90
61,1548,637,83,90
62,108,174,83,90
63,230,214,83,90
64,328,257,83,90
65,416,309,83,90
66,500,365,83,90
67,1278,49,83,90
68,1247,36,83,90
69,1345,62,83,90
70,691,313,83,90
71,775,320,83,90
72,854,322,83,90
73,934,326,83,90
74,954,853,83,90
75,1032,854,83,90
76,1101,853,83,90
77,1158,852,83,90
78,1207,851,83,90
79,1251,853,83,90
80,1295,855,83,90
81,1338,863,83,90
82,1393,873,83,90
83,1449,880,83,90
84,1502,884,83,90
85,1553,889,83,90
86,1601,894,83,90
87,1665,898,83,90
88,1732,901,83,90
89,579,31,83,90
90,652,30,83,90
91,725,30,83,90
92,793,30,83,90
93,873,30,83,90
94,958,30,83,90
95,929,22,83,90
96,1011,5,83,90
97,1359,482,83,90
98,1757,426,83,90
99,1195,964,83,90
100,1211,911,83,90
101,1395,844,83,90
102,1410,795,83,90
103,1462,751,83,90
104,1508,716,83,90
105,1439,683,83,90
106,1511,649,83,90
107,1447,652,83,90
108,1508,617,83,90
109,974,749,83,90
110,1013,723,83,90
111,1116,696,83,90
112,1161,673,83,90
113,697,799,83,90
114,809,753,83,90
115,950,713,83,90
116,1070,673,83,90
