12-MovingCamera 18
4,627,322,76,96
5,568,288,76,96
6,134,124,76,96
7,116,96,76,96
8,61,54,76,96
9,45,54,76,96
10,34,54,76,96
11,37,54,76,96
12,32,54,76,96
13,18,54,76,96
14,4,54,76,96
15,0,54,76,96
16,0,54,76,96
17,79,54,76,96
18,69,54,76,96
19,69,53,76,96
20,70,53,76,96
21,67,50,76,96
22,65,47,76,96
23,82,49,76,96
24,73,49,76,96
25,91,52,76,96
26,113,52,76,96
27,162,55,76,96
28,38,55,76,96
29,44,55,76,96
30,47,55,76,96
31,77,55,76,96
32,91,55,76,96
33,91,55,76,96
34,120,55,76,96
35,138,55,76,96
36,163,55,76,96
37,164,55,76,96
38,218,55,76,96
39,214,55,76,96
40,201,55,76,96
41,164,55,76,96
42,189,55,76,96
43,178,55,76,96
44,186,55,76,96
45,243,55,76,96
46,279,55,76,96
47,250,55,76,96
48,266,55,76,96
49,297,55,76,96
50,281,55,76,96
51,282,55,76,96
52,250,55,76,96
53,252,55,76,96
