12-MovingCamera 20
76,326,481,61,76
77,340,426,61,76
78,345,404,61,76
79,366,434,61,76
80,400,411,61,76
81,412,413,61,76
82,404,464,61,76
83,410,506,61,76
84,404,493,61,76
85,384,485,61,76
86,365,497,61,76
87,361,494,61,76
88,356,490,61,76
89,352,490,61,76
90,375,491,61,76
91,392,456,61,76
92,372,443,61,76
93,352,439,61,76
94,353,403,61,76
95,340,388,61,76
96,324,404,61,76
97,330,433,61,76
98,304,457,61,76
99,172,123,61,76
100,171,171,61,76
101,173,177,61,76
102,40,323,61,76
103,24,314,61,76
104,42,367,61,76
105,56,392,61,76
106,861,588,61,76
107,863,564,61,76
108,907,640,61,76
109,878,623,61,76
110,807,592,61,76
111,815,579,61,76
112,831,580,61,76
113,830,573,61,76
114,850,538,61,76
115,866,559,61,76
116,886,573,61,76
117,878,571,61,76
118,853,535,61,76
119,535,179,61,76
120,539,185,61,76
121,563,234,61,76
122,577,242,61,76
123,557,216,61,76
124,572,238,61,76
125,590,296,61,76
126,572,291,61,76
127,560,299,61,76
128,575,342,61,76
129,568,369,61,76
130,553,345,61,76
131,547,353,61,76
132,538,381,61,76
133,527,380,61,76
134,517,356,61,76
135,511,349,61,76
136,506,322,61,76
137,496,301,61,76
138,494,274,61,76
139,492,269,61,76
140,492,312,61,76
141,496,308,61,76
142,486,281,61,76
143,481,286,61,76
144,488,298,61,76
145,497,295,61,76
146,511,295,61,76
