12-MovingCamera 21
100,1079,149,91,74
101,1088,151,91,74
102,1095,178,91,74
103,1097,213,91,74
104,1097,225,91,74
105,1085,230,91,74
106,1074,240,91,74
107,1064,259,91,74
108,1029,302,91,74
109,1002,354,91,74
110,1091,200,91,74
111,1098,244,91,74
112,1102,238,91,74
113,1101,229,91,74
114,157,340,91,74
115,150,317,91,74
116,130,294,91,74
117,134,265,91,74
118,121,238,91,74
119,92,239,91,74
120,72,255,91,74
121,59,244,91,74
122,42,35,91,74
123,27,46,91,74
124,29,56,91,74
125,14,62,91,74
126,32,63,91,74
127,57,78,91,74
128,66,68,91,74
129,77,94,91,74
130,65,78,91,74
131,71,78,91,74
132,71,70,91,74
133,58,57,91,74
134,63,63,91,74
135,73,44,91,74
136,91,62,91,74
137,119,62,91,74
138,107,78,91,74
139,102,93,91,74
140,98,110,91,74
141,67,130,91,74
142,37,162,91,74
143,46,99,91,74
144,1,108,91,74
145,27,87,91,74
146,55,87,91,74
147,116,85,91,74
148,92,74,91,74
149,73,68,91,74
150,82,64,91,74
151,77,56,91,74
152,60,67,91,74
153,28,71,91,74
154,14,90,91,74
155,96,94,91,74
156,90,97,91,74
157,95,84,91,74
158,99,93,91,74
159,104,78,91,74
160,142,88,91,74
161,161,72,91,74
162,1050,556,91,74
163,1057,544,91,74
164,1047,545,91,74
165,942,537,91,74
166,955,562,91,74
167,956,568,91,74
168,972,191,91,74
169,972,193,91,74
170,971,193,91,74
171,965,209,91,74
172,954,185,91,74
173,954,177,91,74
174,978,169,91,74
175,975,164,91,74
176,975,164,91,74
177,984,150,91,74
178,1044,35,91,74
179,1028,20,91,74
180,1012,49,91,74
181,1021,68,91,74
182,1038,47,91,74
183,1023,68,91,74
184,1039,79,91,74
185,927,95,91,74
186,917,87,91,74
187,869,87,91,74
188,869,87,91,74
189,869,87,91,74
190,869,87,91,74
191,869,87,91,74
192,869,87,91,74
193,869,87,91,74
194,852,52,91,74
195,852,49,91,74
196,791,52,91,74
197,807,63,91,74
198,855,57,91,74
199,897,73,91,74
200,891,73,91,74
201,853,63,91,74
202,853,45,91,74
203,848,45,91,74
204,735,68,91,74
205,725,84,91,74
206,729,76,91,74
207,743,62,91,74
208,759,60,91,74
209,794,52,91,74
210,858,39,91,74
211,859,39,91,74
212,859,39,91,74
213,890,28,91,74
214,853,20,91,74
215,853,20,91,74
216,853,20,91,74
217,853,20,91,74
218,812,12,91,74
219,748,2,91,74
220,645,26,91,74
221,652,12,91,74
222,652,10,91,74
223,677,2,91,74
224,714,2,91,74
225,1126,180,91,74
226,1121,151,91,74
227,1128,165,91,74
228,1105,178,91,74
229,1124,197,91,74
230,1136,241,91,74
231,1131,237,91,74
232,1130,224,91,74
233,1132,245,91,74
234,1140,251,91,74
235,1137,260,91,74
236,1138,316,91,74
237,908,47,91,74
238,908,47,91,74
239,875,83,91,74
240,875,80,91,74
241,1034,33,91,74
242,1034,44,91,74
243,1034,62,91,74
244,1030,60,91,74
245,1009,54,91,74
246,881,31,91,74
247,881,31,91,74
248,805,23,91,74
249,805,23,91,74
250,805,23,91,74
251,805,23,91,74
252,781,23,91,74
253,717,20,91,74
254,749,253,91,74
255,773,253,91,74
256,775,222,91,74
257,802,195,91,74
258,860,151,91,74
259,462,52,91,74
260,458,20,91,74
261,486,43,91,74
262,514,42,91,74
263,909,95,91,74
264,900,91,91,74
265,919,101,91,74
266,887,100,91,74
267,866,74,91,74
268,830,94,91,74
269,894,233,91,74
270,877,248,91,74
