12-MovingCamera 7
1,916,113,61,82
2,916,113,61,82
3,916,113,61,82
4,916,112,61,82
5,916,111,61,82
6,916,111,61,82
7,916,112,61,82
8,917,112,61,82
9,918,112,61,82
10,919,113,61,82
11,920,114,61,82
12,921,115,61,82
13,922,116,61,82
14,924,117,61,82
15,926,118,61,82
16,928,119,61,82
17,930,118,61,82
18,932,117,61,82
19,934,116,61,82
20,935,114,61,82
21,936,113,61,82
22,936,112,61,82
23,936,111,61,82
24,936,110,61,82
25,936,109,61,82
26,935,109,61,82
27,934,109,61,82
28,933,109,61,82
29,932,109,61,82
30,931,110,61,82
31,929,111,61,82
32,927,111,61,82
33,925,112,61,82
34,923,114,61,82
35,921,115,61,82
36,918,116,61,82
37,915,117,61,82
38,912,118,61,82
39,909,118,61,82
40,907,116,61,82
41,905,115,61,82
42,904,114,61,82
43,903,113,61,82
44,903,113,61,82
45,902,113,61,82
46,902,113,61,82
47,902,113,61,82
48,902,113,61,82
49,902,113,61,82
50,902,113,61,82
51,902,113,61,82
52,902,113,61,82
53,902,114,61,82
54,903,115,61,82
55,904,116,61,82
56,905,117,61,82
57,906,118,61,82
58,908,119,61,82
59,910,120,61,82
60,912,121,61,82
61,914,120,61,82
62,916,120,61,82
63,918,119,61,82
64,920,118,61,82
65,921,118,61,82
66,921,117,61,82
67,921,117,61,82
68,921,116,61,82
69,920,115,61,82
70,920,115,61,82
71,919,115,61,82
72,918,115,61,82
73,917,115,61,82
74,916,115,61,82
75,914,116,61,82
76,912,117,61,82
77,909,118,61,82
78,906,120,61,82
79,903,122,61,82
80,900,123,61,82
81,897,124,61,82
82,894,125,61,82
83,891,124,61,82
84,887,122,61,82
85,884,121,61,82
86,881,120,61,82
87,879,120,61,82
88,877,119,61,82
89,875,119,61,82
90,874,119,61,82
91,873,119,61,82
92,872,118,61,82
93,871,118,61,82
94,870,118,61,82
95,869,118,61,82
96,869,118,61,82
97,869,118,61,82
98,869,118,61,82
99,869,118,61,82
100,870,118,61,82
101,871,118,61,82
102,872,119,61,82
103,873,120,61,82
104,874,121,61,82
105,875,122,61,82
106,877,122,61,82
107,879,121,61,82
108,881,120,61,82
109,883,118,61,82
110,885,117,61,82
111,887,116,61,82
112,889,115,61,82
113,890,115,61,82
114,891,115,61,82
115,892,114,61,82
116,892,113,61,82
117,892,112,61,82
118,892,112,61,82
119,892,112,61,82
120,892,112,61,82
121,892,112,61,82
122,892,112,61,82
123,892,112,61,82
124,891,113,61,82
125,890,114,61,82
126,889,115,61,82
127,888,116,61,82
128,887,116,61,82
129,886,117,61,82
130,885,118,61,82
