13-ZoomingCamera 18
21,699,388,68,71
22,697,388,68,71
23,695,388,68,71
24,694,386,68,71
25,693,386,68,71
26,692,386,68,71
27,692,386,68,71
28,692,386,68,71
29,692,386,68,71
30,693,386,68,71
31,693,386,68,71
32,692,386,68,71
33,691,386,68,71
34,690,386,68,71
35,689,386,68,71
36,688,387,68,71
37,688,388,68,71
38,687,389,68,71
39,686,389,68,71
40,685,389,68,71
41,684,389,68,71
42,683,389,68,71
43,682,389,68,71
44,681,389,68,71
45,680,389,68,71
46,680,450,68,71
47,661,440,68,71
48,639,430,68,71
49,618,422,68,71
50,605,416,68,71
51,600,414,68,71
52,601,415,68,71
53,605,419,68,71
54,611,424,68,71
55,616,428,68,71
56,620,426,68,71
57,622,420,68,71
58,624,416,68,71
59,627,416,68,71
60,628,418,68,71
61,629,422,68,71
62,632,426,68,71
63,634,427,68,71
64,635,425,68,71
65,635,421,68,71
66,633,417,68,71
67,631,416,68,71
68,628,418,68,71
69,625,424,68,71
70,622,432,68,71
71,620,438,68,71
72,620,441,68,71
73,620,443,68,71
74,619,443,68,71
75,618,443,68,71
76,616,443,68,71
77,613,443,68,71
78,608,444,68,71
79,605,444,68,71
80,604,444,68,71
81,602,444,68,71
82,601,446,68,71
83,600,450,68,71
84,600,454,68,71
85,601,459,68,71
86,602,463,68,71
87,605,465,68,71
88,609,463,68,71
89,608,457,68,71
90,598,447,68,71
91,583,437,68,71
92,563,425,68,71
93,546,419,68,71
94,529,419,68,71
95,511,419,68,71
