13-ZoomingCamera 11
1,339,225,230,142
2,339,225,230,142
3,339,224,230,142
4,340,223,230,142
5,340,220,230,142
6,340,219,230,142
7,339,217,230,142
8,338,216,230,142
9,338,214,230,142
10,338,213,230,142
11,338,213,230,142
12,339,212,230,142
13,339,210,230,142
14,339,210,230,142
15,339,210,230,142
16,339,209,230,142
17,340,209,230,142
18,339,208,230,142
19,339,207,230,142
20,340,207,230,142
21,341,207,230,142
22,340,207,230,142
23,341,206,230,142
24,341,206,230,142
25,340,207,230,142
26,340,217,230,142
27,342,221,230,142
28,342,228,230,142
29,342,230,230,142
30,342,232,230,142
31,342,234,230,142
32,341,235,230,142
33,337,235,230,142
34,345,234,230,142
35,338,233,230,142
36,313,231,230,142
37,309,231,230,142
38,324,231,230,142
39,336,230,230,142
40,332,229,230,142
41,327,229,230,142
42,328,229,230,142
43,327,228,230,142
44,327,227,230,142
45,327,227,230,142
46,325,227,230,142
47,327,226,230,142
48,325,226,230,142
49,317,227,230,142
50,314,225,230,142
51,310,224,230,142
52,306,224,230,142
53,301,224,230,142
54,297,224,230,142
55,293,225,230,142
56,290,224,230,142
57,285,224,230,142
58,282,223,230,142
59,278,222,230,142
60,275,221,230,142
61,271,219,230,142
62,268,217,230,142
63,264,215,230,142
64,261,213,230,142
65,261,212,230,142
66,265,211,230,142
67,265,210,230,142
68,271,209,230,142
69,274,209,230,142
70,273,208,230,142
71,272,207,230,142
72,270,207,230,142
73,268,207,230,142
74,268,208,230,142
75,267,206,230,142
76,265,205,230,142
77,264,204,230,142
78,262,204,230,142
79,260,203,230,142
80,257,200,230,142
81,257,196,230,142
82,257,193,230,142
83,257,189,230,142
84,255,186,230,142
85,254,183,230,142
86,254,183,230,142
87,253,180,230,142
88,253,179,230,142
89,264,177,230,142
90,271,176,230,142
91,265,175,230,142
92,263,173,230,142
93,263,173,230,142
94,262,174,230,142
95,263,176,230,142
96,264,179,230,142
97,266,181,230,142
98,267,184,230,142
99,270,190,230,142
100,272,202,230,142
101,273,213,230,142
102,273,220,230,142
103,274,229,230,142
104,275,238,230,142
105,274,242,230,142
106,280,249,230,142
107,286,258,230,142
108,286,263,230,142
109,288,265,230,142
110,289,267,230,142
111,296,269,230,142
112,298,274,230,142
113,300,279,230,142
114,301,283,230,142
115,304,288,230,142
116,310,289,230,142
117,317,292,230,142
118,317,294,230,142
119,319,295,230,142
120,321,296,230,142
121,319,297,230,142
122,319,298,230,142
123,321,298,230,142
124,323,296,230,142
125,323,296,230,142
126,322,294,230,142
127,321,293,230,142
128,321,292,230,142
129,321,291,230,142
130,319,290,230,142
131,317,288,230,142
132,319,287,230,142
133,318,287,230,142
134,319,291,230,142
135,320,295,230,142
136,320,299,230,142
137,320,298,230,142
138,319,297,230,142
139,317,296,230,142
140,318,295,230,142
141,322,296,230,142
142,322,297,230,142
143,320,297,230,142
144,318,296,230,142
145,318,295,230,142
146,322,294,230,142
147,325,291,230,142
148,324,289,230,142
149,327,286,230,142
150,334,284,230,142
151,341,294,230,142
152,340,309,230,142
153,342,314,230,142
154,342,314,230,142
155,342,320,230,142
156,340,321,230,142
157,338,322,230,142
158,336,322,230,142
159,332,322,230,142
160,343,322,230,142
161,354,322,230,142
162,350,321,230,142
163,346,321,230,142
164,345,321,230,142
165,334,319,230,142
166,325,318,230,142
167,331,317,230,142
168,342,315,230,142
169,348,312,230,142
170,335,305,230,142
171,323,295,230,142
172,318,284,230,142
173,316,275,230,142
174,311,269,230,142
175,307,274,230,142
176,306,274,230,142
177,306,271,230,142
178,307,263,230,142
179,320,244,230,142
180,322,219,230,142
181,326,192,230,142
182,332,174,230,142
183,338,156,230,142
184,345,130,230,142
185,342,127,230,142
186,341,139,230,142
187,352,137,230,142
188,370,125,230,142
189,365,110,230,142
190,347,94,230,142
191,338,81,230,142
192,340,66,230,142
193,345,52,230,142
194,348,45,230,142
195,346,49,230,142
196,333,59,230,142
197,329,68,230,142
198,333,69,230,142
199,335,66,230,142
200,333,62,230,142
201,332,66,230,142
202,335,68,230,142
203,340,72,230,142
204,344,82,230,142
205,349,103,230,142
206,353,123,230,142
207,358,143,230,142
208,362,162,230,142
209,353,180,230,142
210,362,197,230,142
211,378,198,230,142
212,376,195,230,142
213,358,193,230,142
214,340,196,230,142
215,338,199,230,142
216,349,197,230,142
217,351,194,230,142
218,340,200,230,142
219,332,208,230,142
220,328,212,230,142
221,322,218,230,142
222,317,227,230,142
223,314,233,230,142
224,313,237,230,142
225,318,241,230,142
226,323,244,230,142
227,327,244,230,142
228,331,240,230,142
229,332,238,230,142
230,335,237,230,142
231,334,238,230,142
232,332,245,230,142
233,338,249,230,142
234,340,251,230,142
235,340,254,230,142
236,338,260,230,142
237,328,264,230,142
238,321,268,230,142
239,328,274,230,142
240,333,280,230,142
241,331,284,230,142
242,330,291,230,142
243,328,296,230,142
244,327,297,230,142
245,329,298,230,142
246,331,300,230,142
247,334,300,230,142
248,336,298,230,142
249,337,301,230,142
250,337,299,230,142
251,339,300,230,142
252,340,303,230,142
253,340,304,230,142
254,341,305,230,142
255,337,298,230,142
256,329,298,230,142
257,322,294,230,142
258,323,285,230,142
259,330,271,230,142
260,328,264,230,142
261,317,259,230,142
262,313,254,230,142
263,321,240,230,142
264,318,232,230,142
265,319,226,230,142
266,320,219,230,142
267,320,216,230,142
268,320,209,230,142
269,318,201,230,142
270,319,196,230,142
271,321,194,230,142
272,324,192,230,142
273,327,192,230,142
274,329,191,230,142
275,329,189,230,142
276,330,188,230,142
277,330,186,230,142
278,328,186,230,142
279,326,184,230,142
280,324,184,230,142
281,322,184,230,142
282,321,182,230,142
283,314,181,230,142
284,307,180,230,142
285,302,179,230,142
286,298,179,230,142
287,296,180,230,142
288,291,179,230,142
289,288,179,230,142
290,288,177,230,142
291,275,177,230,142
292,276,178,230,142
293,270,178,230,142
294,271,178,230,142
295,267,177,230,142
296,263,177,230,142
297,257,178,230,142
298,252,180,230,142
299,250,180,230,142
300,254,183,230,142
301,260,184,230,142
302,267,184,230,142
303,273,184,230,142
304,279,183,230,142
305,277,183,230,142
306,272,182,230,142
307,267,182,230,142
308,263,182,230,142
309,259,182,230,142
310,254,181,230,142
311,250,179,230,142
312,247,178,230,142
313,244,177,230,142
314,248,176,230,142
315,253,175,230,142
316,254,174,230,142
317,254,171,230,142
318,255,169,230,142
319,260,168,230,142
320,265,166,230,142
321,271,165,230,142
322,277,165,230,142
323,279,165,230,142
324,283,165,230,142
325,294,165,230,142
326,301,164,230,142
327,302,164,230,142
328,308,163,230,142
329,308,162,230,142
330,306,162,230,142
331,304,162,230,142
332,301,160,230,142
333,299,158,230,142
334,297,158,230,142
335,296,157,230,142
336,297,157,230,142
337,295,156,230,142
338,295,156,230,142
339,294,156,230,142
340,293,156,230,142
341,291,156,230,142
342,290,156,230,142
343,289,157,230,142
344,287,157,230,142
345,285,159,230,142
346,283,159,230,142
347,283,160,230,142
348,281,162,230,142
349,278,163,230,142
350,278,164,230,142
351,276,166,230,142
352,274,167,230,142
353,272,168,230,142
354,270,170,230,142
355,267,172,230,142
356,264,174,230,142
357,262,175,230,142
358,259,176,230,142
359,256,179,230,142
360,254,181,230,142
361,252,184,230,142
362,250,187,230,142
363,248,189,230,142
364,246,191,230,142
365,245,193,230,142
366,243,195,230,142
367,242,197,230,142
368,240,199,230,142
369,238,201,230,142
370,237,203,230,142
371,236,205,230,142
372,234,207,230,142
373,232,211,230,142
374,230,216,230,142
375,228,219,230,142
376,227,224,230,142
377,226,228,230,142
378,226,231,230,142
379,225,234,230,142
380,224,237,230,142
381,225,240,230,142
382,225,243,230,142
383,225,245,230,142
384,223,248,230,142
385,223,250,230,142
386,223,253,230,142
387,219,256,230,142
388,212,259,230,142
389,202,261,230,142
390,196,264,230,142
391,192,266,230,142
392,187,268,230,142
393,179,270,230,142
394,175,272,230,142
395,174,275,230,142
396,170,275,230,142
397,169,278,230,142
398,167,279,230,142
399,164,282,230,142
400,162,283,230,142
401,162,284,230,142
402,163,286,230,142
403,164,288,230,142
404,165,289,230,142
405,164,291,230,142
406,166,292,230,142
407,169,294,230,142
408,171,295,230,142
409,171,297,230,142
410,170,299,230,142
411,170,299,230,142
412,171,301,230,142
413,174,301,230,142
414,174,302,230,142
415,173,302,230,142
416,173,303,230,142
417,176,303,230,142
418,172,304,230,142
419,173,304,230,142
420,171,304,230,142
421,172,304,230,142
422,173,305,230,142
423,173,304,230,142
424,175,304,230,142
425,178,304,230,142
426,183,304,230,142
427,186,304,230,142
428,187,304,230,142
429,188,305,230,142
430,190,306,230,142
431,194,307,230,142
432,191,307,230,142
433,188,307,230,142
434,185,306,230,142
435,185,304,230,142
436,183,300,230,142
437,183,296,230,142
438,181,294,230,142
439,178,290,230,142
440,177,286,230,142
441,175,283,230,142
442,175,277,230,142
443,174,273,230,142
444,167,269,230,142
445,162,266,230,142
446,161,263,230,142
447,162,261,230,142
448,161,259,230,142
449,156,257,230,142
450,155,255,230,142
451,155,252,230,142
452,155,249,230,142
453,154,247,230,142
454,149,245,230,142
455,144,243,230,142
456,142,242,230,142
457,142,240,230,142
458,142,238,230,142
459,140,238,230,142
460,137,235,230,142
461,136,233,230,142
462,137,231,230,142
463,138,229,230,142
464,138,229,230,142
465,135,229,230,142
466,133,228,230,142
467,134,227,230,142
468,133,225,230,142
469,133,224,230,142
470,131,222,230,142
471,125,221,230,142
472,121,220,230,142
473,115,219,230,142
474,109,217,230,142
475,107,215,230,142
476,105,213,230,142
477,104,211,230,142
478,102,209,230,142
479,103,207,230,142
480,102,206,230,142
481,101,204,230,142
482,103,202,230,142
483,102,200,230,142
484,103,198,230,142
485,104,196,230,142
486,106,194,230,142
487,108,193,230,142
488,111,192,230,142
489,114,190,230,142
490,117,189,230,142
491,121,187,230,142
492,122,186,230,142
493,126,185,230,142
494,128,184,230,142
495,130,183,230,142
496,133,183,230,142
497,136,183,230,142
498,140,184,230,142
499,143,186,230,142
500,146,187,230,142
501,151,187,230,142
502,155,188,230,142
503,157,190,230,142
504,158,190,230,142
505,159,191,230,142
506,161,191,230,142
507,162,192,230,142
508,163,192,230,142
509,162,192,230,142
510,162,192,230,142
511,161,193,230,142
512,161,193,230,142
513,161,194,230,142
514,161,196,230,142
515,163,197,230,142
516,163,200,230,142
517,165,201,230,142
518,167,202,230,142
519,168,202,230,142
520,169,202,230,142
521,170,201,230,142
522,171,200,230,142
523,171,200,230,142
524,170,198,230,142
525,170,197,230,142
526,171,197,230,142
527,173,196,230,142
528,171,195,230,142
529,171,194,230,142
530,171,194,230,142
531,173,193,230,142
532,175,192,230,142
533,176,192,230,142
534,178,191,230,142
535,180,191,230,142
536,181,190,230,142
537,183,189,230,142
538,183,189,230,142
539,183,187,230,142
540,184,187,230,142
541,183,186,230,142
542,182,185,230,142
543,180,185,230,142
544,177,186,230,142
545,172,186,230,142
546,168,186,230,142
547,165,186,230,142
548,161,186,230,142
549,157,186,230,142
550,154,186,230,142
551,151,186,230,142
552,150,187,230,142
553,149,188,230,142
554,148,187,230,142
555,147,189,230,142
556,147,190,230,142
557,147,191,230,142
558,149,192,230,142
559,149,193,230,142
560,151,194,230,142
561,152,195,230,142
562,153,197,230,142
563,155,197,230,142
564,157,195,230,142
565,158,194,230,142
566,159,192,230,142
567,161,190,230,142
568,163,181,230,142
569,164,175,230,142
570,167,172,230,142
571,169,170,230,142
572,173,172,230,142
573,176,168,230,142
574,181,167,230,142
575,184,165,230,142
576,188,164,230,142
577,193,164,230,142
578,197,164,230,142
579,201,164,230,142
580,205,164,230,142
581,209,164,230,142
582,213,165,230,142
583,216,165,230,142
584,219,165,230,142
585,220,165,230,142
586,221,165,230,142
587,221,165,230,142
588,221,165,230,142
589,221,164,230,142
590,221,164,230,142
591,221,164,230,142
592,221,165,230,142
593,221,164,230,142
594,222,164,230,142
595,223,163,230,142
596,224,163,230,142
597,226,163,230,142
598,228,163,230,142
599,230,162,230,142
600,232,159,230,142
601,234,159,230,142
602,238,159,230,142
603,240,158,230,142
604,243,154,230,142
605,248,153,230,142
606,250,152,230,142
607,253,150,230,142
608,256,148,230,142
609,261,142,230,142
610,264,140,230,142
611,251,134,230,142
612,243,130,230,142
613,245,128,230,142
614,246,125,230,142
615,245,123,230,142
616,241,123,230,142
617,234,123,230,142
618,226,121,230,142
619,221,120,230,142
620,215,121,230,142
621,216,118,230,142
622,209,116,230,142
623,200,115,230,142
624,192,115,230,142
625,185,116,230,142
626,177,114,230,142
627,178,114,230,142
628,189,115,230,142
629,194,112,230,142
630,203,111,230,142
631,220,113,230,142
632,223,114,230,142
633,210,111,230,142
634,174,112,230,142
635,171,112,230,142
636,161,113,230,142
637,165,111,230,142
638,171,111,230,142
639,171,111,230,142
640,175,110,230,142
641,185,109,230,142
642,195,108,230,142
643,199,109,230,142
644,205,108,230,142
645,204,108,230,142
646,198,107,230,142
647,192,107,230,142
648,185,106,230,142
649,180,105,230,142
650,175,106,230,142
651,169,105,230,142
652,165,105,230,142
653,158,107,230,142
654,153,108,230,142
655,150,109,230,142
656,145,110,230,142
657,149,110,230,142
658,150,111,230,142
659,152,111,230,142
660,153,111,230,142
661,157,110,230,142
662,161,109,230,142
663,165,106,230,142
664,171,105,230,142
665,177,104,230,142
666,182,103,230,142
667,188,103,230,142
668,192,103,230,142
669,195,103,230,142
670,198,103,230,142
671,201,104,230,142
672,204,102,230,142
673,209,103,230,142
674,210,103,230,142
675,215,103,230,142
676,218,103,230,142
677,218,102,230,142
678,217,102,230,142
679,215,102,230,142
680,214,100,230,142
681,213,100,230,142
682,210,98,230,142
683,208,98,230,142
684,207,97,230,142
685,205,96,230,142
686,204,95,230,142
687,203,95,230,142
688,201,94,230,142
689,200,94,230,142
690,198,94,230,142
691,196,94,230,142
692,194,95,230,142
693,191,95,230,142
694,190,96,230,142
695,188,97,230,142
696,185,99,230,142
697,183,100,230,142
698,181,101,230,142
699,179,102,230,142
700,177,103,230,142
701,175,104,230,142
702,172,105,230,142
703,167,106,230,142
704,162,105,230,142
705,156,105,230,142
706,153,105,230,142
707,150,105,230,142
708,148,106,230,142
