13-ZoomingCamera 25
1,987,413,152,74
2,984,412,152,74
3,980,411,152,74
4,977,410,152,74
5,973,408,152,74
6,969,406,152,74
7,965,403,152,74
8,961,400,152,74
9,957,398,152,74
10,954,396,152,74
11,950,393,152,74
12,947,391,152,74
13,945,389,152,74
14,943,386,152,74
15,941,384,152,74
16,940,381,152,74
17,941,379,152,74
18,940,377,152,74
19,940,374,152,74
20,939,372,152,74
21,939,369,152,74
22,939,367,152,74
23,939,364,152,74
24,939,363,152,74
25,939,361,152,74
26,939,359,152,74
27,939,357,152,74
28,939,355,152,74
29,939,352,152,74
30,938,350,152,74
31,939,348,152,74
32,939,346,152,74
33,939,343,152,74
34,940,342,152,74
35,942,339,152,74
36,945,337,152,74
37,950,335,152,74
38,956,333,152,74
39,963,330,152,74
40,971,328,152,74
41,979,325,152,74
42,986,323,152,74
43,993,320,152,74
44,999,317,152,74
45,1004,314,152,74
46,1008,311,152,74
47,1012,308,152,74
48,1016,306,152,74
49,1021,303,152,74
50,1026,301,152,74
51,1031,297,152,74
52,1037,294,152,74
53,1043,290,152,74
54,1049,287,152,74
55,1056,283,152,74
56,1063,281,152,74
57,1069,278,152,74
58,1074,276,152,74
59,1078,273,152,74
60,1082,271,152,74
61,1087,267,152,74
62,1092,265,152,74
63,1098,261,152,74
64,1105,260,152,74
65,1114,259,152,74
66,1125,260,152,74
67,1137,261,152,74
68,1149,265,152,74
69,1163,267,152,74
70,1177,273,152,74
71,1193,276,152,74
72,1208,280,152,74
73,1225,280,152,74
74,1241,281,152,74
75,1258,278,152,74
76,1278,279,152,74
77,1300,278,152,74
78,1320,281,152,74
79,1338,282,152,74
80,1352,286,152,74
81,1367,287,152,74
82,1379,290,152,74
83,1394,291,152,74
84,1406,294,152,74
85,1418,295,152,74
86,1429,296,152,74
87,1443,294,152,74
88,1455,291,152,74
89,1467,285,152,74
90,1477,279,152,74
91,1487,272,152,74
92,1495,265,152,74
93,1502,258,152,74
94,1506,250,152,74
95,1508,241,152,74
96,1506,234,152,74
97,1504,226,152,74
98,1502,220,152,74
99,1501,211,152,74
100,1497,204,152,74
101,1494,196,152,74
102,1491,190,152,74
103,1488,183,152,74
104,1486,179,152,74
105,1488,176,152,74
106,1492,178,152,74
107,1498,183,152,74
108,1503,194,152,74
109,1508,208,152,74
110,1514,226,152,74
111,1519,245,152,74
112,1522,270,152,74
113,1519,296,152,74
114,1512,324,152,74
115,1502,350,152,74
116,1492,372,152,74
117,1481,389,152,74
118,1469,403,152,74
119,1456,412,152,74
120,1441,417,152,74
