13-ZoomingCamera 12
31,250,159,56,43
32,249,158,56,43
33,248,158,56,43
34,248,156,56,43
35,247,154,56,43
36,246,153,56,43
37,244,151,56,43
38,242,150,56,43
39,239,149,56,43
40,236,149,56,43
41,234,149,56,43
42,232,149,56,43
43,230,149,56,43
44,227,149,56,43
45,224,149,56,43
46,222,148,56,43
47,220,147,56,43
48,217,146,56,43
49,214,146,56,43
50,211,146,56,43
51,208,146,56,43
52,206,145,56,43
53,204,144,56,43
54,202,143,56,43
55,200,143,56,43
56,197,143,56,43
57,195,143,56,43
58,193,143,56,43
59,191,143,56,43
60,189,143,56,43
61,188,143,56,43
62,188,143,56,43
63,188,143,56,43
64,187,143,56,43
65,186,143,56,43
66,185,143,56,43
67,184,143,56,43
68,183,143,56,43
69,182,142,56,43
70,181,142,56,43
71,180,142,56,43
72,179,142,56,43
73,178,142,56,43
74,178,142,56,43
75,177,142,56,43
76,176,142,56,43
77,175,142,56,43
78,174,142,56,43
79,173,142,56,43
80,172,142,56,43
81,171,142,56,43
82,170,142,56,43
83,169,142,56,43
84,168,142,56,43
85,167,142,56,43
86,167,142,56,43
87,166,142,56,43
88,165,142,56,43
89,164,142,56,43
90,164,142,56,43
91,163,142,56,43
92,162,142,56,43
93,161,142,56,43
94,160,143,56,43
95,159,144,56,43
96,158,145,56,43
97,156,146,56,43
98,154,147,56,43
99,152,148,56,43
100,150,149,56,43
101,148,151,56,43
102,147,153,56,43
103,146,154,56,43
104,145,156,56,43
105,144,157,56,43
106,143,158,56,43
107,142,159,56,43
108,141,160,56,43
109,140,161,56,43
110,140,162,56,43
111,140,163,56,43
112,140,164,56,43
113,141,165,56,43
114,142,166,56,43
115,143,168,56,43
116,144,170,56,43
117,145,171,56,43
118,146,172,56,43
119,147,173,56,43
120,148,172,56,43
121,149,171,56,43
122,150,170,56,43
123,152,169,56,43
124,154,168,56,43
125,156,167,56,43
126,158,166,56,43
127,161,165,56,43
128,164,164,56,43
129,166,162,56,43
130,168,161,56,43
131,171,161,56,43
132,174,161,56,43
133,176,160,56,43
134,179,159,56,43
135,183,159,56,43
136,187,159,56,43
137,193,160,56,43
138,199,161,56,43
139,205,162,56,43
140,212,163,56,43
141,218,164,56,43
142,225,166,56,43
143,232,168,56,43
144,240,170,56,43
145,249,173,56,43
146,257,176,56,43
147,262,179,56,43
148,269,182,56,43
149,274,185,56,43
150,279,189,56,43
151,283,193,56,43
152,287,197,56,43
153,292,201,56,43
154,295,205,56,43
155,296,209,56,43
156,301,214,56,43
157,311,219,56,43
158,322,221,56,43
159,333,223,56,43
160,342,225,56,43
161,354,226,56,43
