13-ZoomingCamera 6
201,928,134,59,71
202,929,132,59,71
203,932,129,59,71
204,933,133,59,71
205,931,143,59,71
206,929,152,59,71
207,926,155,59,71
208,925,161,59,71
209,928,168,59,71
210,929,168,59,71
211,927,163,59,71
212,924,154,59,71
213,924,151,59,71
214,929,152,59,71
215,932,152,59,71
216,933,151,59,71
217,935,152,59,71
218,933,151,59,71
219,932,151,59,71
220,934,147,59,71
221,933,142,59,71
222,934,141,59,71
223,937,141,59,71
224,937,141,59,71
225,937,147,59,71
226,936,155,59,71
227,935,161,59,71
228,935,162,59,71
229,935,164,59,71
230,933,161,59,71
231,933,154,59,71
232,933,147,59,71
233,933,150,59,71
234,933,152,59,71
235,932,156,59,71
236,934,164,59,71
237,935,174,59,71
238,938,177,59,71
239,941,177,59,71
240,941,173,59,71
241,940,164,59,71
242,940,157,59,71
243,941,161,59,71
244,945,177,59,71
245,949,201,59,71
246,949,215,59,71
247,951,222,59,71
248,954,233,59,71
249,950,220,59,71
250,948,194,59,71
251,952,169,59,71
252,956,156,59,71
253,962,154,59,71
254,965,159,59,71
255,964,161,59,71
256,965,160,59,71
257,966,156,59,71
258,968,160,59,71
259,971,165,59,71
260,973,163,59,71
261,973,158,59,71
262,975,156,59,71
263,975,155,59,71
264,974,161,59,71
265,975,159,59,71
266,975,159,59,71
267,975,157,59,71
268,975,154,59,71
269,974,156,59,71
270,974,158,59,71
271,972,158,59,71
272,971,161,59,71
273,974,162,59,71
274,975,160,59,71
275,977,158,59,71
276,979,160,59,71
277,978,169,59,71
278,977,169,59,71
279,977,166,59,71
280,978,169,59,71
281,981,172,59,71
282,981,170,59,71
283,980,166,59,71
284,979,160,59,71
285,977,159,59,71
286,976,157,59,71
287,977,156,59,71
288,978,160,59,71
289,980,163,59,71
290,984,167,59,71
291,985,169,59,71
292,986,165,59,71
293,986,166,59,71
294,985,168,59,71
295,984,169,59,71
296,983,167,59,71
297,983,168,59,71
298,986,175,59,71
299,987,178,59,71
300,987,170,59,71
301,988,164,59,71
302,990,160,59,71
303,995,159,59,71
304,998,153,59,71
305,999,150,59,71
306,1001,150,59,71
307,1000,155,59,71
308,1001,161,59,71
309,1005,159,59,71
310,1008,156,59,71
311,1009,158,59,71
312,1009,163,59,71
313,1008,169,59,71
314,1007,170,59,71
315,1007,164,59,71
316,1009,162,59,71
317,1010,159,59,71
318,1008,160,59,71
319,1007,162,59,71
320,1008,166,59,71
321,1008,164,59,71
322,1010,164,59,71
323,1013,166,59,71
324,1014,174,59,71
325,1015,176,59,71
326,1015,179,59,71
327,1016,181,59,71
328,1019,183,59,71
329,1018,172,59,71
330,1019,166,59,71
331,1019,161,59,71
332,1019,167,59,71
333,1021,183,59,71
334,1023,192,59,71
335,1024,183,59,71
336,1027,183,59,71
337,1029,181,59,71
338,1031,174,59,71
339,1032,170,59,71
340,1033,175,59,71
341,1037,181,59,71
342,1041,184,59,71
343,1046,180,59,71
344,1048,171,59,71
345,1047,162,59,71
346,1048,156,59,71
347,1050,156,59,71
348,1054,156,59,71
349,1060,154,59,71
350,1063,152,59,71
351,1065,155,59,71
352,1066,157,59,71
353,1068,160,59,71
354,1073,160,59,71
355,1077,158,59,71
356,1082,153,59,71
357,1086,151,59,71
358,1088,157,59,71
359,1093,157,59,71
360,1096,157,59,71
361,1098,162,59,71
362,1101,176,59,71
363,1104,187,59,71
364,1107,185,59,71
365,1109,178,59,71
366,1114,178,59,71
367,1123,186,59,71
368,1131,191,59,71
369,1137,191,59,71
370,1146,193,59,71
371,1153,195,59,71
372,1161,190,59,71
373,1168,185,59,71
374,1174,181,59,71
375,1184,183,59,71
376,1195,180,59,71
377,1209,175,59,71
378,1222,174,59,71
379,1239,176,59,71
380,1253,183,59,71
381,1265,193,59,71
382,1278,198,59,71
383,1294,190,59,71
384,1311,178,59,71
385,1330,169,59,71
386,1352,163,59,71
387,1375,171,59,71
388,1396,180,59,71
389,1419,192,59,71
390,321,580,59,71
391,354,561,59,71
392,383,528,59,71
393,411,488,59,71
394,419,416,59,71
395,440,397,59,71
396,462,390,59,71
