13-ZoomingCamera 13
81,761,816,74,195
82,751,788,74,195
83,756,769,74,195
84,765,751,74,195
85,764,728,74,195
86,758,700,74,195
87,760,677,74,195
88,763,658,74,195
89,761,638,74,195
90,759,614,74,195
91,762,598,74,195
92,764,583,74,195
93,765,570,74,195
94,770,557,74,195
95,771,539,74,195
96,762,518,74,195
97,757,504,74,195
98,759,491,74,195
99,777,483,74,195
100,798,485,74,195
101,814,487,74,195
102,825,484,74,195
103,830,479,74,195
104,808,473,74,195
105,763,447,74,195
106,742,444,74,195
107,740,444,74,195
108,753,450,74,195
109,767,454,74,195
110,787,460,74,195
111,813,477,74,195
112,841,501,74,195
113,863,518,74,195
114,872,529,74,195
115,859,531,74,195
116,852,519,74,195
117,848,510,74,195
118,851,504,74,195
119,857,498,74,195
120,861,491,74,195
121,863,481,74,195
122,864,469,74,195
123,863,456,74,195
124,860,444,74,195
125,858,434,74,195
126,858,427,74,195
127,858,421,74,195
128,856,416,74,195
129,854,415,74,195
130,850,415,74,195
131,846,414,74,195
132,843,412,74,195
133,838,415,74,195
134,832,423,74,195
135,825,438,74,195
136,816,458,74,195
137,805,476,74,195
138,798,489,74,195
139,794,497,74,195
140,789,501,74,195
141,784,502,74,195
142,783,503,74,195
143,786,507,74,195
144,786,511,74,195
145,785,511,74,195
146,787,510,74,195
147,789,511,74,195
148,791,512,74,195
149,793,509,74,195
150,796,504,74,195
151,796,497,74,195
152,791,491,74,195
153,788,485,74,195
154,787,479,74,195
155,786,473,74,195
156,787,471,74,195
157,787,471,74,195
158,786,474,74,195
159,785,477,74,195
160,782,477,74,195
161,776,477,74,195
162,773,481,74,195
163,774,485,74,195
164,777,489,74,195
165,778,493,74,195
166,781,498,74,195
167,783,503,74,195
168,785,508,74,195
169,786,514,74,195
170,788,517,74,195
171,790,519,74,195
172,791,521,74,195
173,791,519,74,195
174,794,516,74,195
175,797,515,74,195
176,796,513,74,195
177,794,513,74,195
178,792,514,74,195
179,789,517,74,195
180,787,520,74,195
181,788,524,74,195
182,788,528,74,195
183,788,531,74,195
184,791,532,74,195
185,796,534,74,195
186,801,534,74,195
187,804,535,74,195
188,810,536,74,195
189,814,541,74,195
190,816,546,74,195
191,819,552,74,195
192,824,560,74,195
193,827,570,74,195
194,833,576,74,195
195,840,581,74,195
196,844,589,74,195
197,845,597,74,195
198,848,608,74,195
199,849,612,74,195
200,850,611,74,195
201,853,608,74,195
202,857,610,74,195
203,856,607,74,195
204,834,608,74,195
205,807,616,74,195
206,770,626,74,195
207,700,627,74,195
208,592,604,74,195
209,485,616,74,195
210,478,700,74,195
211,487,744,74,195
