14-LongDuration 2
1,273,96,21,18
2,234,42,21,18
3,241,36,21,18
4,250,32,21,18
5,250,32,21,18
6,252,38,21,18
7,254,48,21,18
8,251,63,21,18
9,244,71,21,18
10,236,79,21,18
11,232,87,21,18
12,226,97,21,18
13,223,103,21,18
14,218,108,21,18
15,215,110,21,18
16,215,107,21,18
17,214,99,21,18
18,213,85,21,18
19,216,79,21,18
20,221,75,21,18
21,228,71,21,18
22,231,75,21,18
23,221,78,21,18
24,215,71,21,18
25,211,74,21,18
26,208,71,21,18
27,208,79,21,18
28,206,87,21,18
29,203,95,21,18
30,196,99,21,18
31,190,101,21,18
32,181,104,21,18
33,177,99,21,18
34,174,95,21,18
35,171,89,21,18
36,171,95,21,18
37,173,100,21,18
38,177,102,21,18
39,184,100,21,18
40,176,103,21,18
41,175,99,21,18
42,167,97,21,18
43,165,97,21,18
44,165,97,21,18
45,165,99,21,18
46,163,101,21,18
47,163,105,21,18
48,163,108,21,18
49,162,110,21,18
50,166,112,21,18
51,170,113,21,18
52,170,111,21,18
53,170,107,21,18
54,170,104,21,18
55,178,100,21,18
56,195,98,21,18
57,188,94,21,18
58,192,86,21,18
59,195,79,21,18
60,214,79,21,18
61,217,76,21,18
62,217,73,21,18
63,191,72,21,18
64,192,76,21,18
65,192,77,21,18
66,187,75,21,18
67,182,76,21,18
68,179,79,21,18
69,178,85,21,18
70,177,90,21,18
71,175,90,21,18
72,173,89,21,18
73,173,90,21,18
74,172,91,21,18
75,169,90,21,18
76,166,90,21,18
77,163,91,21,18
78,161,94,21,18
79,161,97,21,18
80,136,103,21,18
81,134,105,21,18
82,130,109,21,18
83,130,114,21,18
84,148,116,21,18
85,148,119,21,18
86,148,121,21,18
87,148,119,21,18
88,149,114,21,18
89,152,108,21,18
90,155,104,21,18
91,163,100,21,18
92,166,100,21,18
93,170,100,21,18
94,166,101,21,18
95,161,104,21,18
96,158,107,21,18
97,152,108,21,18
98,145,110,21,18
99,144,111,21,18
100,143,115,21,18
101,143,115,21,18
102,143,114,21,18
103,144,116,21,18
104,146,119,21,18
105,147,119,21,18
106,149,119,21,18
107,154,122,21,18
108,159,122,21,18
109,163,122,21,18
110,169,120,21,18
111,160,128,21,18
112,152,136,21,18
113,144,146,21,18
114,140,148,21,18
115,135,144,21,18
116,128,136,21,18
117,124,130,21,18
118,121,123,21,18
119,119,119,21,18
120,119,115,21,18
121,119,112,21,18
122,127,107,21,18
123,131,102,21,18
124,132,97,21,18
125,135,95,21,18
126,136,98,21,18
127,129,98,21,18
128,118,101,21,18
129,118,104,21,18
130,118,102,21,18
131,115,92,21,18
132,107,82,21,18
133,107,76,21,18
134,107,69,21,18
135,100,62,21,18
136,99,59,21,18
137,97,61,21,18
138,97,65,21,18
139,97,66,21,18
140,96,63,21,18
141,96,58,21,18
142,100,55,21,18
143,103,50,21,18
144,105,44,21,18
145,108,41,21,18
146,109,42,21,18
147,110,44,21,18
148,109,46,21,18
149,106,48,21,18
150,103,50,21,18
151,100,52,21,18
152,99,56,21,18
153,98,60,21,18
154,97,62,21,18
155,97,61,21,18
156,97,59,21,18
157,98,59,21,18
158,101,62,21,18
159,104,64,21,18
160,105,63,21,18
161,105,63,21,18
162,111,63,21,18
163,107,65,21,18
164,133,68,21,18
165,133,70,21,18
166,133,70,21,18
167,133,70,21,18
168,133,69,21,18
169,136,67,21,18
170,150,65,21,18
171,162,61,21,18
172,174,57,21,18
173,188,55,21,18
174,180,55,21,18
175,192,55,21,18
176,195,58,21,18
177,222,58,21,18
178,226,60,21,18
179,218,58,21,18
180,221,55,21,18
181,226,53,21,18
182,220,51,21,18
183,231,46,21,18
184,235,42,21,18
185,238,40,21,18
186,238,38,21,18
187,238,39,21,18
188,219,41,21,18
189,219,45,21,18
190,219,51,21,18
191,217,57,21,18
192,214,59,21,18
193,212,65,21,18
194,213,74,21,18
195,214,84,21,18
196,214,88,21,18
197,214,88,21,18
198,213,86,21,18
199,213,82,21,18
200,212,76,21,18
201,210,68,21,18
202,208,60,21,18
203,208,58,21,18
204,208,60,21,18
205,208,60,21,18
206,206,58,21,18
207,206,59,21,18
208,209,62,21,18
209,211,64,21,18
210,210,65,21,18
211,212,69,21,18
212,214,74,21,18
213,216,74,21,18
214,214,68,21,18
215,213,60,21,18
216,213,58,21,18
217,214,61,21,18
218,212,66,21,18
219,208,63,21,18
220,205,61,21,18
221,204,62,21,18
222,204,59,21,18
223,206,54,21,18
224,211,54,21,18
225,214,58,21,18
226,217,61,21,18
227,218,64,21,18
228,217,66,21,18
229,216,67,21,18
230,214,69,21,18
231,211,72,21,18
232,207,70,21,18
233,204,69,21,18
234,203,70,21,18
235,203,72,21,18
236,204,70,21,18
237,202,68,21,18
238,202,68,21,18
239,203,69,21,18
240,206,71,21,18
241,208,73,21,18
242,209,71,21,18
243,209,72,21,18
244,208,74,21,18
245,207,73,21,18
246,205,71,21,18
247,205,69,21,18
248,207,70,21,18
249,209,70,21,18
250,210,66,21,18
251,210,64,21,18
252,213,60,21,18
253,213,57,21,18
254,213,57,21,18
255,214,58,21,18
256,214,58,21,18
257,214,57,21,18
258,213,57,21,18
259,213,55,21,18
260,213,56,21,18
261,215,59,21,18
262,215,59,21,18
263,217,59,21,18
264,217,57,21,18
265,217,55,21,18
266,219,58,21,18
267,220,62,21,18
268,220,67,21,18
269,220,73,21,18
270,222,79,21,18
271,222,81,21,18
272,221,79,21,18
273,220,75,21,18
274,220,69,21,18
275,220,68,21,18
276,35,76,21,18
277,34,75,21,18
278,32,69,21,18
279,30,64,21,18
280,29,58,21,18
281,29,52,21,18
282,32,50,21,18
283,36,53,21,18
284,38,58,21,18
285,39,62,21,18
286,39,64,21,18
287,39,62,21,18
288,37,57,21,18
289,38,55,21,18
290,41,58,21,18
291,42,60,21,18
292,41,58,21,18
293,42,57,21,18
294,43,56,21,18
295,43,58,21,18
296,129,60,21,18
297,177,76,21,18
298,172,84,21,18
299,200,85,21,18
300,198,88,21,18
301,196,91,21,18
302,193,91,21,18
303,193,89,21,18
304,193,88,21,18
305,194,89,21,18
306,195,86,21,18
307,195,81,21,18
308,197,79,21,18
309,200,80,21,18
310,202,80,21,18
311,203,79,21,18
312,204,79,21,18
313,206,78,21,18
314,248,81,21,18
315,240,72,21,18
316,240,72,21,18
317,241,77,21,18
318,240,79,21,18
319,238,77,21,18
320,238,74,21,18
321,240,68,21,18
322,241,62,21,18
323,242,56,21,18
324,241,52,21,18
325,241,53,21,18
326,239,63,21,18
327,235,76,21,18
328,231,87,21,18
329,229,91,21,18
330,228,89,21,18
331,228,83,21,18
332,230,81,21,18
333,235,81,21,18
334,239,77,21,18
335,243,73,21,18
336,244,67,21,18
337,245,67,21,18
338,246,70,21,18
339,246,74,21,18
340,244,76,21,18
341,242,77,21,18
342,241,78,21,18
343,244,79,21,18
344,246,77,21,18
345,245,73,21,18
346,243,75,21,18
347,245,78,21,18
348,247,79,21,18
349,246,73,21,18
350,245,69,21,18
351,515,109,21,18
352,519,110,21,18
353,522,112,21,18
354,525,112,21,18
355,529,111,21,18
356,535,118,21,18
357,539,125,21,18
358,541,119,21,18
359,543,116,21,18
360,549,119,21,18
361,556,122,21,18
362,560,118,21,18
363,243,64,21,18
364,246,63,21,18
365,230,69,21,18
366,233,69,21,18
367,234,68,21,18
368,179,75,21,18
369,183,77,21,18
370,181,77,21,18
371,176,75,21,18
372,173,73,21,18
373,166,72,21,18
374,157,70,21,18
375,163,72,21,18
376,178,74,21,18
377,175,68,21,18
378,164,62,21,18
379,166,68,21,18
380,170,76,21,18
381,159,78,21,18
382,150,78,21,18
383,155,83,21,18
384,158,86,21,18
385,147,84,21,18
386,142,84,21,18
387,145,88,21,18
388,150,90,21,18
389,158,89,21,18
390,177,87,21,18
391,208,86,21,18
392,228,80,21,18
393,237,72,21,18
394,243,68,21,18
395,245,68,21,18
396,245,70,21,18
397,243,73,21,18
398,239,76,21,18
399,230,81,21,18
400,222,85,21,18
401,214,91,21,18
402,210,97,21,18
403,208,101,21,18
404,206,104,21,18
405,204,104,21,18
406,205,104,21,18
407,203,101,21,18
408,190,95,21,18
409,189,95,21,18
410,176,96,21,18
411,220,95,21,18
412,220,97,21,18
413,220,101,21,18
414,219,102,21,18
415,217,99,21,18
416,217,96,21,18
417,221,89,21,18
418,223,86,21,18
419,226,89,21,18
420,228,97,21,18
421,228,103,21,18
422,225,103,21,18
423,222,103,21,18
424,221,104,21,18
425,221,103,21,18
426,221,101,21,18
427,220,96,21,18
428,220,92,21,18
429,222,89,21,18
430,224,86,21,18
431,225,83,21,18
432,226,81,21,18
433,227,83,21,18
434,227,86,21,18
435,226,89,21,18
436,226,91,21,18
437,226,93,21,18
438,225,92,21,18
439,225,92,21,18
440,227,94,21,18
441,229,96,21,18
442,229,96,21,18
443,229,93,21,18
444,231,90,21,18
445,235,87,21,18
446,239,83,21,18
447,244,81,21,18
448,248,83,21,18
449,256,81,21,18
450,262,77,21,18
451,268,76,21,18
452,275,76,21,18
453,281,77,21,18
454,284,77,21,18
455,284,75,21,18
456,284,75,21,18
457,284,77,21,18
458,281,76,21,18
459,279,77,21,18
460,275,81,21,18
461,275,87,21,18
462,275,89,21,18
463,276,86,21,18
464,279,82,21,18
465,283,78,21,18
466,289,77,21,18
467,293,74,21,18
468,295,71,21,18
469,296,71,21,18
470,297,72,21,18
471,297,74,21,18
472,296,74,21,18
473,296,76,21,18
474,296,81,21,18
475,297,83,21,18
476,297,84,21,18
477,297,84,21,18
478,296,81,21,18
479,297,79,21,18
480,298,77,21,18
481,298,76,21,18
482,298,77,21,18
483,298,80,21,18
484,298,83,21,18
485,298,85,21,18
486,298,83,21,18
487,298,81,21,18
488,300,82,21,18
489,301,80,21,18
490,301,77,21,18
491,302,76,21,18
492,304,76,21,18
493,304,76,21,18
494,303,74,21,18
495,302,73,21,18
496,302,73,21,18
497,301,74,21,18
498,300,77,21,18
499,299,79,21,18
500,297,77,21,18
501,297,76,21,18
502,298,76,21,18
503,299,75,21,18
504,300,75,21,18
505,301,75,21,18
506,301,75,21,18
507,301,76,21,18
508,301,77,21,18
509,302,78,21,18
510,302,77,21,18
511,302,78,21,18
512,303,82,21,18
513,304,83,21,18
514,304,80,21,18
515,305,76,21,18
516,307,75,21,18
517,309,75,21,18
518,310,75,21,18
519,311,75,21,18
520,311,72,21,18
521,311,67,21,18
522,312,59,21,18
523,315,53,21,18
524,320,54,21,18
525,323,53,21,18
526,323,55,21,18
527,322,55,21,18
528,323,55,21,18
529,325,54,21,18
530,327,53,21,18
531,328,50,21,18
532,329,48,21,18
533,331,46,21,18
534,332,44,21,18
535,333,41,21,18
536,334,40,21,18
537,335,41,21,18
538,336,42,21,18
539,336,41,21,18
540,336,40,21,18
541,335,41,21,18
542,333,43,21,18
543,330,45,21,18
544,327,44,21,18
545,325,41,21,18
546,324,37,21,18
547,323,33,21,18
548,322,31,21,18
549,322,33,21,18
550,323,35,21,18
551,321,46,21,18
552,313,52,21,18
553,303,61,21,18
554,307,49,21,18
555,304,40,21,18
556,299,42,21,18
557,296,41,21,18
558,293,42,21,18
559,291,40,21,18
560,288,39,21,18
561,286,36,21,18
562,285,32,21,18
563,288,28,21,18
564,289,23,21,18
565,291,22,21,18
566,293,21,21,18
567,292,18,21,18
568,290,18,21,18
569,289,20,21,18
570,288,16,21,18
571,290,11,21,18
572,293,12,21,18
573,423,210,21,18
574,432,211,21,18
575,437,212,21,18
576,432,211,21,18
577,425,210,21,18
578,418,213,21,18
579,401,206,21,18
580,397,210,21,18
581,387,211,21,18
582,383,213,21,18
583,379,213,21,18
584,373,210,21,18
585,373,212,21,18
586,374,212,21,18
587,376,211,21,18
588,376,206,21,18
589,383,206,21,18
590,392,206,21,18
591,400,205,21,18
592,400,199,21,18
593,394,191,21,18
594,400,196,21,18
595,400,198,21,18
596,398,200,21,18
597,396,200,21,18
598,392,200,21,18
599,392,201,21,18
600,396,203,21,18
601,388,195,21,18
602,380,186,21,18
603,380,185,21,18
604,386,186,21,18
605,396,189,21,18
606,399,188,21,18
607,403,189,21,18
608,409,190,21,18
609,417,191,21,18
610,421,193,21,18
611,405,186,21,18
612,408,189,21,18
613,407,189,21,18
614,409,191,21,18
615,402,191,21,18
616,404,197,21,18
617,397,198,21,18
618,397,201,21,18
619,396,202,21,18
620,396,199,21,18
621,396,195,21,18
622,381,182,21,18
623,393,188,21,18
624,401,192,21,18
625,403,192,21,18
626,403,189,21,18
627,405,189,21,18
628,405,186,21,18
629,417,190,21,18
630,409,181,21,18
631,410,177,21,18
632,411,175,21,18
633,416,176,21,18
634,417,176,21,18
635,420,178,21,18
636,407,170,21,18
637,407,172,21,18
638,410,180,21,18
639,386,173,21,18
640,386,181,21,18
641,377,182,21,18
642,373,187,21,18
643,369,190,21,18
644,365,193,21,18
645,365,198,21,18
646,364,200,21,18
647,363,200,21,18
648,365,200,21,18
649,365,197,21,18
650,370,197,21,18
651,378,199,21,18
652,382,199,21,18
653,387,202,21,18
654,373,190,21,18
655,383,192,21,18
656,384,192,21,18
657,384,194,21,18
658,372,196,21,18
659,378,209,21,18
660,380,212,21,18
661,372,212,21,18
662,368,214,21,18
663,363,214,21,18
664,360,216,21,18
665,355,216,21,18
666,343,217,21,18
667,329,216,21,18
668,310,216,21,18
669,296,217,21,18
670,285,218,21,18
671,279,220,21,18
672,277,221,21,18
673,276,219,21,18
674,277,218,21,18
675,280,212,21,18
676,283,211,21,18
677,286,211,21,18
678,287,209,21,18
679,287,206,21,18
680,288,207,21,18
681,287,210,21,18
682,286,211,21,18
683,286,207,21,18
684,287,205,21,18
685,286,202,21,18
686,285,198,21,18
687,285,192,21,18
688,285,187,21,18
689,286,184,21,18
690,287,183,21,18
691,286,181,21,18
692,284,180,21,18
693,285,184,21,18
694,274,183,21,18
695,272,184,21,18
696,271,187,21,18
697,272,190,21,18
698,273,193,21,18
699,274,195,21,18
700,275,198,21,18
701,275,199,21,18
702,275,201,21,18
703,275,203,21,18
704,275,205,21,18
705,274,206,21,18
706,275,206,21,18
707,277,202,21,18
708,278,202,21,18
709,280,202,21,18
710,280,200,21,18
711,281,200,21,18
712,283,203,21,18
713,283,204,21,18
714,283,205,21,18
715,283,205,21,18
716,284,205,21,18
717,285,205,21,18
718,286,205,21,18
719,288,205,21,18
720,291,205,21,18
721,292,203,21,18
722,292,200,21,18
723,294,199,21,18
724,296,200,21,18
725,292,196,21,18
726,293,197,21,18
727,292,199,21,18
728,291,199,21,18
729,290,197,21,18
730,290,198,21,18
731,289,199,21,18
732,289,199,21,18
733,289,198,21,18
734,289,198,21,18
735,290,200,21,18
736,291,200,21,18
737,292,199,21,18
738,293,199,21,18
739,294,199,21,18
740,295,199,21,18
741,294,199,21,18
742,296,202,21,18
743,297,203,21,18
744,297,203,21,18
745,297,203,21,18
746,297,201,21,18
747,297,199,21,18
748,297,199,21,18
749,298,201,21,18
750,298,202,21,18
751,298,204,21,18
752,300,207,21,18
753,299,209,21,18
754,297,211,21,18
755,294,211,21,18
756,285,211,21,18
757,283,213,21,18
758,285,214,21,18
759,288,211,21,18
760,290,205,21,18
761,292,206,21,18
762,293,206,21,18
763,293,204,21,18
764,293,197,21,18
765,293,192,21,18
766,293,187,21,18
767,297,189,21,18
768,298,192,21,18
769,298,193,21,18
770,300,193,21,18
771,301,192,21,18
772,302,193,21,18
773,304,193,21,18
774,304,193,21,18
775,303,194,21,18
776,301,197,21,18
777,288,194,21,18
778,287,194,21,18
779,285,191,21,18
780,286,188,21,18
781,287,184,21,18
782,289,182,21,18
783,291,181,21,18
784,294,183,21,18
785,293,185,21,18
786,292,189,21,18
787,292,191,21,18
788,293,192,21,18
789,295,193,21,18
790,297,196,21,18
791,298,197,21,18
792,299,196,21,18
793,300,195,21,18
794,302,196,21,18
795,303,198,21,18
796,303,199,21,18
797,303,200,21,18
798,303,201,21,18
799,303,202,21,18
800,305,202,21,18
801,308,200,21,18
802,311,197,21,18
803,317,197,21,18
804,325,203,21,18
805,326,206,21,18
806,324,208,21,18
807,321,209,21,18
808,323,210,21,18
809,324,210,21,18
810,327,212,21,18
811,329,216,21,18
812,327,217,21,18
813,327,219,21,18
814,329,219,21,18
815,331,219,21,18
816,336,219,21,18
817,343,220,21,18
818,344,220,21,18
819,347,219,21,18
820,348,218,21,18
821,333,211,21,18
822,335,214,21,18
823,339,216,21,18
824,339,218,21,18
825,342,219,21,18
826,346,218,21,18
827,349,218,21,18
828,350,219,21,18
829,346,219,21,18
830,596,5,21,18
831,594,12,21,18
832,600,12,21,18
833,598,34,21,18
834,595,29,21,18
835,589,29,21,18
836,576,55,21,18
837,578,62,21,18
838,483,82,21,18
839,500,111,21,18
840,481,108,21,18
841,502,105,21,18
842,469,88,21,18
843,486,91,21,18
844,427,176,21,18
845,441,173,21,18
846,407,151,21,18
847,418,156,21,18
848,430,156,21,18
849,443,149,21,18
850,457,146,21,18
851,476,121,21,18
852,317,152,21,18
853,318,152,21,18
854,320,154,21,18
855,320,158,21,18
856,320,158,21,18
857,321,157,21,18
858,323,154,21,18
859,326,148,21,18
860,329,146,21,18
861,332,145,21,18
862,334,145,21,18
863,336,146,21,18
864,339,144,21,18
865,343,143,21,18
866,346,146,21,18
867,349,148,21,18
868,354,150,21,18
869,360,153,21,18
870,367,155,21,18
871,374,153,21,18
872,381,153,21,18
873,388,152,21,18
874,393,153,21,18
875,399,153,21,18
876,553,123,21,18
877,592,58,21,18
878,421,145,21,18
879,431,149,21,18
880,443,148,21,18
881,457,146,21,18
882,475,143,21,18
883,386,143,21,18
884,395,137,21,18
885,405,131,21,18
886,415,131,21,18
887,426,130,21,18
888,437,137,21,18
889,450,140,21,18
890,465,144,21,18
891,483,145,21,18
892,507,113,21,18
893,536,77,21,18
894,461,79,21,18
895,419,82,21,18
896,428,81,21,18
897,440,80,21,18
898,456,76,21,18
899,476,56,21,18
900,497,59,21,18
901,522,77,21,18
902,553,101,21,18
903,496,128,21,18
904,386,136,21,18
905,393,138,21,18
906,400,140,21,18
907,408,140,21,18
908,419,121,21,18
909,429,119,21,18
910,442,122,21,18
911,458,126,21,18
912,480,111,21,18
913,504,107,21,18
914,506,118,21,18
915,510,126,21,18
916,575,118,21,18
917,578,137,21,18
918,529,179,21,18
919,563,176,21,18
920,607,175,21,18
921,542,36,21,18
922,579,22,21,18
923,539,22,21,18
924,507,46,21,18
925,483,40,21,18
926,462,49,21,18
927,445,55,21,18
928,433,57,21,18
929,482,79,21,18
930,463,71,21,18
931,483,68,21,18
932,508,63,21,18
933,539,64,21,18
934,566,196,21,18
935,532,141,21,18
936,251,95,21,18
937,254,100,21,18
938,257,106,21,18
939,259,108,21,18
940,257,109,21,18
941,254,107,21,18
942,254,113,21,18
943,254,120,21,18
944,252,120,21,18
945,251,116,21,18
946,253,114,21,18
947,253,110,21,18
948,254,112,21,18
949,258,119,21,18
950,262,125,21,18
951,262,128,21,18
952,263,140,21,18
953,263,147,21,18
954,257,139,21,18
955,256,130,21,18
956,256,117,21,18
957,258,103,21,18
958,260,102,21,18
959,264,100,21,18
960,265,99,21,18
961,264,97,21,18
962,264,97,21,18
963,264,97,21,18
964,263,97,21,18
965,263,97,21,18
966,263,99,21,18
967,263,103,21,18
968,264,106,21,18
969,265,108,21,18
970,266,110,21,18
971,268,110,21,18
972,270,109,21,18
973,272,107,21,18
974,274,108,21,18
975,276,111,21,18
976,276,113,21,18
977,275,115,21,18
978,273,114,21,18
979,271,112,21,18
980,269,107,21,18
981,267,102,21,18
982,266,99,21,18
983,266,98,21,18
984,266,102,21,18
985,266,107,21,18
986,266,109,21,18
987,265,110,21,18
988,265,111,21,18
989,266,112,21,18
990,269,112,21,18
991,272,111,21,18
992,274,108,21,18
993,276,103,21,18
994,277,100,21,18
995,278,97,21,18
996,278,98,21,18
997,278,98,21,18
998,278,100,21,18
999,278,103,21,18
1000,278,106,21,18
1001,278,109,21,18
1002,278,111,21,18
1003,278,108,21,18
1004,280,108,21,18
1005,282,113,21,18
1006,283,117,21,18
1007,283,117,21,18
1008,282,116,21,18
1009,281,114,21,18
1010,281,113,21,18
1011,283,111,21,18
1012,284,109,21,18
1013,285,107,21,18
1014,286,106,21,18
1015,287,107,21,18
1016,287,108,21,18
1017,286,109,21,18
1018,286,109,21,18
1019,286,109,21,18
1020,288,111,21,18
1021,290,113,21,18
1022,291,113,21,18
1023,291,113,21,18
1024,292,111,21,18
1025,292,108,21,18
1026,292,104,21,18
1027,292,99,21,18
1028,291,97,21,18
1029,291,96,21,18
1030,291,96,21,18
1031,291,96,21,18
1032,291,97,21,18
1033,293,100,21,18
1034,294,105,21,18
1035,295,108,21,18
1036,296,111,21,18
1037,296,113,21,18
1038,296,117,21,18
1039,296,122,21,18
1040,296,123,21,18
1041,295,119,21,18
1042,295,115,21,18
1043,297,110,21,18
1044,299,109,21,18
1045,300,107,21,18
1046,299,106,21,18
1047,298,104,21,18
1048,298,103,21,18
1049,298,104,21,18
1050,299,108,21,18
1051,298,109,21,18
1052,295,108,21,18
1053,294,106,21,18
1054,294,102,21,18
1055,294,100,21,18
1056,296,101,21,18
1057,298,103,21,18
1058,298,107,21,18
1059,298,111,21,18
1060,298,113,21,18
1061,298,111,21,18
1062,298,108,21,18
1063,298,107,21,18
1064,299,105,21,18
1065,299,101,21,18
1066,298,95,21,18
1067,298,93,21,18
1068,298,93,21,18
1069,298,96,21,18
1070,297,100,21,18
1071,296,102,21,18
1072,296,104,21,18
1073,297,107,21,18
1074,299,112,21,18
1075,300,117,21,18
1076,299,119,21,18
1077,298,117,21,18
1078,297,115,21,18
1079,295,110,21,18
1080,293,104,21,18
1081,293,100,21,18
1082,294,101,21,18
1083,295,102,21,18
1084,295,103,21,18
1085,296,104,21,18
1086,297,105,21,18
1087,297,105,21,18
1088,297,105,21,18
1089,297,104,21,18
1090,298,101,21,18
1091,299,97,21,18
1092,300,94,21,18
1093,301,91,21,18
1094,303,88,21,18
1095,305,87,21,18
1096,306,88,21,18
1097,307,91,21,18
1098,307,95,21,18
1099,307,98,21,18
1100,307,99,21,18
1101,307,100,21,18
1102,307,101,21,18
1103,306,100,21,18
1104,306,98,21,18
1105,307,93,21,18
1106,307,89,21,18
1107,308,86,21,18
1108,309,86,21,18
1109,310,90,21,18
1110,310,95,21,18
1111,309,97,21,18
1112,308,96,21,18
1113,308,93,21,18
1114,308,88,21,18
1115,308,85,21,18
1116,309,85,21,18
1117,310,84,21,18
1118,310,85,21,18
1119,311,89,21,18
1120,313,95,21,18
1121,315,97,21,18
1122,316,96,21,18
1123,316,94,21,18
1124,317,91,21,18
1125,318,86,21,18
1126,318,81,21,18
1127,318,76,21,18
1128,318,75,21,18
1129,318,77,21,18
1130,317,79,21,18
1131,315,80,21,18
1132,313,80,21,18
1133,312,79,21,18
1134,312,75,21,18
1135,312,72,21,18
1136,314,72,21,18
1137,316,74,21,18
1138,316,74,21,18
1139,317,76,21,18
1140,318,78,21,18
1141,318,77,21,18
1142,318,76,21,18
1143,319,74,21,18
1144,319,72,21,18
1145,320,70,21,18
1146,321,69,21,18
1147,322,66,21,18
1148,322,65,21,18
1149,322,69,21,18
1150,321,70,21,18
1151,319,69,21,18
1152,319,70,21,18
1153,319,70,21,18
1154,319,69,21,18
1155,320,70,21,18
1156,320,72,21,18
1157,320,75,21,18
1158,319,76,21,18
1159,317,74,21,18
1160,316,71,21,18
1161,317,68,21,18
1162,319,65,21,18
1163,320,61,21,18
1164,321,58,21,18
1165,322,58,21,18
1166,323,58,21,18
1167,323,58,21,18
1168,323,60,21,18
1169,323,61,21,18
1170,322,61,21,18
1171,322,59,21,18
1172,322,57,21,18
1173,322,56,21,18
1174,324,54,21,18
1175,325,51,21,18
1176,324,53,21,18
1177,324,56,21,18
1178,324,56,21,18
1179,323,54,21,18
1180,322,57,21,18
1181,323,64,21,18
1182,323,69,21,18
1183,320,68,21,18
1184,317,67,21,18
1185,317,70,21,18
1186,317,73,21,18
1187,314,71,21,18
1188,313,68,21,18
1189,316,68,21,18
1190,318,66,21,18
1191,317,60,21,18
1192,317,56,21,18
1193,320,57,21,18
1194,321,60,21,18
1195,321,60,21,18
1196,320,62,21,18
1197,319,62,21,18
1198,317,59,21,18
1199,316,56,21,18
1200,317,52,21,18
1201,318,47,21,18
1202,318,42,21,18
1203,322,39,21,18
1204,323,39,21,18
1205,322,38,21,18
1206,322,41,21,18
1207,323,43,21,18
1208,323,43,21,18
1209,323,42,21,18
1210,325,44,21,18
1211,326,46,21,18
1212,326,47,21,18
1213,327,47,21,18
1214,328,45,21,18
1215,328,40,21,18
1216,329,36,21,18
1217,331,34,21,18
1218,332,33,21,18
1219,332,31,21,18
1220,333,30,21,18
1221,334,31,21,18
1222,334,29,21,18
1223,334,24,21,18
1224,335,22,21,18
1225,337,23,21,18
1226,337,23,21,18
1227,337,20,21,18
1228,337,20,21,18
1229,337,18,21,18
1230,337,16,21,18
1231,338,15,21,18
1232,338,12,21,18
1233,338,8,21,18
1234,338,6,21,18
1235,339,4,21,18
1236,338,1,21,18
1237,339,0,21,18
1238,341,2,21,18
1239,342,5,21,18
1240,344,5,21,18
1241,344,5,21,18
1242,344,7,21,18
1243,345,9,21,18
1244,345,8,21,18
1245,342,6,21,18
1246,341,4,21,18
1247,342,6,21,18
1248,342,5,21,18
1249,341,1,21,18
1250,341,0,21,18
1251,342,0,21,18
1252,342,0,21,18
1253,342,1,21,18
1254,341,4,21,18
1255,339,6,21,18
1256,337,7,21,18
1257,337,7,21,18
1258,338,4,21,18
1259,334,6,21,18
1260,92,90,21,18
1261,95,85,21,18
1262,97,79,21,18
1263,100,71,21,18
1264,101,66,21,18
1265,101,64,21,18
1266,101,67,21,18
1267,102,70,21,18
1268,102,70,21,18
1269,102,68,21,18
1270,103,66,21,18
1271,106,66,21,18
1272,108,69,21,18
1273,109,70,21,18
1274,108,70,21,18
1275,106,69,21,18
1276,103,67,21,18
1277,102,68,21,18
1278,101,69,21,18
1279,99,69,21,18
1280,97,71,21,18
1281,96,74,21,18
1282,93,75,21,18
1283,89,74,21,18
1284,87,72,21,18
1285,85,68,21,18
1286,83,62,21,18
1287,80,63,21,18
1288,80,62,21,18
1289,80,66,21,18
1290,80,72,21,18
1291,79,76,21,18
1292,77,78,21,18
1293,74,82,21,18
1294,72,82,21,18
1295,69,77,21,18
1296,67,71,21,18
1297,67,66,21,18
1298,67,64,21,18
1299,68,63,21,18
1300,66,64,21,18
1301,66,63,21,18
1302,65,68,21,18
1303,62,72,21,18
1304,58,74,21,18
1305,57,77,21,18
1306,57,79,21,18
1307,56,80,21,18
1308,54,77,21,18
1309,53,75,21,18
1310,53,71,21,18
1311,53,67,21,18
1312,53,66,21,18
1313,53,68,21,18
1314,54,73,21,18
1315,55,76,21,18
1316,54,76,21,18
1317,53,74,21,18
1318,53,69,21,18
1319,54,64,21,18
1320,56,62,21,18
1321,58,61,21,18
1322,59,59,21,18
1323,58,54,21,18
1324,57,51,21,18
1325,57,49,21,18
1326,57,46,21,18
1327,57,45,21,18
1328,61,49,21,18
1329,66,53,21,18
1330,70,58,21,18
1331,75,64,21,18
1332,82,68,21,18
1333,90,70,21,18
1334,98,71,21,18
1335,104,71,21,18
1336,108,67,21,18
1337,111,62,21,18
1338,121,75,21,18
1339,123,68,21,18
1340,125,65,21,18
1341,126,65,21,18
1342,126,67,21,18
1343,126,69,21,18
1344,125,70,21,18
1345,125,69,21,18
1346,125,69,21,18
1347,127,70,21,18
1348,130,73,21,18
1349,134,77,21,18
1350,137,80,21,18
1351,138,82,21,18
1352,138,86,21,18
1353,137,91,21,18
1354,135,91,21,18
1355,134,90,21,18
1356,135,93,21,18
1357,135,97,21,18
1358,478,138,21,18
1359,480,137,21,18
1360,483,133,21,18
1361,486,129,21,18
1362,490,126,21,18
1363,496,126,21,18
1364,502,123,21,18
1365,508,119,21,18
1366,513,117,21,18
1367,517,119,21,18
1368,521,124,21,18
1369,524,129,21,18
1370,527,128,21,18
1371,531,125,21,18
1372,536,121,21,18
1373,542,116,21,18
1374,548,114,21,18
1375,553,113,21,18
1376,558,113,21,18
1377,562,113,21,18
1378,565,117,21,18
1379,568,120,21,18
1380,571,121,21,18
1381,574,123,21,18
1382,576,127,21,18
1383,578,129,21,18
1384,580,128,21,18
1385,583,124,21,18
1386,587,120,21,18
1387,591,115,21,18
1388,596,109,21,18
1389,601,106,21,18
1390,605,103,21,18
1391,607,105,21,18
1392,608,107,21,18
1393,609,109,21,18
1394,610,115,21,18
1395,611,121,21,18
1396,612,124,21,18
1397,614,124,21,18
1398,616,121,21,18
1399,617,119,21,18
1400,618,117,21,18
1401,587,118,21,18
1402,589,116,21,18
1403,589,111,21,18
1404,589,109,21,18
1405,588,109,21,18
1406,586,112,21,18
1407,583,116,21,18
1408,581,118,21,18
1409,579,116,21,18
1410,577,114,21,18
1411,576,115,21,18
1412,575,118,21,18
1413,574,118,21,18
1414,572,115,21,18
1415,570,116,21,18
1416,569,117,21,18
1417,568,118,21,18
1418,567,120,21,18
1419,566,125,21,18
1420,564,130,21,18
1421,562,134,21,18
1422,559,138,21,18
1423,555,143,21,18
1424,551,147,21,18
1425,548,147,21,18
1426,546,142,21,18
1427,545,138,21,18
1428,546,133,21,18
1429,547,129,21,18
1430,548,124,21,18
1431,547,122,21,18
1432,545,124,21,18
1433,541,127,21,18
1434,537,126,21,18
1435,533,122,21,18
1436,530,120,21,18
1437,528,119,21,18
1438,527,118,21,18
1439,526,118,21,18
1440,525,114,21,18
1441,523,111,21,18
1442,521,112,21,18
1443,519,114,21,18
1444,517,112,21,18
1445,515,109,21,18
1446,513,104,21,18
1447,512,101,21,18
1448,510,97,21,18
1449,507,94,21,18
1450,503,94,21,18
1451,500,94,21,18
1452,496,95,21,18
1453,491,98,21,18
1454,487,104,21,18
1455,483,109,21,18
1456,480,112,21,18
1457,477,111,21,18
1458,474,107,21,18
1459,472,102,21,18
1460,471,99,21,18
1461,470,95,21,18
1462,468,87,21,18
1463,466,83,21,18
1464,464,83,21,18
1465,461,88,21,18
1466,457,91,21,18
1467,452,94,21,18
1468,448,93,21,18
1469,444,90,21,18
1470,441,86,21,18
1471,440,83,21,18
1472,438,77,21,18
1473,435,69,21,18
1474,433,64,21,18
1475,430,65,21,18
1476,427,66,21,18
1477,424,67,21,18
1478,422,71,21,18
1479,419,72,21,18
1480,416,73,21,18
1481,415,73,21,18
1482,414,76,21,18
1483,413,81,21,18
1484,411,85,21,18
1485,409,88,21,18
1486,407,91,21,18
1487,405,94,21,18
1488,404,95,21,18
1489,404,96,21,18
1490,406,95,21,18
1491,409,93,21,18
1492,412,92,21,18
1493,414,92,21,18
1494,414,87,21,18
1495,413,88,21,18
1496,410,87,21,18
1497,406,87,21,18
1498,402,84,21,18
1499,399,82,21,18
1500,397,81,21,18
1501,394,81,21,18
1502,390,83,21,18
1503,387,86,21,18
1504,384,87,21,18
1505,379,87,21,18
1506,374,86,21,18
1507,370,82,21,18
1508,366,76,21,18
1509,362,71,21,18
1510,359,68,21,18
1511,356,65,21,18
1512,354,64,21,18
1513,352,64,21,18
1514,348,63,21,18
1515,343,63,21,18
1516,336,67,21,18
1517,325,74,21,18
1518,313,80,21,18
1519,303,84,21,18
1520,296,86,21,18
1521,291,85,21,18
1522,289,76,21,18
1523,289,71,21,18
1524,287,66,21,18
1525,282,64,21,18
1526,275,64,21,18
1527,266,64,21,18
1528,257,65,21,18
1529,248,69,21,18
1530,240,75,21,18
1531,233,80,21,18
1532,228,86,21,18
1533,226,91,21,18
1534,224,93,21,18
1535,222,94,21,18
1536,220,100,21,18
1537,218,104,21,18
1538,217,107,21,18
1539,217,107,21,18
1540,219,105,21,18
1541,220,98,21,18
1542,222,94,21,18
1543,224,88,21,18
1544,225,82,21,18
1545,225,78,21,18
1546,223,76,21,18
1547,220,74,21,18
1548,215,73,21,18
1549,209,70,21,18
1550,204,66,21,18
1551,200,63,21,18
1552,198,59,21,18
1553,196,56,21,18
1554,197,56,21,18
1555,199,59,21,18
1556,200,67,21,18
1557,199,76,21,18
1558,197,84,21,18
1559,195,85,21,18
1560,194,86,21,18
1561,195,88,21,18
1562,197,90,21,18
1563,199,92,21,18
1564,200,92,21,18
1565,200,93,21,18
1566,200,94,21,18
1567,198,95,21,18
1568,194,100,21,18
1569,193,102,21,18
1570,193,101,21,18
1571,194,100,21,18
1572,197,100,21,18
1573,201,104,21,18
1574,205,110,21,18
1575,207,113,21,18
1576,207,113,21,18
1577,206,112,21,18
1578,204,112,21,18
1579,201,111,21,18
1580,197,108,21,18
1581,193,106,21,18
1582,191,107,21,18
1583,191,107,21,18
1584,192,108,21,18
1585,195,108,21,18
1586,199,111,21,18
1587,203,116,21,18
1588,206,120,21,18
1589,207,118,21,18
1590,207,116,21,18
1591,207,113,21,18
1592,208,106,21,18
1593,208,99,21,18
1594,208,91,21,18
1595,209,87,21,18
1596,212,90,21,18
1597,213,93,21,18
1598,212,96,21,18
1599,211,101,21,18
1600,210,106,21,18
1601,207,109,21,18
1602,204,112,21,18
1603,201,114,21,18
1604,198,113,21,18
1605,196,112,21,18
1606,196,110,21,18
1607,197,106,21,18
1608,199,106,21,18
1609,201,106,21,18
1610,202,107,21,18
1611,202,108,21,18
1612,201,106,21,18
1613,201,105,21,18
1614,201,107,21,18
1615,201,109,21,18
1616,200,109,21,18
1617,199,110,21,18
1618,198,108,21,18
1619,198,105,21,18
1620,199,102,21,18
1621,202,100,21,18
1622,204,95,21,18
1623,205,90,21,18
1624,206,88,21,18
1625,206,86,21,18
1626,205,85,21,18
1627,204,84,21,18
1628,204,86,21,18
1629,204,86,21,18
1630,205,88,21,18
1631,207,91,21,18
1632,208,96,21,18
1633,209,102,21,18
1634,210,107,21,18
1635,211,111,21,18
1636,212,115,21,18
1637,214,117,21,18
1638,215,116,21,18
1639,216,115,21,18
1640,216,112,21,18
1641,216,110,21,18
1642,215,106,21,18
1643,214,102,21,18
1644,214,100,21,18
1645,215,97,21,18
1646,215,94,21,18
1647,215,94,21,18
1648,216,96,21,18
1649,216,96,21,18
1650,216,97,21,18
1651,216,97,21,18
1652,216,94,21,18
1653,216,93,21,18
1654,216,91,21,18
1655,216,91,21,18
1656,215,93,21,18
1657,213,94,21,18
1658,211,97,21,18
1659,209,99,21,18
1660,208,99,21,18
1661,208,98,21,18
1662,207,101,21,18
1663,207,102,21,18
1664,208,97,21,18
1665,210,93,21,18
1666,213,97,21,18
1667,216,104,21,18
1668,217,108,21,18
1669,219,115,21,18
1670,222,122,21,18
1671,223,125,21,18
1672,223,122,21,18
1673,221,116,21,18
1674,219,111,21,18
1675,217,109,21,18
1676,217,105,21,18
1677,217,98,21,18
1678,218,94,21,18
1679,219,94,21,18
1680,218,93,21,18
1681,216,93,21,18
1682,215,95,21,18
1683,215,99,21,18
1684,214,101,21,18
1685,213,102,21,18
1686,213,102,21,18
1687,214,103,21,18
1688,216,106,21,18
1689,218,107,21,18
1690,222,109,21,18
1691,227,112,21,18
1692,233,114,21,18
1693,239,114,21,18
1694,244,114,21,18
1695,247,114,21,18
1696,248,113,21,18
1697,247,108,21,18
1698,245,105,21,18
1699,243,101,21,18
1700,242,99,21,18
1701,242,101,21,18
1702,240,103,21,18
1703,239,103,21,18
1704,238,102,21,18
1705,238,102,21,18
1706,240,104,21,18
1707,240,102,21,18
1708,239,99,21,18
1709,240,97,21,18
1710,243,97,21,18
1711,246,97,21,18
1712,249,99,21,18
1713,253,103,21,18
1714,258,109,21,18
1715,263,111,21,18
1716,269,111,21,18
1717,275,111,21,18
1718,282,108,21,18
1719,288,104,21,18
1720,294,103,21,18
1721,300,106,21,18
1722,305,108,21,18
1723,309,113,21,18
1724,311,111,21,18
1725,313,105,21,18
1726,316,98,21,18
1727,317,94,21,18
1728,317,87,21,18
1729,316,81,21,18
1730,314,78,21,18
1731,312,77,21,18
1732,312,76,21,18
1733,314,79,21,18
1734,317,82,21,18
1735,321,87,21,18
1736,324,90,21,18
1737,326,94,21,18
1738,327,97,21,18
1739,327,99,21,18
1740,328,100,21,18
1741,329,104,21,18
1742,329,106,21,18
1743,330,108,21,18
1744,332,110,21,18
1745,335,110,21,18
1746,339,108,21,18
1747,343,104,21,18
1748,347,102,21,18
1749,350,99,21,18
1750,352,97,21,18
1751,353,91,21,18
1752,354,86,21,18
1753,354,81,21,18
1754,352,77,21,18
1755,349,71,21,18
1756,348,66,21,18
1757,348,58,21,18
1758,349,51,21,18
1759,350,46,21,18
1760,351,41,21,18
1761,352,36,21,18
1762,354,32,21,18
1763,355,30,21,18
1764,355,32,21,18
1765,354,32,21,18
1766,354,30,21,18
1767,355,29,21,18
1768,357,29,21,18
1769,362,32,21,18
1770,364,33,21,18
1771,365,33,21,18
1772,366,34,21,18
1773,366,37,21,18
1774,362,41,21,18
1775,359,39,21,18
1776,355,36,21,18
1777,353,33,21,18
1778,352,31,21,18
1779,351,32,21,18
1780,349,37,21,18
1781,349,37,21,18
1782,351,33,21,18
1783,353,29,21,18
1784,353,25,21,18
1785,352,23,21,18
1786,351,20,21,18
1787,351,16,21,18
1788,351,11,21,18
1789,351,8,21,18
1790,350,6,21,18
1791,350,7,21,18
1792,349,5,21,18
1793,347,3,21,18
1794,345,3,21,18
1795,343,2,21,18
1796,342,2,21,18
1797,342,3,21,18
1798,342,11,21,18
1799,342,19,21,18
1800,342,18,21,18
1801,341,26,21,18
1802,339,35,21,18
1803,307,38,21,18
1804,307,38,21,18
1805,306,40,21,18
1806,305,42,21,18
1807,303,40,21,18
1808,300,37,21,18
1809,301,33,21,18
1810,300,30,21,18
1811,297,25,21,18
1812,294,20,21,18
1813,292,16,21,18
1814,290,16,21,18
1815,289,15,21,18
1816,291,14,21,18
1817,293,21,21,18
1818,293,31,21,18
1819,294,34,21,18
1820,298,33,21,18
1821,303,34,21,18
1822,305,35,21,18
1823,306,37,21,18
1824,306,37,21,18
1825,306,37,21,18
1826,305,36,21,18
1827,302,35,21,18
1828,299,31,21,18
1829,297,29,21,18
1830,296,26,21,18
1831,295,24,21,18
1832,295,19,21,18
1833,296,15,21,18
1834,298,11,21,18
1835,299,8,21,18
1836,301,7,21,18
1837,301,6,21,18
1838,302,5,21,18
1839,302,6,21,18
1840,302,8,21,18
1841,302,12,21,18
1842,302,16,21,18
1843,301,19,21,18
1844,301,19,21,18
1845,302,15,21,18
1846,302,12,21,18
1847,302,8,21,18
1848,302,7,21,18
1849,302,7,21,18
1850,300,10,21,18
1851,298,10,21,18
1852,297,10,21,18
1853,296,9,21,18
1854,294,7,21,18
1855,293,6,21,18
1856,293,6,21,18
1857,292,8,21,18
1858,290,10,21,18
1859,290,9,21,18
1860,291,9,21,18
1861,291,9,21,18
1862,291,10,21,18
1863,290,13,21,18
1864,289,15,21,18
1865,289,14,21,18
1866,289,11,21,18
1867,288,6,21,18
1868,289,4,21,18
1869,289,2,21,18
1870,290,1,21,18
1871,292,0,21,18
1872,294,0,21,18
1873,295,1,21,18
1874,295,2,21,18
1875,296,2,21,18
1876,298,1,21,18
1877,300,1,21,18
1878,300,3,21,18
1879,299,5,21,18
1880,297,7,21,18
1881,294,9,21,18
1882,290,10,21,18
1883,286,11,21,18
1884,282,11,21,18
1885,279,12,21,18
1886,277,14,21,18
1887,277,17,21,18
1888,279,18,21,18
1889,281,19,21,18
1890,283,20,21,18
1891,285,23,21,18
1892,287,26,21,18
1893,289,27,21,18
1894,291,26,21,18
1895,293,23,21,18
1896,294,20,21,18
1897,294,17,21,18
1898,294,14,21,18
1899,294,11,21,18
1900,295,9,21,18
1901,296,7,21,18
1902,298,4,21,18
1903,301,1,21,18
1904,303,0,21,18
1905,304,1,21,18
1906,305,1,21,18
1907,306,2,21,18
1908,307,0,21,18
1909,307,0,21,18
1910,328,0,21,18
1911,321,6,21,18
1912,322,4,21,18
1913,321,6,21,18
1914,320,6,21,18
1915,319,5,21,18
1916,318,3,21,18
1917,318,1,21,18
1918,317,0,21,18
1919,314,1,21,18
1920,309,0,21,18
1921,290,93,21,18
1922,284,96,21,18
1923,280,101,21,18
1924,278,106,21,18
1925,274,113,21,18
1926,278,112,21,18
1927,279,123,21,18
1928,270,108,21,18
1929,302,97,21,18
1930,299,99,21,18
1931,297,105,21,18
1932,294,109,21,18
1933,291,116,21,18
1934,290,124,21,18
1935,284,121,21,18
1936,305,103,21,18
1937,301,111,21,18
1938,301,110,21,18
1939,296,117,21,18
1940,291,124,21,18
1941,286,132,21,18
1942,283,138,21,18
1943,277,149,21,18
1944,291,149,21,18
1945,290,138,21,18
1946,279,149,21,18
1947,268,157,21,18
1948,258,166,21,18
1949,274,164,21,18
1950,238,197,21,18
1951,246,194,21,18
1952,152,28,21,18
1953,149,27,21,18
1954,148,26,21,18
1955,136,24,21,18
1956,121,22,21,18
1957,107,29,21,18
1958,91,26,21,18
1959,238,164,21,18
1960,202,164,21,18
1961,202,164,21,18
1962,205,164,21,18
1963,201,170,21,18
1964,201,171,21,18
1965,201,171,21,18
1966,203,171,21,18
1967,205,170,21,18
1968,205,173,21,18
1969,199,182,21,18
1970,199,184,21,18
1971,198,185,21,18
1972,195,187,21,18
1973,195,186,21,18
1974,203,177,21,18
1975,203,173,21,18
1976,208,165,21,18
1977,208,162,21,18
1978,208,160,21,18
1979,208,160,21,18
1980,208,160,21,18
1981,199,165,21,18
1982,195,163,21,18
1983,203,152,21,18
1984,202,150,21,18
1985,201,150,21,18
1986,201,150,21,18
1987,208,146,21,18
1988,208,149,21,18
1989,204,158,21,18
1990,175,185,21,18
1991,172,187,21,18
1992,172,187,21,18
1993,174,185,21,18
1994,172,187,21,18
1995,174,188,21,18
1996,184,185,21,18
1997,186,188,21,18
1998,185,190,21,18
1999,180,192,21,18
2000,180,190,21,18
2001,182,185,21,18
2002,185,179,21,18
2003,178,182,21,18
2004,181,179,21,18
2005,182,179,21,18
2006,196,171,21,18
2007,199,173,21,18
2008,215,165,21,18
2009,215,168,21,18
2010,223,164,21,18
2011,218,171,21,18
2012,229,168,21,18
2013,230,168,21,18
2014,228,168,21,18
2015,228,168,21,18
2016,238,161,21,18
2017,230,169,21,18
2018,229,171,21,18
2019,229,173,21,18
2020,223,176,21,18
2021,220,176,21,18
2022,205,180,21,18
2023,210,145,21,18
2024,197,145,21,18
2025,197,137,21,18
2026,190,135,21,18
2027,193,127,21,18
2028,191,127,21,18
2029,186,133,21,18
2030,179,142,21,18
2031,177,145,21,18
2032,173,152,21,18
2033,189,141,21,18
2034,181,142,21,18
2035,175,140,21,18
2036,169,143,21,18
2037,164,145,21,18
2038,162,147,21,18
2039,162,148,21,18
2040,162,149,21,18
2041,163,150,21,18
2042,166,150,21,18
2043,166,154,21,18
2044,168,158,21,18
2045,171,163,21,18
2046,161,173,21,18
2047,159,172,21,18
2048,159,171,21,18
2049,156,177,21,18
2050,167,179,21,18
2051,165,188,21,18
2052,214,163,21,18
2053,217,171,21,18
2054,233,162,21,18
2055,230,168,21,18
2056,230,163,21,18
2057,227,159,21,18
2058,224,155,21,18
2059,222,153,21,18
2060,222,153,21,18
2061,219,159,21,18
2062,219,161,21,18
2063,217,164,21,18
2064,226,161,21,18
2065,226,165,21,18
2066,226,171,21,18
2067,235,173,21,18
2068,235,177,21,18
2069,233,181,21,18
2070,227,181,21,18
2071,223,176,21,18
2072,219,172,21,18
2073,215,172,21,18
2074,215,170,21,18
2075,212,168,21,18
2076,206,168,21,18
2077,205,168,21,18
2078,211,172,21,18
2079,212,174,21,18
2080,208,177,21,18
2081,204,178,21,18
2082,200,178,21,18
2083,200,178,21,18
2084,198,177,21,18
2085,192,180,21,18
2086,189,182,21,18
2087,191,182,21,18
2088,192,184,21,18
2089,192,187,21,18
2090,188,189,21,18
2091,180,191,21,18
2092,170,194,21,18
2093,170,192,21,18
2094,174,191,21,18
2095,198,176,21,18
2096,203,179,21,18
2097,202,183,21,18
2098,198,186,21,18
2099,196,189,21,18
2100,197,192,21,18
2101,195,195,21,18
2102,192,197,21,18
2103,192,199,21,18
2104,206,192,21,18
2105,211,200,21,18
2106,212,202,21,18
2107,209,204,21,18
2108,206,205,21,18
2109,203,204,21,18
2110,203,199,21,18
2111,198,199,21,18
2112,198,196,21,18
2113,194,197,21,18
2114,194,196,21,18
2115,190,198,21,18
2116,186,198,21,18
2117,185,196,21,18
2118,185,194,21,18
2119,181,195,21,18
2120,181,191,21,18
2121,181,191,21,18
2122,181,194,21,18
2123,184,195,21,18
2124,184,195,21,18
2125,180,199,21,18
2126,176,199,21,18
2127,173,197,21,18
2128,171,193,21,18
2129,169,191,21,18
2130,166,192,21,18
2131,163,192,21,18
2132,161,193,21,18
2133,161,193,21,18
2134,159,193,21,18
2135,155,198,21,18
2136,153,199,21,18
2137,148,201,21,18
2138,144,201,21,18
2139,140,202,21,18
2140,141,202,21,18
2141,141,201,21,18
2142,141,203,21,18
2143,141,202,21,18
2144,136,203,21,18
2145,133,203,21,18
2146,134,205,21,18
2147,135,207,21,18
2148,133,207,21,18
2149,143,201,21,18
2150,144,204,21,18
2151,145,206,21,18
2152,143,206,21,18
2153,144,206,21,18
2154,145,208,21,18
2155,144,210,21,18
2156,141,210,21,18
2157,139,210,21,18
2158,139,207,21,18
2159,138,207,21,18
2160,138,207,21,18
2161,136,206,21,18
2162,134,207,21,18
2163,139,207,21,18
2164,145,208,21,18
2165,152,207,21,18
2166,161,205,21,18
2167,164,207,21,18
2168,167,207,21,18
2169,169,207,21,18
2170,175,207,21,18
2171,174,209,21,18
2172,173,210,21,18
2173,171,211,21,18
2174,169,214,21,18
2175,165,214,21,18
2176,158,212,21,18
2177,150,210,21,18
2178,143,211,21,18
2179,140,213,21,18
2180,142,210,21,18
2181,140,211,21,18
2182,140,211,21,18
2183,140,211,21,18
2184,138,210,21,18
2185,136,213,21,18
2186,145,209,21,18
2187,145,208,21,18
2188,147,200,21,18
2189,147,194,21,18
2190,143,190,21,18
2191,137,186,21,18
2192,131,186,21,18
2193,129,186,21,18
2194,127,187,21,18
2195,135,183,21,18
2196,135,186,21,18
2197,136,186,21,18
2198,139,186,21,18
2199,139,186,21,18
2200,139,186,21,18
2201,144,186,21,18
2202,151,186,21,18
2203,147,191,21,18
2204,149,191,21,18
2205,149,194,21,18
2206,153,194,21,18
2207,153,198,21,18
2208,158,199,21,18
2209,160,201,21,18
2210,157,204,21,18
2211,157,200,21,18
2212,157,196,21,18
2213,157,197,21,18
2214,160,197,21,18
2215,161,197,21,18
2216,166,195,21,18
2217,164,196,21,18
2218,164,193,21,18
2219,160,192,21,18
2220,158,193,21,18
2221,156,197,21,18
2222,158,197,21,18
2223,158,195,21,18
2224,154,195,21,18
2225,154,194,21,18
2226,150,194,21,18
2227,150,193,21,18
2228,150,193,21,18
2229,142,192,21,18
2230,134,194,21,18
2231,138,192,21,18
2232,136,193,21,18
2233,139,186,21,18
2234,138,183,21,18
2235,145,171,21,18
2236,137,172,21,18
2237,137,172,21,18
2238,137,175,21,18
2239,133,181,21,18
2240,133,185,21,18
2241,136,187,21,18
2242,135,187,21,18
2243,129,190,21,18
2244,133,189,21,18
2245,137,189,21,18
2246,133,190,21,18
2247,131,190,21,18
2248,131,192,21,18
2249,131,192,21,18
2250,127,193,21,18
2251,127,193,21,18
2252,127,194,21,18
2253,125,196,21,18
2254,131,196,21,18
2255,136,196,21,18
2256,131,199,21,18
2257,128,200,21,18
2258,129,202,21,18
2259,130,200,21,18
2260,126,194,21,18
2261,118,194,21,18
2262,120,194,21,18
2263,118,196,21,18
2264,114,198,21,18
2265,116,200,21,18
2266,117,203,21,18
2267,122,202,21,18
2268,128,204,21,18
2269,138,205,21,18
2270,147,205,21,18
2271,155,203,21,18
2272,155,201,21,18
2273,153,197,21,18
2274,148,197,21,18
2275,158,189,21,18
2276,158,186,21,18
2277,158,184,21,18
2278,164,182,21,18
2279,168,182,21,18
2280,167,182,21,18
2281,163,182,21,18
2282,161,184,21,18
2283,159,188,21,18
2284,154,190,21,18
2285,147,194,21,18
2286,150,197,21,18
2287,151,200,21,18
2288,151,200,21,18
2289,148,202,21,18
2290,146,204,21,18
2291,147,203,21,18
2292,149,200,21,18
2293,147,200,21,18
2294,147,200,21,18
2295,146,201,21,18
2296,145,203,21,18
2297,145,203,21,18
2298,146,204,21,18
2299,148,204,21,18
2300,148,204,21,18
2301,146,206,21,18
2302,145,207,21,18
2303,144,207,21,18
2304,145,209,21,18
2305,152,211,21,18
2306,160,209,21,18
2307,159,210,21,18
2308,156,212,21,18
2309,151,214,21,18
2310,151,211,21,18
2311,146,211,21,18
2312,144,208,21,18
2313,138,208,21,18
2314,136,208,21,18
2315,138,208,21,18
2316,139,210,21,18
2317,144,210,21,18
2318,147,210,21,18
2319,149,210,21,18
2320,145,213,21,18
2321,137,221,21,18
2322,179,215,21,18
2323,179,215,21,18
2324,179,213,21,18
2325,181,213,21,18
2326,181,215,21,18
2327,185,213,21,18
2328,193,210,21,18
2329,205,204,21,18
2330,210,206,21,18
2331,219,205,21,18
2332,226,205,21,18
2333,222,207,21,18
2334,219,208,21,18
2335,216,211,21,18
2336,216,213,21,18
2337,221,212,21,18
2338,232,189,21,18
2339,229,188,21,18
2340,226,185,21,18
2341,224,183,21,18
2342,222,180,21,18
2343,220,178,21,18
2344,220,179,21,18
2345,220,185,21,18
2346,231,178,21,18
2347,231,183,21,18
2348,240,173,21,18
2349,238,178,21,18
2350,236,178,21,18
2351,234,178,21,18
2352,232,179,21,18
2353,229,179,21,18
2354,226,179,21,18
2355,225,185,21,18
2356,225,189,21,18
2357,225,194,21,18
2358,233,191,21,18
2359,235,195,21,18
2360,235,199,21,18
2361,241,184,21,18
2362,239,187,21,18
2363,237,191,21,18
2364,243,187,21,18
2365,243,192,21,18
2366,243,191,21,18
2367,243,193,21,18
2368,249,197,21,18
2369,258,200,21,18
2370,261,202,21,18
2371,261,203,21,18
2372,260,205,21,18
2373,261,207,21,18
2374,262,209,21,18
2375,262,214,21,18
2376,270,179,21,18
2377,273,188,21,18
2378,277,190,21,18
2379,280,194,21,18
2380,282,201,21,18
2381,283,204,21,18
2382,285,207,21,18
2383,289,208,21,18
2384,293,210,21,18
2385,297,211,21,18
2386,301,212,21,18
2387,304,201,21,18
2388,306,202,21,18
2389,308,205,21,18
2390,306,192,21,18
2391,307,186,21,18
2392,308,188,21,18
2393,307,180,21,18
2394,309,186,21,18
2395,306,184,21,18
2396,306,188,21,18
2397,307,190,21,18
2398,312,194,21,18
2399,317,196,21,18
2400,323,199,21,18
2401,327,201,21,18
2402,326,197,21,18
2403,326,197,21,18
2404,325,199,21,18
2405,324,199,21,18
2406,327,201,21,18
2407,351,191,21,18
2408,329,173,21,18
2409,332,178,21,18
2410,332,178,21,18
2411,332,178,21,18
2412,332,180,21,18
2413,329,182,21,18
2414,326,182,21,18
2415,324,177,21,18
2416,324,173,21,18
2417,327,170,21,18
2418,329,167,21,18
2419,331,165,21,18
2420,333,165,21,18
2421,333,165,21,18
2422,334,163,21,18
2423,337,163,21,18
2424,342,169,21,18
2425,340,171,21,18
2426,343,177,21,18
2427,344,182,21,18
2428,343,182,21,18
2429,344,182,21,18
2430,350,182,21,18
2431,356,182,21,18
2432,364,184,21,18
2433,365,184,21,18
2434,364,186,21,18
2435,368,191,21,18
2436,368,193,21,18
2437,368,193,21,18
2438,367,189,21,18
2439,367,186,21,18
2440,373,188,21,18
2441,372,188,21,18
2442,373,191,21,18
2443,372,194,21,18
2444,372,194,21,18
2445,370,194,21,18
2446,370,195,21,18
2447,370,195,21,18
2448,370,193,21,18
2449,371,193,21,18
2450,370,193,21,18
2451,372,195,21,18
2452,372,195,21,18
2453,369,193,21,18
2454,369,193,21,18
2455,370,193,21,18
2456,372,193,21,18
2457,373,194,21,18
2458,373,194,21,18
2459,377,195,21,18
2460,385,199,21,18
2461,386,199,21,18
2462,388,201,21,18
2463,392,203,21,18
2464,396,203,21,18
2465,405,204,21,18
2466,405,201,21,18
2467,405,202,21,18
2468,403,201,21,18
2469,401,197,21,18
2470,394,192,21,18
2471,395,195,21,18
2472,386,192,21,18
2473,383,191,21,18
2474,381,193,21,18
2475,379,195,21,18
2476,379,195,21,18
2477,383,195,21,18
2478,390,197,21,18
2479,397,199,21,18
2480,394,195,21,18
2481,402,197,21,18
2482,397,193,21,18
2483,399,195,21,18
2484,403,197,21,18
2485,404,195,21,18
2486,411,196,21,18
2487,410,196,21,18
2488,406,197,21,18
2489,407,199,21,18
2490,410,201,21,18
2491,412,204,21,18
2492,401,206,21,18
2493,402,208,21,18
2494,406,210,21,18
2495,401,206,21,18
2496,404,206,21,18
2497,404,206,21,18
2498,405,208,21,18
2499,408,209,21,18
2500,411,210,21,18
2501,411,209,21,18
2502,410,210,21,18
2503,408,210,21,18
2504,404,204,21,18
2505,403,200,21,18
2506,404,198,21,18
2507,402,193,21,18
2508,407,193,21,18
2509,407,196,21,18
2510,410,201,21,18
2511,410,204,21,18
2512,405,204,21,18
2513,404,205,21,18
2514,404,205,21,18
2515,405,205,21,18
2516,404,205,21,18
2517,408,206,21,18
2518,410,206,21,18
2519,410,206,21,18
2520,409,206,21,18
2521,409,208,21,18
2522,407,208,21,18
2523,407,209,21,18
2524,403,208,21,18
2525,398,205,21,18
2526,397,209,21,18
2527,378,192,21,18
2528,380,181,21,18
2529,384,176,21,18
2530,382,178,21,18
2531,384,184,21,18
2532,388,184,21,18
2533,390,184,21,18
2534,392,185,21,18
2535,393,182,21,18
2536,393,182,21,18
2537,399,190,21,18
2538,396,192,21,18
2539,402,194,21,18
2540,401,192,21,18
2541,399,189,21,18
2542,386,172,21,18
2543,390,174,21,18
2544,387,178,21,18
2545,385,183,21,18
2546,389,187,21,18
2547,368,173,21,18
2548,364,176,21,18
2549,364,180,21,18
2550,364,178,21,18
2551,370,183,21,18
2552,366,184,21,18
2553,370,188,21,18
2554,369,186,21,18
2555,367,184,21,18
2556,366,184,21,18
2557,369,184,21,18
2558,371,186,21,18
2559,365,183,21,18
2560,362,183,21,18
2561,360,183,21,18
2562,356,183,21,18
2563,358,185,21,18
2564,364,187,21,18
2565,362,181,21,18
2566,370,183,21,18
2567,373,182,21,18
2568,375,181,21,18
2569,378,183,21,18
2570,379,183,21,18
2571,379,183,21,18
2572,378,183,21,18
2573,379,185,21,18
2574,382,187,21,18
2575,384,188,21,18
2576,388,189,21,18
2577,389,189,21,18
2578,389,185,21,18
2579,394,187,21,18
2580,396,189,21,18
2581,397,194,21,18
2582,392,194,21,18
2583,380,185,21,18
2584,379,185,21,18
2585,381,185,21,18
2586,377,179,21,18
2587,378,179,21,18
2588,376,179,21,18
2589,373,177,21,18
2590,373,172,21,18
2591,377,172,21,18
2592,378,172,21,18
2593,381,172,21,18
2594,383,172,21,18
2595,381,174,21,18
2596,379,174,21,18
2597,383,172,21,18
2598,383,166,21,18
2599,390,169,21,18
2600,394,170,21,18
2601,404,178,21,18
2602,406,181,21,18
2603,409,181,21,18
2604,409,179,21,18
2605,409,179,21,18
2606,412,182,21,18
2607,415,186,21,18
2608,407,184,21,18
2609,396,181,21,18
2610,401,189,21,18
2611,404,191,21,18
2612,408,194,21,18
2613,410,197,21,18
2614,404,192,21,18
2615,411,197,21,18
2616,412,194,21,18
2617,420,194,21,18
2618,423,190,21,18
2619,431,192,21,18
2620,431,189,21,18
2621,425,183,21,18
2622,425,185,21,18
2623,425,188,21,18
2624,426,189,21,18
2625,432,189,21,18
2626,432,187,21,18
2627,442,190,21,18
2628,448,190,21,18
2629,450,189,21,18
2630,454,189,21,18
2631,458,189,21,18
2632,463,190,21,18
2633,466,193,21,18
2634,467,196,21,18
2635,473,198,21,18
2636,479,195,21,18
2637,481,195,21,18
2638,476,195,21,18
2639,474,192,21,18
2640,473,192,21,18
2641,470,192,21,18
2642,468,192,21,18
2643,471,192,21,18
2644,479,192,21,18
2645,480,187,21,18
2646,487,187,21,18
2647,488,187,21,18
2648,482,187,21,18
2649,485,190,21,18
2650,480,182,21,18
2651,482,182,21,18
2652,487,182,21,18
2653,494,182,21,18
2654,497,182,21,18
2655,493,182,21,18
2656,493,182,21,18
2657,495,182,21,18
2658,506,187,21,18
2659,519,189,21,18
2660,530,190,21,18
2661,528,187,21,18
2662,535,190,21,18
2663,545,190,21,18
2664,553,190,21,18
2665,562,190,21,18
2666,566,190,21,18
2667,564,190,21,18
2668,568,190,21,18
2669,570,182,21,18
2670,573,172,21,18
2671,583,169,21,18
2672,586,160,21,18
2673,589,154,21,18
2674,595,152,21,18
2675,589,147,21,18
2676,589,144,21,18
2677,589,138,21,18
2678,589,133,21,18
2679,595,133,21,18
2680,598,133,21,18
2681,604,135,21,18
2682,616,142,21,18
2683,521,189,21,18
2684,511,170,21,18
2685,519,170,21,18
2686,526,174,21,18
2687,489,153,21,18
2688,498,159,21,18
2689,504,162,21,18
2690,512,164,21,18
2691,522,166,21,18
2692,532,168,21,18
2693,517,158,21,18
2694,528,157,21,18
2695,540,158,21,18
2696,549,160,21,18
2697,555,162,21,18
2698,561,162,21,18
2699,569,163,21,18
2700,578,162,21,18
2701,586,160,21,18
2702,589,160,21,18
2703,591,164,21,18
2704,597,170,21,18
2705,600,168,21,18
2706,602,162,21,18
2707,609,159,21,18
2708,610,155,21,18
2709,610,156,21,18
2710,610,163,21,18
2711,618,173,21,18
2712,618,177,21,18
2713,107,168,21,18
2714,95,168,21,18
2715,151,159,21,18
2716,151,162,21,18
2717,161,167,21,18
2718,169,167,21,18
2719,177,167,21,18
2720,119,165,21,18
2721,369,218,21,18
2722,351,218,21,18
2723,354,218,21,18
2724,354,217,21,18
2725,330,215,21,18
2726,304,214,21,18
2727,270,214,21,18
2728,272,214,21,18
2729,264,213,21,18
2730,266,213,21,18
2731,266,210,21,18
2732,252,213,21,18
2733,252,212,21,18
2734,190,134,21,18
2735,202,137,21,18
2736,204,140,21,18
2737,206,140,21,18
2738,207,136,21,18
2739,206,132,21,18
2740,203,128,21,18
2741,200,125,21,18
2742,198,125,21,18
2743,196,126,21,18
2744,195,124,21,18
2745,197,119,21,18
2746,197,119,21,18
2747,196,121,21,18
2748,192,126,21,18
2749,186,126,21,18
2750,178,125,21,18
2751,169,123,21,18
2752,159,120,21,18
2753,150,116,21,18
2754,140,114,21,18
2755,118,115,21,18
2756,183,215,21,18
2757,169,215,21,18
2758,193,213,21,18
2759,475,209,21,18
2760,477,210,21,18
2761,475,210,21,18
2762,483,209,21,18
2763,475,209,21,18
2764,470,209,21,18
2765,476,206,21,18
2766,503,202,21,18
2767,478,208,21,18
2768,479,209,21,18
2769,494,204,21,18
2770,475,205,21,18
2771,475,205,21,18
2772,487,203,21,18
2773,487,206,21,18
2774,497,206,21,18
2775,497,205,21,18
2776,505,202,21,18
2777,492,204,21,18
2778,486,204,21,18
2779,463,208,21,18
2780,476,203,21,18
2781,462,204,21,18
2782,444,204,21,18
2783,441,204,21,18
2784,456,204,21,18
2785,458,205,21,18
2786,465,203,21,18
2787,468,201,21,18
2788,472,201,21,18
2789,474,202,21,18
2790,472,202,21,18
2791,468,202,21,18
2792,468,201,21,18
2793,468,201,21,18
2794,471,201,21,18
2795,474,200,21,18
2796,471,200,21,18
2797,475,200,21,18
2798,480,200,21,18
2799,480,200,21,18
2800,495,197,21,18
2801,496,198,21,18
2802,500,198,21,18
2803,500,198,21,18
2804,511,195,21,18
2805,512,196,21,18
2806,517,197,21,18
2807,543,198,21,18
2808,528,203,21,18
2809,510,202,21,18
2810,518,193,21,18
2811,499,191,21,18
2812,473,192,21,18
2813,438,200,21,18
2814,454,202,21,18
2815,463,205,21,18
2816,465,206,21,18
2817,462,206,21,18
2818,433,209,21,18
2819,452,204,21,18
2820,454,204,21,18
2821,452,204,21,18
2822,436,204,21,18
2823,420,203,21,18
2824,419,201,21,18
2825,419,201,21,18
2826,419,204,21,18
2827,419,202,21,18
2828,422,200,21,18
2829,422,197,21,18
2830,425,197,21,18
2831,422,197,21,18
2832,440,196,21,18
2833,436,194,21,18
2834,447,189,21,18
2835,417,187,21,18
2836,384,188,21,18
2837,376,188,21,18
2838,376,190,21,18
2839,372,190,21,18
2840,340,195,21,18
2841,345,191,21,18
2842,324,191,21,18
2843,314,191,21,18
2844,322,185,21,18
2845,306,189,21,18
2846,291,189,21,18
2847,299,189,21,18
2848,277,194,21,18
2849,290,188,21,18
2850,280,185,21,18
2851,275,181,21,18
2852,272,178,21,18
2853,267,178,21,18
2854,278,177,21,18
2855,256,187,21,18
2856,264,189,21,18
2857,277,189,21,18
2858,274,189,21,18
2859,266,189,21,18
2860,236,190,21,18
2861,204,192,21,18
2862,183,193,21,18
2863,150,192,21,18
2864,161,182,21,18
2865,161,173,21,18
2866,131,173,21,18
2867,115,172,21,18
2868,95,175,21,18
2869,106,171,21,18
2870,90,171,21,18
2871,80,171,21,18
2872,76,165,21,18
2873,65,163,21,18
2874,56,161,21,18
2875,45,160,21,18
2876,36,161,21,18
2877,49,155,21,18
2878,41,152,21,18
2879,36,150,21,18
2880,61,144,21,18
2881,74,142,21,18
2882,92,135,21,18
2883,84,131,21,18
2884,76,129,21,18
2885,69,130,21,18
2886,64,133,21,18
2887,59,139,21,18
2888,53,142,21,18
2889,51,142,21,18
2890,53,144,21,18
2891,47,147,21,18
2892,41,152,21,18
2893,41,156,21,18
2894,36,161,21,18
2895,30,161,21,18
2896,26,165,21,18
2897,30,173,21,18
2898,32,186,21,18
2899,80,185,21,18
2900,6,217,21,18
2901,49,217,21,18
2902,65,221,21,18
2903,107,221,21,18
2904,233,215,21,18
2905,231,217,21,18
2906,250,63,21,18
2907,242,61,21,18
2908,233,60,21,18
2909,216,61,21,18
2910,292,58,21,18
2911,293,55,21,18
2912,259,47,21,18
2913,259,43,21,18
2914,312,36,21,18
2915,317,26,21,18
2916,216,16,21,18
2917,600,77,21,18
2918,472,190,21,18
2919,464,187,21,18
2920,483,190,21,18
2921,505,191,21,18
2922,518,195,21,18
2923,514,197,21,18
2924,530,200,21,18
2925,547,202,21,18
2926,574,205,21,18
2927,588,208,21,18
2928,590,210,21,18
2929,546,207,21,18
2930,505,206,21,18
2931,522,208,21,18
2932,495,207,21,18
2933,511,207,21,18
2934,528,206,21,18
2935,548,208,21,18
2936,554,207,21,18
2937,537,208,21,18
2938,537,207,21,18
2939,555,206,21,18
2940,563,209,21,18
2941,494,185,21,18
2942,530,182,21,18
2943,54,212,21,18
2944,39,213,21,18
2945,53,207,21,18
2946,45,207,21,18
2947,36,206,21,18
2948,92,192,21,18
2949,85,192,21,18
2950,77,192,21,18
2951,66,192,21,18
2952,61,191,21,18
2953,50,190,21,18
2954,40,190,21,18
2955,27,189,21,18
2956,40,182,21,18
2957,27,178,21,18
2958,11,171,21,18
2959,27,165,21,18
2960,19,164,21,18
2961,83,152,21,18
2962,76,153,21,18
2963,68,156,21,18
2964,58,160,21,18
2965,46,163,21,18
2966,33,161,21,18
2967,27,154,21,18
2968,13,149,21,18
2969,278,213,21,18
2970,131,171,21,18
2971,120,174,21,18
2972,114,174,21,18
2973,528,99,21,18
2974,541,97,21,18
2975,485,107,21,18
2976,495,105,21,18
2977,505,102,21,18
2978,515,99,21,18
2979,524,98,21,18
2980,532,97,21,18
2981,541,98,21,18
2982,551,98,21,18
2983,268,133,21,18
2984,268,131,21,18
2985,269,130,21,18
2986,270,129,21,18
2987,271,127,21,18
2988,273,125,21,18
2989,274,124,21,18
2990,275,121,21,18
2991,275,119,21,18
2992,275,118,21,18
2993,276,122,21,18
2994,278,125,21,18
2995,277,120,21,18
2996,277,112,21,18
2997,272,108,21,18
2998,274,105,21,18
2999,275,100,21,18
3000,277,101,21,18
3001,279,104,21,18
3002,279,103,21,18
3003,279,103,21,18
3004,277,100,21,18
3005,260,101,21,18
3006,259,103,21,18
3007,258,101,21,18
3008,257,97,21,18
3009,256,93,21,18
3010,254,93,21,18
3011,246,93,21,18
3012,242,94,21,18
3013,245,96,21,18
3014,254,95,21,18
3015,252,94,21,18
3016,250,91,21,18
3017,248,91,21,18
3018,247,93,21,18
3019,245,94,21,18
3020,244,94,21,18
3021,242,93,21,18
3022,242,94,21,18
3023,240,96,21,18
3024,240,100,21,18
3025,238,103,21,18
3026,236,109,21,18
3027,236,116,21,18
3028,238,122,21,18
3029,240,123,21,18
3030,241,121,21,18
3031,247,121,21,18
3032,251,117,21,18
3033,236,109,21,18
3034,243,108,21,18
3035,243,113,21,18
3036,241,116,21,18
3037,239,121,21,18
3038,232,128,21,18
3039,232,133,21,18
3040,230,133,21,18
3041,228,134,21,18
3042,224,137,21,18
3043,232,141,21,18
3044,232,142,21,18
3045,229,140,21,18
3046,224,136,21,18
3047,226,130,21,18
3048,225,127,21,18
3049,230,126,21,18
3050,243,125,21,18
3051,232,123,21,18
3052,229,122,21,18
3053,232,120,21,18
3054,236,119,21,18
3055,259,121,21,18
3056,267,126,21,18
3057,265,133,21,18
3058,268,137,21,18
3059,275,138,21,18
3060,267,136,21,18
3061,271,135,21,18
3062,277,139,21,18
3063,276,141,21,18
3064,272,141,21,18
3065,269,136,21,18
3066,273,126,21,18
3067,285,133,21,18
3068,288,133,21,18
3069,275,137,21,18
3070,276,138,21,18
3071,274,130,21,18
3072,268,127,21,18
3073,301,119,21,18
3074,285,119,21,18
3075,299,110,21,18
3076,285,111,21,18
3077,276,109,21,18
3078,293,111,21,18
3079,255,109,21,18
3080,281,112,21,18
3081,256,114,21,18
3082,240,114,21,18
3083,246,117,21,18
3084,228,117,21,18
3085,257,118,21,18
3086,258,117,21,18
3087,227,123,21,18
3088,248,129,21,18
3089,256,137,21,18
3090,247,141,21,18
