14-LongDuration 4
1,473,103,306,98
2,475,101,306,98
3,473,101,306,98
4,475,101,306,98
5,474,101,306,98
6,474,102,306,98
7,473,103,306,98
8,474,105,306,98
9,473,106,306,98
10,473,107,306,98
11,474,108,306,98
12,471,107,306,98
13,472,106,306,98
14,471,105,306,98
15,472,103,306,98
16,469,101,306,98
17,470,99,306,98
18,468,97,306,98
19,469,97,306,98
20,467,99,306,98
21,466,100,306,98
22,466,104,306,98
23,464,107,306,98
24,465,108,306,98
25,463,109,306,98
26,463,109,306,98
27,461,106,306,98
28,461,104,306,98
29,460,101,306,98
30,461,99,306,98
31,459,100,306,98
32,460,100,306,98
33,458,104,306,98
34,458,106,306,98
35,459,109,306,98
36,456,113,306,98
37,458,111,306,98
38,456,114,306,98
39,457,106,306,98
40,456,103,306,98
41,458,95,306,98
42,458,91,306,98
43,458,87,306,98
44,456,90,306,98
45,452,91,306,98
46,452,96,306,98
47,449,101,306,98
48,449,106,306,98
49,450,106,306,98
50,449,106,306,98
51,451,104,306,98
52,448,101,306,98
53,450,98,306,98
54,450,95,306,98
55,450,95,306,98
56,450,93,306,98
57,450,95,306,98
58,449,94,306,98
59,448,97,306,98
60,448,97,306,98
61,447,99,306,98
62,448,100,306,98
63,447,100,306,98
64,447,102,306,98
65,446,100,306,98
66,447,98,306,98
67,447,99,306,98
68,447,96,306,98
69,447,97,306,98
70,446,97,306,98
71,449,97,306,98
72,448,99,306,98
73,449,100,306,98
74,448,100,306,98
75,448,101,306,98
76,449,100,306,98
77,446,101,306,98
78,448,99,306,98
79,447,96,306,98
80,449,95,306,98
81,447,93,306,98
82,447,92,306,98
83,448,93,306,98
84,447,93,306,98
85,449,100,306,98
86,447,100,306,98
87,449,102,306,98
88,447,101,306,98
89,449,99,306,98
90,448,96,306,98
91,448,93,306,98
92,449,93,306,98
93,449,92,306,98
94,450,95,306,98
95,450,95,306,98
96,449,98,306,98
97,449,99,306,98
98,450,100,306,98
99,450,100,306,98
100,449,100,306,98
101,450,100,306,98
102,451,97,306,98
103,450,98,306,98
104,450,96,306,98
105,451,97,306,98
106,452,96,306,98
107,452,97,306,98
108,451,97,306,98
109,452,98,306,98
110,451,100,306,98
111,453,101,306,98
112,453,101,306,98
113,455,100,306,98
114,453,99,306,98
115,453,97,306,98
116,453,94,306,98
117,452,94,306,98
118,453,90,306,98
119,453,90,306,98
120,451,90,306,98
121,454,89,306,98
122,453,92,306,98
123,454,91,306,98
124,456,96,306,98
125,455,96,306,98
126,456,99,306,98
127,455,100,306,98
128,458,99,306,98
129,455,102,306,98
130,456,100,306,98
131,455,100,306,98
132,456,98,306,98
133,455,97,306,98
134,456,95,306,98
135,455,94,306,98
136,455,95,306,98
137,455,95,306,98
138,457,96,306,98
139,455,100,306,98
140,460,102,306,98
141,460,101,306,98
142,459,103,306,98
143,461,98,306,98
144,460,98,306,98
145,460,96,306,98
146,460,94,306,98
147,461,94,306,98
148,458,94,306,98
149,460,96,306,98
150,460,96,306,98
151,461,99,306,98
152,462,98,306,98
153,463,99,306,98
154,463,99,306,98
155,463,96,306,98
156,463,97,306,98
157,459,94,306,98
158,461,91,306,98
159,458,90,306,98
160,459,91,306,98
161,459,91,306,98
162,459,93,306,98
163,458,96,306,98
164,456,98,306,98
165,458,100,306,98
166,454,99,306,98
167,456,99,306,98
168,455,97,306,98
169,458,96,306,98
170,455,93,306,98
171,454,93,306,98
172,457,88,306,98
173,455,90,306,98
174,457,90,306,98
175,456,92,306,98
176,458,94,306,98
177,455,97,306,98
178,456,99,306,98
179,458,98,306,98
180,455,99,306,98
181,456,98,306,98
182,453,95,306,98
183,456,91,306,98
184,450,91,306,98
185,454,88,306,98
186,453,87,306,98
187,453,87,306,98
188,454,89,306,98
189,453,90,306,98
190,455,93,306,98
191,450,95,306,98
192,454,95,306,98
193,452,97,306,98
194,452,96,306,98
195,452,97,306,98
196,453,94,306,98
197,453,95,306,98
198,451,96,306,98
199,448,99,306,98
200,449,102,306,98
201,448,103,306,98
202,449,107,306,98
203,454,102,306,98
204,454,100,306,98
205,454,93,306,98
206,455,89,306,98
207,448,81,306,98
208,448,80,306,98
209,445,82,306,98
210,447,82,306,98
211,449,88,306,98
212,449,92,306,98
213,453,98,306,98
214,450,101,306,98
215,453,101,306,98
216,448,102,306,98
217,448,98,306,98
218,444,99,306,98
219,443,95,306,98
220,444,94,306,98
221,444,92,306,98
222,446,92,306,98
223,447,93,306,98
224,450,95,306,98
225,451,97,306,98
226,453,98,306,98
227,454,99,306,98
228,455,99,306,98
229,454,99,306,98
230,459,95,306,98
231,456,92,306,98
232,454,90,306,98
233,455,86,306,98
234,455,85,306,98
235,457,84,306,98
236,457,87,306,98
237,460,88,306,98
238,462,94,306,98
239,469,95,306,98
240,464,101,306,98
241,467,104,306,98
242,467,105,306,98
243,466,103,306,98
244,469,103,306,98
245,464,99,306,98
246,469,99,306,98
247,468,96,306,98
248,472,95,306,98
249,471,96,306,98
250,470,97,306,98
251,472,97,306,98
252,469,99,306,98
253,473,96,306,98
254,469,99,306,98
255,471,94,306,98
256,469,95,306,98
257,470,91,306,98
258,469,92,306,98
259,471,89,306,98
260,471,89,306,98
261,471,89,306,98
262,472,87,306,98
263,474,87,306,98
264,472,88,306,98
265,474,88,306,98
266,474,90,306,98
267,478,90,306,98
268,476,91,306,98
269,476,93,306,98
270,477,95,306,98
271,476,97,306,98
272,476,99,306,98
273,472,99,306,98
274,477,95,306,98
275,473,92,306,98
276,478,89,306,98
277,474,85,306,98
278,476,84,306,98
279,474,84,306,98
280,475,86,306,98
281,476,89,306,98
282,476,94,306,98
283,476,100,306,98
284,476,106,306,98
285,476,111,306,98
286,475,110,306,98
287,477,107,306,98
288,472,107,306,98
289,475,103,306,98
290,471,100,306,98
291,479,97,306,98
292,471,92,306,98
293,472,92,306,98
294,474,92,306,98
295,472,95,306,98
296,477,96,306,98
297,470,100,306,98
298,478,100,306,98
299,475,102,306,98
300,477,102,306,98
301,482,103,306,98
302,474,96,306,98
303,476,97,306,98
304,471,95,306,98
305,473,95,306,98
306,471,94,306,98
307,473,91,306,98
308,474,94,306,98
309,477,95,306,98
310,477,97,306,98
311,477,99,306,98
312,479,100,306,98
313,478,96,306,98
314,476,97,306,98
315,475,94,306,98
316,475,96,306,98
317,475,93,306,98
318,475,96,306,98
319,477,91,306,98
320,473,95,306,98
321,476,96,306,98
322,474,100,306,98
323,476,95,306,98
324,475,96,306,98
325,474,94,306,98
326,473,91,306,98
327,473,90,306,98
328,471,91,306,98
329,475,88,306,98
330,475,87,306,98
331,474,89,306,98
332,473,92,306,98
333,474,94,306,98
334,473,95,306,98
335,471,97,306,98
336,473,95,306,98
337,475,94,306,98
338,479,93,306,98
339,470,92,306,98
340,476,86,306,98
341,470,88,306,98
342,472,85,306,98
343,472,84,306,98
344,469,87,306,98
345,472,88,306,98
346,468,93,306,98
347,471,92,306,98
348,470,98,306,98
349,469,99,306,98
350,470,98,306,98
351,466,99,306,98
352,467,94,306,98
353,468,95,306,98
354,467,89,306,98
355,464,96,306,98
356,465,91,306,98
357,465,92,306,98
358,463,94,306,98
359,465,95,306,98
360,461,97,306,98
361,470,95,306,98
362,465,96,306,98
363,460,97,306,98
364,467,97,306,98
365,455,100,306,98
366,464,96,306,98
367,461,94,306,98
368,460,95,306,98
369,468,97,306,98
370,460,94,306,98
371,463,95,306,98
372,461,95,306,98
373,459,93,306,98
374,463,92,306,98
375,458,95,306,98
376,462,97,306,98
377,458,96,306,98
378,462,95,306,98
379,460,95,306,98
380,457,98,306,98
381,463,94,306,98
382,458,91,306,98
383,459,92,306,98
384,459,91,306,98
385,455,87,306,98
386,460,88,306,98
387,453,90,306,98
388,456,90,306,98
389,455,91,306,98
390,453,95,306,98
391,453,95,306,98
392,452,98,306,98
393,453,97,306,98
394,452,96,306,98
395,452,96,306,98
396,454,94,306,98
397,450,96,306,98
398,451,93,306,98
399,453,93,306,98
400,452,92,306,98
401,453,93,306,98
402,455,96,306,98
403,457,93,306,98
404,452,96,306,98
405,457,97,306,98
406,453,98,306,98
407,454,98,306,98
408,455,99,306,98
409,457,96,306,98
410,459,99,306,98
411,459,99,306,98
412,457,95,306,98
413,460,93,306,98
414,460,92,306,98
415,459,90,306,98
416,459,88,306,98
417,457,92,306,98
418,457,90,306,98
419,457,92,306,98
420,458,91,306,98
421,459,92,306,98
422,457,96,306,98
423,459,92,306,98
424,458,95,306,98
425,460,92,306,98
426,459,91,306,98
427,461,87,306,98
428,464,86,306,98
429,461,88,306,98
430,463,86,306,98
431,459,88,306,98
432,462,89,306,98
433,459,89,306,98
434,460,91,306,98
435,460,94,306,98
436,458,95,306,98
437,460,96,306,98
438,456,97,306,98
439,459,97,306,98
440,460,95,306,98
441,458,96,306,98
442,461,91,306,98
443,460,93,306,98
444,458,88,306,98
445,458,87,306,98
446,458,85,306,98
447,458,83,306,98
448,460,84,306,98
449,456,85,306,98
450,455,86,306,98
451,461,90,306,98
452,454,89,306,98
453,460,90,306,98
454,457,90,306,98
455,457,89,306,98
456,459,89,306,98
457,455,89,306,98
458,458,88,306,98
459,457,88,306,98
460,460,83,306,98
461,456,87,306,98
462,460,84,306,98
463,455,89,306,98
464,456,92,306,98
465,458,96,306,98
466,453,94,306,98
467,461,94,306,98
468,453,95,306,98
469,459,91,306,98
470,459,89,306,98
471,455,85,306,98
472,462,85,306,98
473,456,81,306,98
474,456,82,306,98
475,454,83,306,98
476,448,85,306,98
477,451,88,306,98
478,448,94,306,98
479,449,97,306,98
480,449,100,306,98
481,448,99,306,98
482,455,103,306,98
483,446,99,306,98
484,450,97,306,98
485,449,97,306,98
486,447,95,306,98
487,449,94,306,98
488,445,95,306,98
489,453,93,306,98
490,449,93,306,98
491,450,90,306,98
492,452,92,306,98
493,448,95,306,98
494,450,94,306,98
495,447,95,306,98
496,447,95,306,98
497,449,98,306,98
498,448,97,306,98
499,452,97,306,98
500,451,99,306,98
501,454,93,306,98
502,452,96,306,98
503,454,89,306,98
504,453,90,306,98
505,452,86,306,98
506,456,88,306,98
507,453,90,306,98
508,457,91,306,98
509,454,95,306,98
510,454,97,306,98
511,455,99,306,98
512,451,101,306,98
513,455,99,306,98
514,453,96,306,98
515,455,94,306,98
516,453,92,306,98
517,456,91,306,98
518,453,88,306,98
519,450,90,306,98
520,451,87,306,98
521,449,88,306,98
522,449,87,306,98
523,446,89,306,98
524,452,91,306,98
525,442,89,306,98
526,443,89,306,98
527,440,94,306,98
528,440,92,306,98
529,438,92,306,98
530,438,94,306,98
531,438,96,306,98
532,440,94,306,98
533,439,95,306,98
534,438,95,306,98
535,439,94,306,98
536,437,95,306,98
537,439,92,306,98
538,437,93,306,98
539,439,89,306,98
540,437,89,306,98
541,437,90,306,98
542,438,89,306,98
543,435,93,306,98
544,439,97,306,98
545,439,100,306,98
546,438,100,306,98
547,443,100,306,98
548,438,99,306,98
549,438,100,306,98
550,434,100,306,98
551,440,93,306,98
552,438,97,306,98
553,443,91,306,98
554,442,98,306,98
555,442,90,306,98
556,439,89,306,98
557,439,87,306,98
558,436,90,306,98
559,436,89,306,98
560,438,90,306,98
561,435,91,306,98
562,435,93,306,98
563,431,95,306,98
564,435,98,306,98
565,432,94,306,98
566,434,97,306,98
567,434,92,306,98
568,433,93,306,98
569,436,93,306,98
570,432,92,306,98
571,440,94,306,98
572,435,90,306,98
573,438,92,306,98
574,436,93,306,98
575,439,90,306,98
576,442,88,306,98
577,439,88,306,98
578,443,85,306,98
579,444,88,306,98
580,443,90,306,98
581,447,87,306,98
582,446,92,306,98
583,446,92,306,98
584,444,93,306,98
585,451,90,306,98
586,447,89,306,98
587,447,88,306,98
588,453,90,306,98
589,444,86,306,98
590,447,89,306,98
591,448,84,306,98
592,444,91,306,98
593,447,83,306,98
594,447,90,306,98
595,446,88,306,98
596,445,92,306,98
597,448,91,306,98
598,445,96,306,98
599,447,95,306,98
600,447,99,306,98
601,447,95,306,98
602,449,93,306,98
603,444,89,306,98
604,446,86,306,98
605,446,81,306,98
606,444,79,306,98
607,447,80,306,98
608,448,80,306,98
609,448,81,306,98
610,448,84,306,98
611,449,84,306,98
612,448,86,306,98
613,448,86,306,98
614,449,86,306,98
615,450,86,306,98
616,450,87,306,98
617,449,93,306,98
618,450,93,306,98
619,454,94,306,98
620,451,96,306,98
621,454,95,306,98
622,453,93,306,98
623,453,89,306,98
624,454,82,306,98
625,454,76,306,98
626,452,72,306,98
627,452,72,306,98
628,451,73,306,98
629,450,78,306,98
630,453,84,306,98
631,452,90,306,98
632,455,93,306,98
633,450,97,306,98
634,457,95,306,98
635,449,95,306,98
636,450,91,306,98
637,451,86,306,98
638,445,87,306,98
639,449,81,306,98
640,444,80,306,98
641,448,79,306,98
642,447,84,306,98
643,451,87,306,98
644,446,94,306,98
645,446,97,306,98
646,442,99,306,98
647,442,98,306,98
648,441,96,306,98
649,441,93,306,98
650,445,91,306,98
651,439,84,306,98
652,441,84,306,98
653,440,83,306,98
654,444,82,306,98
655,441,87,306,98
656,447,88,306,98
657,446,89,306,98
658,445,93,306,98
659,445,97,306,98
660,446,95,306,98
661,445,98,306,98
662,446,96,306,98
663,448,98,306,98
664,448,99,306,98
665,448,96,306,98
666,448,98,306,98
667,450,98,306,98
668,448,101,306,98
669,455,101,306,98
670,452,96,306,98
671,458,96,306,98
672,452,93,306,98
673,456,89,306,98
674,456,83,306,98
675,457,81,306,98
676,458,78,306,98
677,457,78,306,98
678,458,79,306,98
679,460,82,306,98
680,463,84,306,98
681,457,85,306,98
682,460,87,306,98
683,457,90,306,98
684,460,88,306,98
685,459,91,306,98
686,462,90,306,98
687,458,94,306,98
688,458,94,306,98
689,459,96,306,98
690,455,98,306,98
691,462,97,306,98
692,460,96,306,98
693,457,92,306,98
694,460,90,306,98
695,458,84,306,98
696,452,84,306,98
697,459,79,306,98
698,450,77,306,98
699,455,75,306,98
700,453,79,306,98
701,453,79,306,98
702,450,85,306,98
703,456,84,306,98
704,452,86,306,98
705,452,86,306,98
706,452,86,306,98
707,454,84,306,98
708,450,85,306,98
709,452,84,306,98
710,450,83,306,98
711,452,85,306,98
712,453,84,306,98
713,457,82,306,98
714,451,83,306,98
715,452,78,306,98
716,447,82,306,98
717,448,80,306,98
718,450,84,306,98
719,448,85,306,98
720,451,86,306,98
721,449,87,306,98
722,453,87,306,98
723,449,87,306,98
724,452,89,306,98
725,451,87,306,98
726,452,87,306,98
727,452,85,306,98
728,451,89,306,98
729,455,86,306,98
730,453,91,306,98
731,458,86,306,98
732,453,92,306,98
733,459,89,306,98
734,455,91,306,98
735,458,91,306,98
736,454,88,306,98
737,461,87,306,98
738,454,85,306,98
739,460,84,306,98
740,456,81,306,98
741,456,81,306,98
742,458,82,306,98
743,450,83,306,98
744,462,81,306,98
745,454,83,306,98
746,459,83,306,98
747,459,83,306,98
748,458,82,306,98
749,461,82,306,98
750,458,82,306,98
751,461,81,306,98
752,459,81,306,98
753,461,79,306,98
754,461,79,306,98
755,462,78,306,98
756,461,78,306,98
757,461,80,306,98
758,462,80,306,98
759,462,81,306,98
760,463,80,306,98
761,465,81,306,98
762,466,80,306,98
763,465,78,306,98
764,466,77,306,98
765,465,74,306,98
766,465,75,306,98
767,465,73,306,98
768,464,75,306,98
769,465,76,306,98
770,465,79,306,98
771,465,81,306,98
772,465,84,306,98
773,466,83,306,98
774,466,82,306,98
775,466,82,306,98
776,465,81,306,98
777,463,82,306,98
778,464,80,306,98
779,461,83,306,98
780,465,81,306,98
781,464,83,306,98
782,465,83,306,98
783,464,84,306,98
784,464,84,306,98
785,462,83,306,98
786,462,84,306,98
787,464,81,306,98
788,464,82,306,98
789,464,81,306,98
790,461,80,306,98
791,463,81,306,98
792,459,82,306,98
793,461,82,306,98
794,458,83,306,98
795,458,84,306,98
796,457,84,306,98
797,457,84,306,98
798,456,85,306,98
799,456,84,306,98
800,457,86,306,98
801,455,84,306,98
802,455,85,306,98
803,454,84,306,98
804,454,83,306,98
805,454,84,306,98
806,452,83,306,98
807,452,85,306,98
808,452,85,306,98
809,450,84,306,98
810,448,85,306,98
811,446,85,306,98
812,444,86,306,98
813,442,86,306,98
814,444,86,306,98
815,440,86,306,98
816,434,85,306,98
817,429,83,306,98
818,423,82,306,98
819,415,82,306,98
820,410,83,306,98
821,407,86,306,98
822,404,88,306,98
823,403,92,306,98
824,404,91,306,98
825,402,92,306,98
826,401,91,306,98
827,398,92,306,98
828,397,92,306,98
829,395,90,306,98
830,394,90,306,98
831,392,90,306,98
832,388,87,306,98
833,390,89,306,98
834,387,89,306,98
835,386,89,306,98
836,384,91,306,98
837,383,89,306,98
838,381,93,306,98
839,379,93,306,98
840,382,95,306,98
841,379,95,306,98
842,383,95,306,98
843,382,96,306,98
844,384,96,306,98
845,384,99,306,98
846,384,99,306,98
847,385,98,306,98
848,383,99,306,98
849,386,95,306,98
850,382,94,306,98
851,384,91,306,98
852,381,92,306,98
853,382,90,306,98
854,382,89,306,98
855,383,87,306,98
856,383,87,306,98
857,382,83,306,98
858,385,85,306,98
859,381,82,306,98
860,383,82,306,98
861,381,83,306,98
862,382,83,306,98
863,382,87,306,98
864,382,87,306,98
865,385,92,306,98
866,379,93,306,98
867,380,95,306,98
868,379,97,306,98
869,377,99,306,98
870,378,97,306,98
871,376,98,306,98
872,379,93,306,98
873,375,96,306,98
874,377,90,306,98
875,375,91,306,98
876,376,90,306,98
877,376,89,306,98
878,379,92,306,98
879,377,92,306,98
880,377,93,306,98
881,375,99,306,98
882,376,97,306,98
883,375,100,306,98
884,376,98,306,98
885,375,98,306,98
886,378,96,306,98
887,375,93,306,98
888,376,91,306,98
889,374,94,306,98
890,377,90,306,98
891,372,96,306,98
892,374,93,306,98
893,374,97,306,98
894,375,94,306,98
895,376,100,306,98
896,376,90,306,98
897,374,93,306,98
898,374,93,306,98
899,370,88,306,98
900,371,91,306,98
901,372,87,306,98
902,373,85,306,98
903,374,86,306,98
904,374,81,306,98
905,373,89,306,98
906,374,85,306,98
907,375,87,306,98
908,380,91,306,98
909,380,91,306,98
910,383,95,306,98
911,382,93,306,98
912,380,95,306,98
913,382,91,306,98
914,378,92,306,98
915,386,88,306,98
916,382,86,306,98
917,388,85,306,98
918,390,85,306,98
919,387,77,306,98
920,388,78,306,98
921,384,75,306,98
922,380,78,306,98
923,383,80,306,98
924,381,81,306,98
925,387,83,306,98
926,383,84,306,98
927,386,84,306,98
928,384,86,306,98
929,382,82,306,98
930,386,87,306,98
931,383,82,306,98
932,383,86,306,98
933,381,85,306,98
934,380,87,306,98
935,383,90,306,98
936,379,88,306,98
937,388,89,306,98
938,382,83,306,98
939,388,85,306,98
940,381,84,306,98
941,383,82,306,98
942,385,83,306,98
943,382,81,306,98
944,383,84,306,98
945,381,83,306,98
946,382,85,306,98
947,379,89,306,98
948,379,88,306,98
949,379,90,306,98
950,378,86,306,98
951,375,87,306,98
952,375,86,306,98
953,372,82,306,98
954,370,82,306,98
955,368,80,306,98
956,367,80,306,98
957,367,79,306,98
958,365,78,306,98
959,366,79,306,98
960,364,79,306,98
961,367,81,306,98
962,365,82,306,98
963,370,81,306,98
964,368,78,306,98
965,372,78,306,98
966,375,76,306,98
967,378,75,306,98
968,376,71,306,98
969,379,71,306,98
970,378,70,306,98
971,377,71,306,98
972,378,74,306,98
973,375,75,306,98
974,376,75,306,98
975,372,76,306,98
976,377,75,306,98
977,377,74,306,98
978,377,72,306,98
979,377,75,306,98
980,375,72,306,98
981,376,75,306,98
982,376,74,306,98
983,375,75,306,98
984,378,74,306,98
985,374,71,306,98
986,379,73,306,98
987,371,71,306,98
988,379,72,306,98
989,373,72,306,98
990,376,76,306,98
991,377,77,306,98
992,374,77,306,98
993,380,79,306,98
994,377,80,306,98
995,380,79,306,98
996,381,78,306,98
997,382,78,306,98
998,382,80,306,98
999,384,78,306,98
1000,385,77,306,98
1001,385,76,306,98
1002,386,76,306,98
1003,386,74,306,98
1004,386,75,306,98
1005,388,74,306,98
1006,387,75,306,98
1007,387,76,306,98
1008,389,76,306,98
1009,390,77,306,98
1010,394,76,306,98
1011,394,77,306,98
1012,395,78,306,98
1013,396,77,306,98
1014,391,79,306,98
1015,394,80,306,98
1016,393,80,306,98
1017,397,79,306,98
1018,396,78,306,98
1019,395,78,306,98
1020,397,76,306,98
1021,397,78,306,98
1022,398,79,306,98
1023,399,82,306,98
1024,402,82,306,98
1025,404,82,306,98
1026,405,83,306,98
1027,404,82,306,98
1028,404,82,306,98
1029,405,81,306,98
1030,405,79,306,98
1031,407,79,306,98
1032,407,78,306,98
1033,407,80,306,98
1034,407,80,306,98
1035,408,80,306,98
1036,408,79,306,98
1037,411,79,306,98
1038,410,78,306,98
1039,411,79,306,98
1040,412,78,306,98
1041,413,79,306,98
1042,414,79,306,98
1043,416,81,306,98
1044,417,80,306,98
1045,418,81,306,98
1046,421,79,306,98
1047,420,81,306,98
1048,422,83,306,98
1049,422,83,306,98
1050,425,83,306,98
1051,424,84,306,98
1052,426,87,306,98
1053,425,88,306,98
1054,425,89,306,98
1055,424,89,306,98
1056,421,92,306,98
1057,425,91,306,98
1058,421,91,306,98
1059,426,92,306,98
1060,423,91,306,98
1061,427,94,306,98
1062,425,94,306,98
1063,424,93,306,98
1064,427,93,306,98
1065,423,90,306,98
1066,428,92,306,98
1067,427,89,306,98
1068,425,89,306,98
1069,429,90,306,98
1070,428,87,306,98
1071,431,88,306,98
1072,429,85,306,98
1073,431,87,306,98
1074,429,87,306,98
1075,429,87,306,98
1076,429,90,306,98
1077,425,91,306,98
1078,429,92,306,98
1079,427,91,306,98
1080,429,88,306,98
1081,429,90,306,98
1082,428,85,306,98
1083,427,91,306,98
1084,431,88,306,98
1085,430,88,306,98
1086,430,91,306,98
1087,430,91,306,98
1088,428,93,306,98
1089,429,91,306,98
1090,429,92,306,98
1091,430,90,306,98
1092,428,91,306,98
1093,430,90,306,98
1094,428,89,306,98
1095,430,89,306,98
1096,427,90,306,98
1097,430,88,306,98
1098,427,87,306,98
1099,431,88,306,98
1100,430,85,306,98
1101,430,83,306,98
1102,432,84,306,98
1103,424,85,306,98
1104,431,88,306,98
1105,427,92,306,98
1106,431,96,306,98
1107,431,97,306,98
1108,432,102,306,98
1109,431,103,306,98
1110,431,105,306,98
1111,434,104,306,98
1112,429,102,306,98
1113,430,101,306,98
1114,427,100,306,98
1115,429,100,306,98
1116,429,99,306,98
1117,425,100,306,98
1118,426,98,306,98
1119,422,100,306,98
1120,422,99,306,98
1121,419,102,306,98
1122,420,101,306,98
1123,419,102,306,98
1124,419,102,306,98
1125,418,100,306,98
1126,418,99,306,98
1127,418,99,306,98
1128,414,96,306,98
1129,413,95,306,98
1130,415,96,306,98
1131,413,98,306,98
1132,415,96,306,98
1133,412,101,306,98
1134,413,101,306,98
1135,414,103,306,98
1136,413,102,306,98
1137,415,98,306,98
1138,413,98,306,98
1139,414,94,306,98
1140,411,92,306,98
1141,412,89,306,98
1142,409,94,306,98
1143,409,94,306,98
1144,410,98,306,98
1145,410,100,306,98
1146,410,99,306,98
1147,410,99,306,98
1148,409,99,306,98
1149,407,95,306,98
1150,405,92,306,98
1151,404,90,306,98
1152,402,92,306,98
1153,404,89,306,98
1154,402,92,306,98
1155,399,93,306,98
1156,403,98,306,98
1157,399,97,306,98
1158,401,98,306,98
1159,400,99,306,98
1160,401,97,306,98
1161,400,94,306,98
1162,398,92,306,98
1163,401,89,306,98
1164,397,89,306,98
1165,402,86,306,98
1166,398,88,306,98
1167,403,89,306,98
1168,397,90,306,98
1169,406,90,306,98
1170,398,89,306,98
1171,396,87,306,98
1172,397,88,306,98
1173,392,89,306,98
1174,402,90,306,98
1175,398,91,306,98
1176,403,90,306,98
1177,401,94,306,98
1178,403,96,306,98
1179,401,99,306,98
1180,407,99,306,98
1181,402,99,306,98
1182,406,98,306,98
1183,404,99,306,98
1184,407,96,306,98
1185,407,96,306,98
1186,410,91,306,98
1187,411,88,306,98
1188,412,85,306,98
1189,413,82,306,98
1190,413,81,306,98
1191,413,82,306,98
1192,413,83,306,98
1193,412,84,306,98
1194,413,87,306,98
1195,410,91,306,98
1196,408,94,306,98
1197,410,98,306,98
1198,409,98,306,98
1199,408,96,306,98
1200,404,96,306,98
1201,407,93,306,98
1202,399,87,306,98
1203,412,84,306,98
1204,404,71,306,98
1205,400,84,306,98
1206,402,76,306,98
1207,393,80,306,98
1208,402,80,306,98
1209,394,86,306,98
1210,405,84,306,98
1211,393,85,306,98
1212,394,90,306,98
1213,398,89,306,98
1214,389,87,306,98
1215,398,91,306,98
1216,400,98,306,98
1217,401,89,306,98
1218,406,98,306,98
1219,408,104,306,98
1220,402,89,306,98
1221,397,86,306,98
1222,405,105,306,98
1223,404,80,306,98
1224,403,81,306,98
1225,405,84,306,98
1226,407,89,306,98
1227,402,93,306,98
1228,404,97,306,98
1229,403,98,306,98
1230,400,92,306,98
1231,399,92,306,98
1232,400,86,306,98
1233,399,80,306,98
1234,403,76,306,98
1235,400,78,306,98
1236,405,76,306,98
1237,403,84,306,98
1238,410,85,306,98
1239,408,88,306,98
1240,409,87,306,98
1241,410,86,306,98
1242,401,85,306,98
1243,410,83,306,98
1244,399,85,306,98
1245,413,84,306,98
1246,410,84,306,98
1247,409,83,306,98
1248,418,85,306,98
1249,407,79,306,98
1250,417,89,306,98
1251,409,82,306,98
1252,410,83,306,98
1253,415,80,306,98
1254,406,80,306,98
1255,414,78,306,98
1256,409,75,306,98
1257,411,73,306,98
1258,412,71,306,98
1259,410,74,306,98
1260,412,77,306,98
1261,411,78,306,98
1262,413,81,306,98
1263,406,80,306,98
1264,410,79,306,98
1265,403,77,306,98
1266,410,75,306,98
1267,407,73,306,98
1268,407,76,306,98
1269,406,80,306,98
1270,406,82,306,98
1271,411,84,306,98
1272,408,87,306,98
1273,411,77,306,98
1274,404,80,306,98
1275,410,71,306,98
1276,406,70,306,98
1277,409,67,306,98
1278,407,68,306,98
1279,405,72,306,98
1280,406,73,306,98
1281,402,79,306,98
1282,411,83,306,98
1283,404,80,306,98
1284,405,80,306,98
1285,404,80,306,98
1286,403,79,306,98
1287,405,79,306,98
1288,405,73,306,98
1289,405,75,306,98
1290,401,76,306,98
1291,406,70,306,98
1292,401,73,306,98
1293,405,67,306,98
1294,402,71,306,98
1295,406,67,306,98
1296,403,71,306,98
1297,406,74,306,98
1298,406,72,306,98
1299,404,82,306,98
1300,408,78,306,98
1301,405,77,306,98
1302,407,78,306,98
1303,405,71,306,98
1304,400,72,306,98
1305,405,68,306,98
1306,398,69,306,98
1307,407,68,306,98
1308,403,67,306,98
1309,406,67,306,98
1310,406,69,306,98
1311,408,69,306,98
1312,412,71,306,98
1313,414,72,306,98
1314,416,74,306,98
1315,417,75,306,98
1316,418,77,306,98
1317,415,80,306,98
1318,423,79,306,98
1319,417,80,306,98
1320,422,75,306,98
1321,421,75,306,98
1322,424,72,306,98
1323,425,69,306,98
1324,422,72,306,98
1325,426,71,306,98
1326,423,75,306,98
1327,431,76,306,98
1328,422,79,306,98
1329,429,76,306,98
1330,425,78,306,98
1331,417,78,306,98
1332,427,75,306,98
1333,417,74,306,98
1334,424,74,306,98
1335,428,69,306,98
1336,419,70,306,98
1337,431,76,306,98
1338,427,71,306,98
1339,429,72,306,98
1340,432,82,306,98
1341,431,72,306,98
1342,434,82,306,98
1343,430,87,306,98
1344,433,81,306,98
1345,428,90,306,98
1346,436,82,306,98
1347,434,80,306,98
1348,431,79,306,98
1349,439,74,306,98
1350,427,88,306,98
1351,434,80,306,98
1352,439,85,306,98
1353,426,80,306,98
1354,439,84,306,98
1355,436,78,306,98
1356,438,79,306,98
1357,439,78,306,98
1358,439,83,306,98
1359,438,77,306,98
1360,439,80,306,98
1361,433,77,306,98
1362,436,80,306,98
1363,440,77,306,98
1364,436,77,306,98
1365,447,76,306,98
1366,436,74,306,98
1367,442,76,306,98
1368,443,75,306,98
1369,445,79,306,98
1370,441,80,306,98
1371,442,81,306,98
1372,438,84,306,98
1373,440,87,306,98
1374,442,81,306,98
1375,441,83,306,98
1376,439,77,306,98
1377,440,76,306,98
1378,438,70,306,98
1379,439,69,306,98
1380,435,66,306,98
1381,437,62,306,98
1382,428,62,306,98
1383,435,63,306,98
1384,432,59,306,98
1385,430,60,306,98
1386,433,58,306,98
1387,432,57,306,98
1388,438,61,306,98
1389,436,56,306,98
1390,435,58,306,98
1391,434,57,306,98
1392,429,61,306,98
1393,430,59,306,98
1394,432,59,306,98
1395,431,57,306,98
1396,430,60,306,98
1397,430,55,306,98
1398,425,61,306,98
1399,428,58,306,98
1400,425,60,306,98
1401,428,62,306,98
1402,426,63,306,98
1403,425,65,306,98
1404,425,66,306,98
1405,424,65,306,98
1406,425,64,306,98
1407,424,63,306,98
1408,426,63,306,98
1409,425,63,306,98
1410,427,65,306,98
1411,427,65,306,98
1412,427,68,306,98
1413,429,69,306,98
1414,429,71,306,98
1415,429,73,306,98
1416,430,73,306,98
1417,431,74,306,98
1418,431,73,306,98
1419,430,74,306,98
1420,431,73,306,98
1421,429,73,306,98
1422,428,72,306,98
1423,430,70,306,98
1424,428,68,306,98
1425,426,68,306,98
1426,424,66,306,98
1427,422,66,306,98
1428,422,67,306,98
1429,420,70,306,98
1430,420,71,306,98
1431,420,73,306,98
1432,422,76,306,98
1433,420,77,306,98
1434,420,77,306,98
1435,420,77,306,98
1436,419,76,306,98
1437,420,74,306,98
1438,418,75,306,98
1439,419,75,306,98
1440,416,78,306,98
1441,413,81,306,98
1442,409,87,306,98
1443,409,87,306,98
1444,409,85,306,98
1445,410,85,306,98
1446,413,83,306,98
1447,413,82,306,98
1448,418,82,306,98
1449,414,82,306,98
1450,411,83,306,98
1451,413,87,306,98
1452,407,88,306,98
1453,406,89,306,98
1454,405,92,306,98
1455,404,89,306,98
1456,405,91,306,98
1457,403,88,306,98
1458,402,86,306,98
1459,399,85,306,98
1460,398,84,306,98
1461,394,86,306,98
1462,390,87,306,98
1463,387,90,306,98
1464,385,89,306,98
1465,382,91,306,98
1466,384,89,306,98
1467,380,88,306,98
1468,382,88,306,98
1469,382,88,306,98
1470,382,87,306,98
1471,383,89,306,98
1472,380,88,306,98
1473,382,90,306,98
1474,380,89,306,98
1475,380,90,306,98
1476,381,88,306,98
1477,381,92,306,98
1478,379,88,306,98
1479,377,90,306,98
1480,380,92,306,98
1481,377,91,306,98
1482,380,94,306,98
1483,376,92,306,98
1484,377,93,306,98
1485,375,91,306,98
1486,372,91,306,98
1487,376,91,306,98
1488,373,90,306,98
1489,379,87,306,98
1490,370,87,306,98
1491,379,85,306,98
1492,375,84,306,98
1493,376,83,306,98
1494,384,83,306,98
1495,373,82,306,98
1496,384,86,306,98
1497,370,86,306,98
1498,378,87,306,98
1499,374,86,306,98
1500,378,84,306,98
1501,378,85,306,98
1502,379,87,306,98
1503,379,89,306,98
1504,378,91,306,98
1505,378,90,306,98
1506,375,91,306,98
1507,377,89,306,98
1508,373,87,306,98
1509,377,85,306,98
1510,370,84,306,98
1511,378,85,306,98
1512,373,86,306,98
1513,375,87,306,98
1514,378,86,306,98
1515,372,84,306,98
1516,381,84,306,98
1517,374,85,306,98
1518,378,85,306,98
1519,376,87,306,98
1520,377,87,306,98
1521,374,87,306,98
1522,377,86,306,98
1523,376,86,306,98
1524,378,85,306,98
1525,379,89,306,98
1526,380,87,306,98
1527,381,87,306,98
1528,382,83,306,98
1529,382,80,306,98
1530,373,79,306,98
1531,381,78,306,98
1532,375,80,306,98
1533,374,82,306,98
1534,374,86,306,98
1535,374,87,306,98
1536,373,89,306,98
1537,375,90,306,98
1538,375,93,306,98
1539,375,98,306,98
1540,379,94,306,98
1541,377,91,306,98
1542,378,88,306,98
1543,377,83,306,98
1544,379,82,306,98
1545,379,79,306,98
1546,380,81,306,98
1547,382,82,306,98
1548,382,85,306,98
1549,384,86,306,98
1550,383,87,306,98
1551,384,86,306,98
1552,384,87,306,98
1553,385,88,306,98
1554,385,88,306,98
1555,387,87,306,98
1556,386,86,306,98
1557,386,85,306,98
1558,386,87,306,98
1559,384,87,306,98
1560,385,89,306,98
1561,385,90,306,98
1562,384,90,306,98
1563,387,88,306,98
1564,387,86,306,98
1565,387,86,306,98
1566,386,87,306,98
1567,385,86,306,98
1568,386,85,306,98
1569,386,87,306,98
1570,386,85,306,98
1571,385,89,306,98
1572,387,88,306,98
1573,385,89,306,98
1574,387,89,306,98
1575,385,90,306,98
1576,385,89,306,98
1577,386,88,306,98
1578,382,87,306,98
1579,382,87,306,98
1580,381,88,306,98
1581,381,88,306,98
1582,382,89,306,98
1583,380,89,306,98
1584,384,90,306,98
1585,380,91,306,98
1586,387,92,306,98
1587,382,95,306,98
1588,382,93,306,98
1589,382,95,306,98
1590,378,94,306,98
1591,383,91,306,98
1592,379,91,306,98
1593,379,89,306,98
1594,381,87,306,98
1595,380,82,306,98
1596,379,83,306,98
1597,380,82,306,98
1598,378,81,306,98
1599,381,81,306,98
1600,377,81,306,98
1601,380,83,306,98
1602,376,82,306,98
1603,375,84,306,98
1604,376,84,306,98
1605,373,83,306,98
1606,372,88,306,98
1607,373,85,306,98
1608,373,88,306,98
1609,373,91,306,98
1610,374,84,306,98
1611,371,89,306,98
1612,374,90,306,98
1613,370,90,306,98
1614,374,91,306,98
1615,371,86,306,98
1616,367,87,306,98
1617,371,87,306,98
1618,365,84,306,98
1619,368,86,306,98
1620,367,82,306,98
1621,368,84,306,98
1622,363,88,306,98
1623,366,87,306,98
1624,371,91,306,98
1625,370,95,306,98
1626,367,100,306,98
1627,368,100,306,98
1628,369,98,306,98
1629,365,97,306,98
1630,365,95,306,98
1631,369,93,306,98
1632,367,89,306,98
1633,360,93,306,98
1634,369,89,306,98
1635,364,89,306,98
1636,369,85,306,98
1637,362,82,306,98
1638,361,80,306,98
1639,363,85,306,98
1640,354,89,306,98
1641,358,88,306,98
1642,355,95,306,98
1643,356,90,306,98
1644,361,91,306,98
1645,353,91,306,98
1646,357,91,306,98
1647,348,96,306,98
1648,352,93,306,98
1649,351,94,306,98
1650,347,92,306,98
1651,349,94,306,98
1652,350,91,306,98
1653,349,89,306,98
1654,354,87,306,98
1655,349,84,306,98
1656,352,82,306,98
1657,349,86,306,98
1658,353,85,306,98
1659,351,88,306,98
1660,351,87,306,98
1661,352,88,306,98
1662,352,89,306,98
1663,351,91,306,98
1664,351,93,306,98
1665,352,92,306,98
1666,352,90,306,98
1667,352,93,306,98
1668,350,90,306,98
1669,351,93,306,98
1670,348,87,306,98
1671,351,86,306,98
1672,347,85,306,98
1673,350,79,306,98
1674,347,82,306,98
1675,351,73,306,98
1676,349,73,306,98
1677,352,72,306,98
1678,351,70,306,98
1679,353,74,306,98
1680,353,74,306,98
1681,356,77,306,98
1682,354,82,306,98
1683,359,85,306,98
1684,359,83,306,98
1685,358,87,306,98
1686,362,84,306,98
1687,359,81,306,98
1688,361,81,306,98
1689,355,78,306,98
1690,360,77,306,98
1691,358,79,306,98
1692,361,79,306,98
1693,361,80,306,98
1694,363,79,306,98
1695,362,82,306,98
1696,363,80,306,98
1697,363,81,306,98
1698,361,81,306,98
1699,363,82,306,98
1700,364,82,306,98
1701,366,80,306,98
1702,364,79,306,98
1703,366,80,306,98
1704,364,80,306,98
1705,362,81,306,98
1706,366,79,306,98
1707,362,80,306,98
1708,368,80,306,98
1709,368,79,306,98
1710,371,81,306,98
1711,370,83,306,98
1712,370,83,306,98
1713,368,84,306,98
1714,368,85,306,98
1715,367,85,306,98
1716,367,86,306,98
1717,370,83,306,98
1718,369,82,306,98
1719,371,83,306,98
1720,371,80,306,98
1721,370,82,306,98
1722,372,80,306,98
1723,374,83,306,98
1724,375,83,306,98
1725,377,83,306,98
1726,377,84,306,98
1727,380,84,306,98
1728,377,83,306,98
1729,377,82,306,98
1730,379,83,306,98
1731,379,85,306,98
1732,379,83,306,98
1733,379,84,306,98
1734,379,83,306,98
1735,377,84,306,98
1736,382,86,306,98
1737,382,86,306,98
1738,384,87,306,98
1739,386,84,306,98
1740,386,82,306,98
1741,385,84,306,98
1742,381,82,306,98
1743,383,84,306,98
1744,386,78,306,98
1745,385,79,306,98
1746,388,79,306,98
1747,383,81,306,98
1748,388,82,306,98
1749,385,83,306,98
1750,385,83,306,98
1751,388,83,306,98
1752,389,82,306,98
1753,389,82,306,98
1754,388,84,306,98
1755,390,82,306,98
1756,390,82,306,98
1757,393,84,306,98
1758,388,80,306,98
1759,388,82,306,98
1760,389,79,306,98
1761,389,81,306,98
1762,387,80,306,98
1763,387,82,306,98
1764,385,81,306,98
1765,384,80,306,98
1766,384,81,306,98
1767,381,84,306,98
1768,382,83,306,98
1769,382,81,306,98
1770,379,81,306,98
1771,380,76,306,98
1772,374,82,306,98
1773,377,81,306,98
1774,377,81,306,98
1775,377,81,306,98
1776,376,82,306,98
1777,375,82,306,98
1778,377,85,306,98
1779,377,83,306,98
1780,376,81,306,98
1781,377,79,306,98
1782,377,76,306,98
1783,376,79,306,98
1784,375,80,306,98
1785,377,80,306,98
1786,378,83,306,98
1787,379,84,306,98
1788,377,85,306,98
1789,378,87,306,98
1790,377,89,306,98
1791,381,89,306,98
1792,381,91,306,98
1793,381,88,306,98
1794,383,91,306,98
1795,383,90,306,98
1796,385,90,306,98
1797,385,92,306,98
1798,382,90,306,98
1799,384,86,306,98
1800,382,82,306,98
1801,379,76,306,98
1802,380,71,306,98
1803,378,67,306,98
1804,379,61,306,98
1805,374,64,306,98
1806,375,63,306,98
1807,373,65,306,98
1808,375,66,306,98
1809,375,72,306,98
1810,373,78,306,98
1811,375,81,306,98
1812,372,85,306,98
1813,371,88,306,98
1814,369,86,306,98
1815,368,86,306,98
1816,367,86,306,98
1817,367,83,306,98
1818,364,88,306,98
1819,369,85,306,98
1820,369,84,306,98
1821,366,87,306,98
1822,369,86,306,98
1823,368,88,306,98
1824,371,88,306,98
1825,367,91,306,98
1826,369,89,306,98
1827,369,89,306,98
1828,366,92,306,98
1829,370,90,306,98
1830,372,92,306,98
1831,371,91,306,98
1832,378,88,306,98
1833,378,88,306,98
1834,382,79,306,98
1835,383,81,306,98
1836,383,77,306,98
1837,381,78,306,98
1838,379,77,306,98
1839,377,75,306,98
1840,379,74,306,98
1841,380,72,306,98
1842,383,73,306,98
1843,381,73,306,98
1844,383,73,306,98
1845,383,75,306,98
1846,384,74,306,98
1847,384,73,306,98
1848,384,73,306,98
1849,385,74,306,98
1850,385,74,306,98
1851,384,72,306,98
1852,382,73,306,98
1853,380,78,306,98
1854,379,75,306,98
1855,382,74,306,98
1856,376,75,306,98
1857,381,74,306,98
1858,379,74,306,98
1859,381,74,306,98
1860,381,73,306,98
1861,383,74,306,98
1862,382,76,306,98
1863,382,76,306,98
1864,382,77,306,98
1865,383,79,306,98
1866,385,78,306,98
1867,384,78,306,98
1868,384,77,306,98
1869,380,78,306,98
1870,381,77,306,98
1871,380,78,306,98
1872,382,77,306,98
1873,381,80,306,98
1874,379,79,306,98
1875,380,80,306,98
1876,379,80,306,98
1877,379,80,306,98
1878,379,82,306,98
1879,376,85,306,98
1880,378,83,306,98
1881,379,84,306,98
1882,380,83,306,98
1883,379,84,306,98
1884,378,85,306,98
1885,377,83,306,98
1886,376,84,306,98
1887,377,83,306,98
1888,377,84,306,98
1889,377,82,306,98
1890,376,83,306,98
1891,376,82,306,98
1892,376,83,306,98
1893,376,82,306,98
1894,376,81,306,98
1895,376,82,306,98
1896,375,81,306,98
1897,376,81,306,98
1898,373,82,306,98
1899,375,83,306,98
1900,374,81,306,98
1901,375,82,306,98
1902,375,80,306,98
1903,376,81,306,98
1904,375,82,306,98
1905,376,81,306,98
1906,375,83,306,98
1907,376,84,306,98
1908,377,84,306,98
1909,377,85,306,98
1910,378,83,306,98
1911,379,83,306,98
1912,380,82,306,98
1913,380,82,306,98
1914,381,83,306,98
1915,382,83,306,98
1916,381,85,306,98
1917,381,86,306,98
1918,382,86,306,98
1919,383,85,306,98
1920,383,85,306,98
1921,383,85,306,98
1922,382,83,306,98
1923,382,83,306,98
1924,383,82,306,98
1925,382,82,306,98
1926,383,83,306,98
1927,383,81,306,98
1928,384,82,306,98
1929,384,83,306,98
1930,386,83,306,98
1931,387,82,306,98
1932,387,83,306,98
1933,389,82,306,98
1934,390,81,306,98
1935,392,80,306,98
1936,394,80,306,98
1937,396,79,306,98
1938,399,76,306,98
1939,402,74,306,98
1940,405,70,306,98
1941,405,70,306,98
1942,404,69,306,98
1943,405,70,306,98
1944,403,71,306,98
1945,404,72,306,98
1946,402,71,306,98
1947,406,70,306,98
1948,418,68,306,98
1949,421,66,306,98
1950,423,66,306,98
1951,425,64,306,98
1952,425,65,306,98
1953,425,65,306,98
1954,427,65,306,98
1955,427,66,306,98
1956,428,67,306,98
1957,430,67,306,98
1958,430,67,306,98
1959,429,69,306,98
1960,427,68,306,98
1961,426,68,306,98
1962,425,67,306,98
1963,423,68,306,98
1964,423,68,306,98
1965,420,69,306,98
1966,420,69,306,98
1967,416,70,306,98
1968,416,71,306,98
1969,415,72,306,98
1970,414,72,306,98
1971,414,72,306,98
1972,415,71,306,98
1973,416,68,306,98
1974,414,70,306,98
1975,414,70,306,98
1976,414,72,306,98
1977,411,74,306,98
1978,409,77,306,98
1979,407,79,306,98
1980,405,80,306,98
1981,405,80,306,98
1982,405,79,306,98
1983,404,78,306,98
1984,403,79,306,98
1985,405,78,306,98
1986,405,78,306,98
1987,405,76,306,98
1988,401,80,306,98
1989,400,80,306,98
1990,399,82,306,98
1991,399,80,306,98
1992,398,79,306,98
1993,395,80,306,98
1994,393,79,306,98
1995,393,78,306,98
1996,392,76,306,98
1997,392,74,306,98
1998,392,73,306,98
1999,390,72,306,98
2000,390,71,306,98
2001,388,73,306,98
2002,387,75,306,98
2003,386,78,306,98
2004,385,79,306,98
2005,383,81,306,98
2006,380,82,306,98
2007,380,84,306,98
2008,378,83,306,98
2009,376,84,306,98
2010,374,83,306,98
2011,373,84,306,98
2012,373,83,306,98
2013,372,82,306,98
2014,371,83,306,98
2015,370,83,306,98
2016,371,83,306,98
2017,368,84,306,98
2018,364,86,306,98
2019,363,85,306,98
2020,360,86,306,98
2021,359,84,306,98
2022,356,85,306,98
2023,354,86,306,98
2024,352,84,306,98
2025,354,84,306,98
2026,354,83,306,98
2027,352,83,306,98
2028,354,83,306,98
2029,352,81,306,98
2030,354,83,306,98
2031,350,83,306,98
2032,352,84,306,98
2033,351,85,306,98
2034,351,85,306,98
2035,351,87,306,98
2036,351,88,306,98
2037,351,88,306,98
2038,352,89,306,98
2039,351,86,306,98
2040,351,87,306,98
2041,352,86,306,98
2042,350,85,306,98
2043,355,83,306,98
2044,352,82,306,98
2045,352,82,306,98
2046,351,81,306,98
2047,352,81,306,98
2048,352,81,306,98
2049,351,80,306,98
2050,353,80,306,98
2051,351,79,306,98
2052,352,81,306,98
2053,353,80,306,98
2054,355,78,306,98
2055,356,76,306,98
2056,356,75,306,98
2057,356,75,306,98
2058,358,75,306,98
2059,359,76,306,98
2060,358,77,306,98
2061,357,79,306,98
2062,357,79,306,98
2063,355,80,306,98
2064,356,77,306,98
2065,353,78,306,98
2066,351,77,306,98
2067,348,77,306,98
2068,354,75,306,98
2069,352,74,306,98
2070,351,74,306,98
2071,356,73,306,98
2072,349,73,306,98
2073,353,71,306,98
2074,349,72,306,98
2075,349,74,306,98
2076,348,79,306,98
2077,352,84,306,98
2078,351,88,306,98
2079,353,92,306,98
2080,360,95,306,98
2081,359,96,306,98
2082,359,96,306,98
2083,361,97,306,98
2084,360,93,306,98
2085,358,93,306,98
2086,357,89,306,98
2087,355,87,306,98
2088,363,79,306,98
2089,359,79,306,98
2090,364,73,306,98
2091,361,76,306,98
2092,365,74,306,98
2093,362,75,306,98
2094,362,77,306,98
2095,361,82,306,98
2096,361,84,306,98
2097,363,83,306,98
2098,357,87,306,98
2099,359,87,306,98
2100,358,89,306,98
2101,357,85,306,98
2102,357,86,306,98
2103,358,80,306,98
2104,359,80,306,98
2105,360,78,306,98
2106,358,80,306,98
2107,363,79,306,98
2108,359,81,306,98
2109,361,80,306,98
2110,358,81,306,98
2111,360,78,306,98
2112,360,79,306,98
2113,360,79,306,98
2114,360,80,306,98
2115,361,79,306,98
2116,363,77,306,98
2117,362,75,306,98
2118,364,71,306,98
2119,361,70,306,98
2120,361,73,306,98
2121,362,72,306,98
2122,360,74,306,98
2123,366,75,306,98
2124,360,80,306,98
2125,366,79,306,98
2126,365,81,306,98
2127,370,79,306,98
2128,367,80,306,98
2129,366,82,306,98
2130,371,79,306,98
2131,367,79,306,98
2132,371,78,306,98
2133,369,76,306,98
2134,370,75,306,98
2135,371,77,306,98
2136,372,76,306,98
2137,374,74,306,98
2138,372,77,306,98
2139,375,73,306,98
2140,376,76,306,98
2141,378,77,306,98
2142,377,78,306,98
2143,380,82,306,98
2144,380,81,306,98
2145,383,82,306,98
2146,383,81,306,98
2147,380,82,306,98
2148,380,83,306,98
2149,375,86,306,98
2150,382,84,306,98
2151,376,84,306,98
2152,381,81,306,98
2153,381,77,306,98
2154,382,75,306,98
2155,382,70,306,98
2156,382,66,306,98
2157,382,63,306,98
2158,384,58,306,98
2159,380,63,306,98
2160,385,58,306,98
2161,384,66,306,98
2162,387,66,306,98
2163,384,71,306,98
2164,388,73,306,98
2165,386,79,306,98
2166,388,79,306,98
2167,390,82,306,98
2168,391,81,306,98
2169,389,81,306,98
2170,392,81,306,98
2171,390,78,306,98
2172,389,76,306,98
2173,389,75,306,98
2174,388,74,306,98
2175,388,74,306,98
2176,394,73,306,98
2177,390,74,306,98
2178,394,72,306,98
2179,393,72,306,98
2180,394,68,306,98
2181,392,67,306,98
2182,391,67,306,98
2183,390,66,306,98
2184,391,66,306,98
2185,390,68,306,98
2186,391,71,306,98
2187,390,74,306,98
2188,391,79,306,98
2189,390,84,306,98
2190,391,88,306,98
2191,392,88,306,98
2192,388,89,306,98
2193,390,86,306,98
2194,387,82,306,98
2195,387,79,306,98
2196,385,78,306,98
2197,383,80,306,98
2198,385,80,306,98
2199,383,80,306,98
2200,385,80,306,98
2201,384,80,306,98
2202,384,82,306,98
2203,384,82,306,98
2204,384,85,306,98
2205,385,80,306,98
2206,384,77,306,98
2207,384,75,306,98
2208,382,74,306,98
2209,382,73,306,98
2210,382,76,306,98
2211,383,77,306,98
2212,383,79,306,98
2213,384,80,306,98
2214,385,80,306,98
2215,385,82,306,98
2216,385,82,306,98
2217,385,84,306,98
2218,386,83,306,98
2219,385,82,306,98
2220,384,79,306,98
2221,384,79,306,98
2222,384,78,306,98
2223,384,78,306,98
2224,383,80,306,98
2225,384,82,306,98
2226,384,85,306,98
2227,384,87,306,98
2228,383,90,306,98
2229,382,90,306,98
2230,382,90,306,98
2231,381,89,306,98
2232,381,87,306,98
2233,381,85,306,98
2234,382,83,306,98
2235,382,82,306,98
2236,382,81,306,98
2237,382,81,306,98
2238,382,81,306,98
2239,383,82,306,98
2240,383,82,306,98
2241,383,83,306,98
2242,383,83,306,98
2243,383,84,306,98
2244,383,84,306,98
2245,383,84,306,98
2246,384,83,306,98
2247,385,82,306,98
2248,386,81,306,98
2249,386,81,306,98
2250,386,81,306,98
2251,385,81,306,98
2252,385,81,306,98
2253,384,81,306,98
2254,384,82,306,98
2255,384,83,306,98
2256,384,84,306,98
2257,384,84,306,98
2258,384,84,306,98
2259,383,84,306,98
2260,383,84,306,98
2261,383,84,306,98
2262,383,83,306,98
2263,383,83,306,98
2264,383,82,306,98
2265,383,82,306,98
2266,383,83,306,98
2267,383,83,306,98
2268,384,84,306,98
2269,384,84,306,98
2270,385,84,306,98
2271,385,84,306,98
2272,385,84,306,98
2273,385,84,306,98
2274,386,84,306,98
2275,386,84,306,98
2276,386,84,306,98
2277,386,84,306,98
2278,386,84,306,98
2279,386,84,306,98
2280,386,84,306,98
2281,386,84,306,98
2282,387,84,306,98
2283,387,84,306,98
2284,387,84,306,98
2285,388,84,306,98
2286,388,84,306,98
2287,388,84,306,98
2288,388,84,306,98
2289,388,84,306,98
2290,388,84,306,98
2291,388,84,306,98
2292,389,84,306,98
2293,389,84,306,98
2294,390,84,306,98
2295,390,84,306,98
2296,390,84,306,98
2297,390,84,306,98
2298,390,84,306,98
2299,391,83,306,98
2300,392,82,306,98
2301,392,81,306,98
2302,393,80,306,98
2303,393,79,306,98
2304,392,78,306,98
2305,391,78,306,98
2306,390,78,306,98
2307,389,77,306,98
2308,389,78,306,98
2309,387,78,306,98
2310,387,79,306,98
2311,386,79,306,98
2312,386,79,306,98
2313,385,80,306,98
2314,385,79,306,98
2315,384,79,306,98
2316,384,79,306,98
2317,384,79,306,98
2318,384,79,306,98
2319,384,80,306,98
2320,383,80,306,98
2321,383,80,306,98
2322,382,80,306,98
2323,383,80,306,98
2324,382,80,306,98
2325,382,80,306,98
2326,381,80,306,98
2327,381,80,306,98
2328,381,80,306,98
2329,381,79,306,98
2330,381,79,306,98
2331,381,79,306,98
2332,381,79,306,98
2333,381,79,306,98
2334,381,79,306,98
2335,381,79,306,98
2336,381,79,306,98
2337,381,79,306,98
2338,381,79,306,98
2339,381,79,306,98
2340,381,79,306,98
2341,381,79,306,98
2342,381,79,306,98
2343,381,79,306,98
2344,381,79,306,98
2345,381,79,306,98
2346,381,79,306,98
2347,381,79,306,98
2348,381,79,306,98
2349,382,79,306,98
2350,382,79,306,98
2351,383,79,306,98
2352,383,79,306,98
2353,384,79,306,98
2354,384,79,306,98
2355,384,79,306,98
2356,384,79,306,98
2357,385,79,306,98
2358,385,79,306,98
2359,385,79,306,98
2360,386,79,306,98
2361,386,79,306,98
2362,386,79,306,98
2363,386,79,306,98
2364,386,79,306,98
2365,386,79,306,98
2366,386,79,306,98
2367,386,79,306,98
2368,386,79,306,98
2369,386,79,306,98
2370,386,79,306,98
2371,387,79,306,98
2372,387,79,306,98
2373,388,79,306,98
2374,388,79,306,98
2375,389,78,306,98
2376,390,78,306,98
2377,390,78,306,98
2378,390,78,306,98
2379,390,77,306,98
2380,391,77,306,98
2381,391,77,306,98
2382,392,77,306,98
2383,392,77,306,98
2384,392,77,306,98
2385,392,77,306,98
2386,392,77,306,98
2387,392,77,306,98
2388,392,77,306,98
2389,392,77,306,98
2390,392,77,306,98
2391,392,77,306,98
2392,392,78,306,98
2393,392,78,306,98
2394,392,78,306,98
2395,392,78,306,98
2396,392,78,306,98
2397,392,78,306,98
2398,392,78,306,98
2399,392,78,306,98
2400,392,78,306,98
2401,392,78,306,98
2402,392,78,306,98
2403,392,78,306,98
2404,392,79,306,98
2405,392,79,306,98
2406,392,79,306,98
2407,392,79,306,98
2408,392,79,306,98
2409,392,79,306,98
2410,392,79,306,98
2411,392,79,306,98
2412,392,78,306,98
2413,392,78,306,98
2414,392,78,306,98
2415,392,78,306,98
2416,392,78,306,98
2417,392,78,306,98
2418,392,78,306,98
2419,392,78,306,98
2420,392,78,306,98
2421,392,78,306,98
2422,392,78,306,98
2423,392,78,306,98
2424,392,78,306,98
2425,391,78,306,98
2426,391,78,306,98
2427,390,78,306,98
2428,390,78,306,98
2429,389,78,306,98
2430,389,78,306,98
2431,389,78,306,98
2432,389,78,306,98
2433,388,78,306,98
2434,387,78,306,98
2435,387,78,306,98
2436,387,78,306,98
2437,386,78,306,98
2438,386,78,306,98
2439,385,78,306,98
2440,384,78,306,98
2441,382,78,306,98
2442,382,78,306,98
2443,381,78,306,98
2444,380,78,306,98
2445,379,78,306,98
2446,378,78,306,98
2447,377,78,306,98
2448,376,78,306,98
2449,375,78,306,98
2450,374,78,306,98
2451,373,78,306,98
2452,372,78,306,98
2453,370,78,306,98
2454,370,78,306,98
2455,368,78,306,98
2456,367,78,306,98
2457,364,78,306,98
2458,362,78,306,98
2459,359,78,306,98
2460,357,78,306,98
2461,355,78,306,98
2462,352,78,306,98
2463,350,78,306,98
2464,348,78,306,98
2465,346,78,306,98
2466,344,78,306,98
2467,342,78,306,98
2468,341,78,306,98
2469,340,78,306,98
2470,338,78,306,98
2471,336,78,306,98
2472,334,78,306,98
2473,332,78,306,98
2474,332,78,306,98
2475,330,78,306,98
2476,328,78,306,98
2477,326,78,306,98
2478,324,79,306,98
2479,324,79,306,98
2480,323,79,306,98
2481,323,79,306,98
2482,323,79,306,98
2483,324,79,306,98
2484,324,79,306,98
2485,324,79,306,98
2486,325,78,306,98
2487,325,78,306,98
2488,326,77,306,98
2489,328,77,306,98
2490,331,76,306,98
2491,334,75,306,98
2492,337,74,306,98
2493,339,73,306,98
2494,340,72,306,98
2495,340,72,306,98
2496,340,72,306,98
2497,340,72,306,98
2498,341,71,306,98
2499,341,71,306,98
2500,342,70,306,98
2501,341,70,306,98
2502,341,69,306,98
2503,341,69,306,98
2504,341,68,306,98
2505,341,68,306,98
2506,341,68,306,98
2507,341,68,306,98
2508,341,68,306,98
2509,341,68,306,98
2510,341,68,306,98
2511,342,67,306,98
2512,341,67,306,98
2513,342,67,306,98
2514,341,67,306,98
2515,342,68,306,98
2516,341,68,306,98
2517,342,68,306,98
2518,341,69,306,98
2519,341,69,306,98
2520,340,70,306,98
2521,340,69,306,98
2522,339,69,306,98
2523,338,69,306,98
2524,337,69,306,98
2525,336,69,306,98
2526,336,69,306,98
2527,335,69,306,98
2528,334,69,306,98
2529,331,69,306,98
2530,330,68,306,98
2531,329,68,306,98
2532,329,67,306,98
2533,328,67,306,98
2534,327,67,306,98
2535,326,67,306,98
2536,325,66,306,98
2537,324,67,306,98
2538,323,67,306,98
2539,323,68,306,98
2540,322,68,306,98
2541,322,68,306,98
2542,320,69,306,98
2543,320,69,306,98
2544,320,69,306,98
2545,319,69,306,98
2546,318,69,306,98
2547,316,69,306,98
2548,316,69,306,98
2549,316,68,306,98
2550,316,68,306,98
2551,316,68,306,98
2552,316,68,306,98
2553,315,68,306,98
2554,315,68,306,98
2555,314,68,306,98
2556,314,69,306,98
2557,314,69,306,98
2558,313,70,306,98
2559,313,70,306,98
2560,313,70,306,98
2561,313,69,306,98
2562,312,69,306,98
2563,312,69,306,98
2564,311,70,306,98
2565,311,70,306,98
2566,310,71,306,98
2567,310,71,306,98
2568,309,71,306,98
2569,308,70,306,98
2570,306,70,306,98
2571,305,70,306,98
2572,304,70,306,98
2573,304,70,306,98
2574,303,70,306,98
2575,303,69,306,98
2576,302,70,306,98
