14-LongDuration 5
350,361,35,66,96
351,361,35,66,96
352,361,35,66,96
353,361,35,66,96
354,361,35,66,96
355,361,35,66,96
356,361,35,66,96
357,362,35,66,96
358,363,35,66,96
359,363,35,66,96
360,363,35,66,96
361,363,35,66,96
362,363,35,66,96
363,363,35,66,96
364,363,35,66,96
365,363,35,66,96
366,363,35,66,96
367,363,35,66,96
368,363,35,66,96
369,364,36,66,96
370,365,37,66,96
371,365,37,66,96
372,366,38,66,96
373,367,39,66,96
374,367,39,66,96
375,368,39,66,96
376,368,39,66,96
377,369,39,66,96
378,370,39,66,96
379,371,39,66,96
380,372,39,66,96
381,372,39,66,96
382,373,40,66,96
383,374,41,66,96
384,375,42,66,96
385,376,42,66,96
386,376,42,66,96
387,377,42,66,96
388,378,42,66,96
389,379,42,66,96
390,380,42,66,96
391,380,42,66,96
392,381,43,66,96
393,381,43,66,96
394,380,43,66,96
395,379,43,66,96
396,379,43,66,96
397,378,43,66,96
398,376,43,66,96
399,374,43,66,96
400,372,43,66,96
401,372,43,66,96
402,370,43,66,96
403,367,43,66,96
404,363,43,66,96
405,359,43,66,96
406,359,43,66,96
407,354,43,66,96
408,349,43,66,96
409,344,42,66,96
410,340,41,66,96
411,340,41,66,96
412,337,40,66,96
413,335,40,66,96
414,336,41,66,96
415,340,43,66,96
416,340,43,66,96
417,346,46,66,96
418,352,50,66,96
419,357,53,66,96
420,360,55,66,96
421,360,55,66,96
422,362,56,66,96
423,364,57,66,96
424,366,58,66,96
425,368,59,66,96
426,368,59,66,96
427,369,60,66,96
428,369,61,66,96
429,369,61,66,96
430,368,61,66,96
431,368,61,66,96
432,367,61,66,96
433,365,61,66,96
434,363,61,66,96
435,294,121,66,96
436,294,121,66,96
437,295,120,66,96
438,296,118,66,96
439,298,117,66,96
440,300,116,66,96
441,300,116,66,96
442,302,116,66,96
443,304,116,66,96
444,306,117,66,96
445,308,118,66,96
446,308,118,66,96
447,311,119,66,96
448,312,117,66,96
449,314,115,66,96
450,315,114,66,96
451,315,114,66,96
452,316,113,66,96
453,320,110,66,96
454,324,105,66,96
455,327,101,66,96
456,327,101,66,96
457,329,98,66,96
458,330,97,66,96
459,331,96,66,96
460,332,95,66,96
461,332,95,66,96
462,334,92,66,96
463,335,91,66,96
464,335,91,66,96
465,335,91,66,96
466,335,91,66,96
467,335,91,66,96
468,335,91,66,96
469,335,91,66,96
470,335,91,66,96
471,335,91,66,96
472,335,91,66,96
473,335,91,66,96
474,335,91,66,96
475,335,91,66,96
476,335,91,66,96
477,232,76,66,96
478,229,75,66,96
479,226,75,66,96
480,223,75,66,96
481,223,75,66,96
482,220,74,66,96
483,217,74,66,96
484,215,73,66,96
485,212,73,66,96
486,212,73,66,96
487,209,73,66,96
488,206,73,66,96
489,203,74,66,96
490,200,75,66,96
491,200,75,66,96
492,197,75,66,96
493,194,75,66,96
494,192,75,66,96
495,190,76,66,96
496,190,76,66,96
497,188,76,66,96
498,186,76,66,96
499,184,76,66,96
500,182,76,66,96
501,182,76,66,96
502,181,76,66,96
503,180,77,66,96
504,179,77,66,96
505,179,76,66,96
506,179,76,66,96
507,179,76,66,96
508,179,76,66,96
509,180,76,66,96
510,181,76,66,96
511,181,76,66,96
512,182,76,66,96
513,183,76,66,96
514,184,76,66,96
515,185,76,66,96
516,185,76,66,96
517,186,76,66,96
518,187,76,66,96
519,188,76,66,96
520,189,76,66,96
521,189,76,66,96
522,189,76,66,96
523,189,76,66,96
524,189,76,66,96
525,190,77,66,96
526,190,77,66,96
527,191,79,66,96
528,193,81,66,96
529,194,84,66,96
530,195,87,66,96
531,195,87,66,96
532,196,90,66,96
533,197,92,66,96
534,198,93,66,96
535,200,93,66,96
536,200,93,66,96
537,202,93,66,96
538,203,93,66,96
539,203,93,66,96
540,203,93,66,96
541,203,93,66,96
542,204,93,66,96
543,205,93,66,96
544,206,93,66,96
545,207,93,66,96
546,207,93,66,96
547,208,93,66,96
548,209,92,66,96
549,210,92,66,96
550,211,92,66,96
551,211,92,66,96
552,212,92,66,96
553,212,92,66,96
554,212,92,66,96
555,212,92,66,96
556,212,92,66,96
557,212,92,66,96
558,212,92,66,96
559,212,92,66,96
560,212,92,66,96
561,212,92,66,96
562,212,92,66,96
563,212,92,66,96
564,212,92,66,96
565,212,92,66,96
566,212,92,66,96
567,213,92,66,96
568,214,92,66,96
569,215,92,66,96
570,216,92,66,96
571,216,92,66,96
572,217,92,66,96
573,218,92,66,96
574,219,92,66,96
575,220,92,66,96
576,220,92,66,96
577,221,92,66,96
578,222,92,66,96
579,223,92,66,96
580,223,92,66,96
581,223,92,66,96
582,223,92,66,96
583,223,92,66,96
584,223,92,66,96
585,223,92,66,96
586,223,92,66,96
587,520,33,66,96
588,520,33,66,96
589,521,33,66,96
590,521,33,66,96
591,521,33,66,96
592,521,33,66,96
593,521,33,66,96
594,521,33,66,96
595,521,33,66,96
596,521,33,66,96
597,521,33,66,96
598,521,33,66,96
599,521,33,66,96
600,521,33,66,96
601,521,33,66,96
602,521,33,66,96
603,521,33,66,96
604,521,33,66,96
605,521,33,66,96
606,521,33,66,96
607,521,33,66,96
608,521,33,66,96
609,521,33,66,96
610,521,33,66,96
611,521,33,66,96
612,521,33,66,96
613,521,33,66,96
614,521,33,66,96
615,521,33,66,96
616,521,33,66,96
617,521,33,66,96
618,521,33,66,96
619,521,33,66,96
620,521,33,66,96
621,521,33,66,96
622,536,21,66,96
623,536,21,66,96
624,536,21,66,96
625,536,21,66,96
626,536,21,66,96
627,536,21,66,96
628,536,21,66,96
629,536,21,66,96
630,536,21,66,96
631,536,21,66,96
632,536,21,66,96
633,536,21,66,96
634,536,21,66,96
635,536,21,66,96
636,536,21,66,96
637,536,21,66,96
638,536,21,66,96
639,536,21,66,96
640,536,21,66,96
641,536,21,66,96
642,536,21,66,96
643,536,21,66,96
644,536,21,66,96
645,536,21,66,96
646,536,21,66,96
647,536,21,66,96
648,536,21,66,96
649,536,21,66,96
650,536,21,66,96
651,536,21,66,96
652,536,21,66,96
653,536,21,66,96
654,536,21,66,96
655,536,21,66,96
656,536,21,66,96
657,536,21,66,96
658,536,21,66,96
659,536,21,66,96
660,536,21,66,96
661,536,21,66,96
662,536,21,66,96
663,536,21,66,96
664,536,21,66,96
665,536,21,66,96
666,536,21,66,96
667,536,21,66,96
668,536,21,66,96
669,536,21,66,96
670,536,21,66,96
671,536,21,66,96
672,536,21,66,96
673,536,21,66,96
674,536,21,66,96
675,536,21,66,96
676,536,21,66,96
677,536,21,66,96
678,536,21,66,96
679,536,21,66,96
680,536,21,66,96
681,536,21,66,96
682,536,21,66,96
683,536,21,66,96
684,536,21,66,96
685,536,21,66,96
686,536,21,66,96
687,536,21,66,96
688,536,21,66,96
689,536,21,66,96
690,536,21,66,96
691,536,21,66,96
692,536,21,66,96
693,536,21,66,96
694,536,21,66,96
695,536,21,66,96
696,536,21,66,96
697,536,21,66,96
698,536,21,66,96
699,536,21,66,96
700,536,21,66,96
701,536,21,66,96
702,536,21,66,96
703,536,21,66,96
704,536,21,66,96
705,536,21,66,96
706,536,21,66,96
707,536,21,66,96
708,536,21,66,96
709,536,21,66,96
710,536,21,66,96
711,536,21,66,96
712,537,21,66,96
713,537,21,66,96
714,537,21,66,96
715,537,21,66,96
716,537,21,66,96
717,537,21,66,96
718,537,21,66,96
719,538,21,66,96
720,539,21,66,96
721,539,21,66,96
722,540,21,66,96
723,541,21,66,96
724,542,21,66,96
725,524,32,66,96
726,524,32,66,96
727,524,32,66,96
728,524,32,66,96
729,524,32,66,96
730,524,32,66,96
731,524,32,66,96
732,524,32,66,96
733,524,32,66,96
734,524,32,66,96
735,524,32,66,96
736,524,32,66,96
737,524,32,66,96
738,524,32,66,96
739,524,32,66,96
740,524,32,66,96
741,524,32,66,96
742,524,32,66,96
743,524,32,66,96
744,524,32,66,96
745,524,32,66,96
746,524,32,66,96
747,524,32,66,96
748,524,32,66,96
749,524,32,66,96
750,524,32,66,96
751,524,32,66,96
752,524,32,66,96
753,524,32,66,96
754,524,32,66,96
755,524,32,66,96
756,524,32,66,96
757,524,32,66,96
758,514,77,66,96
759,514,77,66,96
760,514,77,66,96
761,514,77,66,96
762,514,77,66,96
763,514,77,66,96
764,514,77,66,96
765,514,77,66,96
766,514,77,66,96
767,514,77,66,96
768,514,77,66,96
769,514,77,66,96
770,514,77,66,96
771,514,77,66,96
772,514,77,66,96
773,513,77,66,96
774,513,77,66,96
775,512,77,66,96
776,512,77,66,96
777,512,77,66,96
778,512,77,66,96
779,512,77,66,96
780,512,77,66,96
781,512,77,66,96
782,512,77,66,96
783,512,77,66,96
784,512,77,66,96
785,512,77,66,96
786,512,77,66,96
787,512,77,66,96
788,511,77,66,96
789,511,77,66,96
790,511,77,66,96
791,511,77,66,96
792,510,77,66,96
793,510,77,66,96
794,510,77,66,96
795,510,77,66,96
796,510,77,66,96
797,510,77,66,96
798,510,77,66,96
799,510,77,66,96
800,510,77,66,96
801,510,77,66,96
802,510,77,66,96
803,510,77,66,96
804,510,77,66,96
805,510,77,66,96
806,510,77,66,96
807,510,77,66,96
808,510,77,66,96
809,510,77,66,96
810,510,77,66,96
811,510,77,66,96
812,510,77,66,96
813,510,77,66,96
814,510,77,66,96
815,510,77,66,96
816,510,77,66,96
817,510,77,66,96
818,510,77,66,96
819,510,77,66,96
820,510,77,66,96
821,510,77,66,96
822,510,77,66,96
823,510,77,66,96
824,510,77,66,96
825,510,77,66,96
826,510,77,66,96
827,510,77,66,96
828,510,77,66,96
829,510,77,66,96
830,510,77,66,96
831,510,77,66,96
832,510,77,66,96
833,510,77,66,96
834,510,77,66,96
835,510,77,66,96
836,510,77,66,96
837,510,77,66,96
838,510,77,66,96
839,510,77,66,96
840,510,77,66,96
841,510,77,66,96
842,510,77,66,96
843,510,77,66,96
844,510,77,66,96
845,510,77,66,96
846,510,77,66,96
847,510,77,66,96
848,509,77,66,96
849,509,77,66,96
850,509,77,66,96
851,509,77,66,96
852,508,77,66,96
853,507,77,66,96
854,507,77,66,96
855,506,77,66,96
856,506,77,66,96
857,505,77,66,96
858,504,77,66,96
859,504,77,66,96
860,503,77,66,96
861,503,77,66,96
862,503,77,66,96
863,503,77,66,96
864,503,77,66,96
865,503,77,66,96
866,503,77,66,96
867,246,71,66,96
868,246,71,66,96
869,246,71,66,96
870,246,71,66,96
871,246,71,66,96
872,246,71,66,96
873,246,71,66,96
874,246,71,66,96
875,246,71,66,96
876,246,71,66,96
877,246,71,66,96
878,246,71,66,96
879,246,71,66,96
880,246,71,66,96
881,246,71,66,96
882,246,71,66,96
883,246,71,66,96
884,246,71,66,96
885,246,71,66,96
886,246,71,66,96
887,246,71,66,96
888,246,71,66,96
889,246,71,66,96
890,246,71,66,96
891,246,71,66,96
892,246,71,66,96
893,246,71,66,96
894,246,71,66,96
895,246,71,66,96
896,246,71,66,96
897,247,71,66,96
898,248,71,66,96
899,248,71,66,96
900,248,71,66,96
901,248,71,66,96
902,248,71,66,96
903,248,71,66,96
904,248,71,66,96
905,248,71,66,96
906,248,71,66,96
907,248,71,66,96
908,248,71,66,96
909,248,71,66,96
910,248,71,66,96
911,248,71,66,96
912,248,71,66,96
913,248,71,66,96
914,248,71,66,96
915,247,71,66,96
916,247,71,66,96
917,246,71,66,96
918,246,71,66,96
919,245,71,66,96
920,245,71,66,96
921,245,71,66,96
922,245,71,66,96
923,245,71,66,96
924,245,70,66,96
925,245,69,66,96
926,245,69,66,96
927,245,68,66,96
928,245,67,66,96
929,245,66,66,96
930,245,65,66,96
931,245,65,66,96
932,245,65,66,96
933,245,65,66,96
934,245,66,66,96
935,245,66,66,96
936,245,66,66,96
937,246,66,66,96
938,248,66,66,96
939,249,66,66,96
940,250,66,66,96
941,250,66,66,96
942,251,66,66,96
943,251,66,66,96
944,251,66,66,96
945,252,66,66,96
946,252,66,66,96
947,253,66,66,96
948,254,66,66,96
949,255,66,66,96
950,256,67,66,96
951,256,67,66,96
952,256,68,66,96
953,257,68,66,96
954,257,68,66,96
955,257,68,66,96
956,257,68,66,96
957,257,68,66,96
958,257,68,66,96
959,257,68,66,96
960,257,67,66,96
961,257,67,66,96
962,257,67,66,96
963,257,66,66,96
964,257,65,66,96
965,257,64,66,96
966,257,64,66,96
967,256,63,66,96
968,255,62,66,96
969,254,62,66,96
970,254,62,66,96
971,254,62,66,96
972,254,62,66,96
973,254,62,66,96
974,254,62,66,96
975,254,62,66,96
976,254,62,66,96
977,255,62,66,96
978,256,63,66,96
979,258,63,66,96
980,260,63,66,96
981,260,63,66,96
982,263,63,66,96
983,266,63,66,96
984,268,63,66,96
985,270,63,66,96
986,270,63,66,96
987,271,63,66,96
988,272,63,66,96
989,271,63,66,96
990,270,63,66,96
991,268,63,66,96
992,266,63,66,96
993,263,63,66,96
994,259,63,66,96
995,259,63,66,96
996,255,63,66,96
997,250,63,66,96
998,245,63,66,96
999,240,63,66,96
1000,240,63,66,96
1001,235,63,66,96
1002,230,63,66,96
1003,226,63,66,96
1004,222,63,66,96
1005,222,63,66,96
1006,218,63,66,96
1007,214,63,66,96
1008,211,62,66,96
1009,209,61,66,96
1010,209,61,66,96
1011,208,60,66,96
1012,208,59,66,96
1013,208,59,66,96
1014,208,59,66,96
1015,208,59,66,96
1016,210,59,66,96
1017,213,59,66,96
1018,217,59,66,96
1019,222,59,66,96
1020,222,59,66,96
1021,228,59,66,96
1022,234,59,66,96
1023,240,60,66,96
1024,247,61,66,96
1025,247,61,66,96
1026,254,62,66,96
1027,261,62,66,96
1028,268,63,66,96
1029,275,64,66,96
1030,275,64,66,96
1031,282,64,66,96
1032,289,63,66,96
1033,296,62,66,96
1034,303,62,66,96
1035,303,62,66,96
1036,311,62,66,96
1037,319,62,66,96
1038,327,62,66,96
1039,335,62,66,96
1040,335,62,66,96
1041,344,62,66,96
1042,352,62,66,96
1043,360,62,66,96
1044,367,62,66,96
1045,367,62,66,96
1046,373,62,66,96
1047,380,60,66,96
1048,386,58,66,96
1049,391,56,66,96
1050,391,56,66,96
1051,394,55,66,96
1052,396,54,66,96
1053,397,53,66,96
1054,396,52,66,96
1055,396,52,66,96
1056,395,51,66,96
1057,393,51,66,96
1058,391,51,66,96
1059,387,51,66,96
1060,387,51,66,96
1061,382,52,66,96
1062,376,52,66,96
1063,370,52,66,96
1064,364,52,66,96
1065,364,52,66,96
1066,359,52,66,96
1067,354,52,66,96
1068,350,52,66,96
1069,348,52,66,96
1070,348,52,66,96
1071,347,52,66,96
1072,348,52,66,96
1073,350,52,66,96
1074,353,52,66,96
1075,353,52,66,96
1076,357,53,66,96
1077,361,54,66,96
1078,365,56,66,96
1079,369,58,66,96
1080,369,58,66,96
1081,372,60,66,96
1082,373,61,66,96
1083,373,62,66,96
1084,372,63,66,96
1085,372,63,66,96
1086,370,64,66,96
1087,367,66,66,96
1088,363,68,66,96
1089,359,70,66,96
1090,359,70,66,96
1091,354,72,66,96
1092,347,73,66,96
1093,340,74,66,96
1094,332,74,66,96
1095,332,74,66,96
1096,324,74,66,96
1097,317,73,66,96
1098,311,72,66,96
1099,306,70,66,96
1100,306,70,66,96
1101,302,68,66,96
1102,298,66,66,96
1103,95,28,66,96
1104,95,28,66,96
1105,95,28,66,96
1106,95,28,66,96
1107,95,28,66,96
1108,95,28,66,96
1109,95,28,66,96
1110,95,28,66,96
1111,95,28,66,96
1112,95,28,66,96
1113,95,28,66,96
1114,95,28,66,96
1115,95,28,66,96
1116,95,28,66,96
1117,95,28,66,96
1118,95,28,66,96
1119,95,28,66,96
1120,95,28,66,96
1121,95,28,66,96
1122,95,28,66,96
1123,95,28,66,96
1124,95,28,66,96
1125,95,28,66,96
1126,95,28,66,96
1127,95,28,66,96
1128,95,28,66,96
1129,95,28,66,96
1130,95,28,66,96
1131,95,28,66,96
1132,95,28,66,96
1133,95,28,66,96
1134,95,28,66,96
1135,95,28,66,96
1136,95,28,66,96
1137,95,28,66,96
1138,95,28,66,96
1139,95,28,66,96
1140,95,28,66,96
1141,95,28,66,96
1142,95,28,66,96
1143,95,28,66,96
1144,95,28,66,96
1145,95,28,66,96
1146,95,28,66,96
1147,95,28,66,96
1148,95,28,66,96
1149,95,28,66,96
1150,95,28,66,96
1151,95,28,66,96
1152,95,28,66,96
1153,95,28,66,96
1154,95,28,66,96
1155,95,28,66,96
1156,95,28,66,96
1157,95,28,66,96
1158,95,28,66,96
1159,95,28,66,96
1160,95,28,66,96
1161,95,28,66,96
1162,95,28,66,96
1163,95,28,66,96
1164,95,28,66,96
1165,95,28,66,96
1166,95,28,66,96
1167,95,28,66,96
1168,95,28,66,96
1169,95,28,66,96
1170,95,28,66,96
1171,95,28,66,96
1172,95,28,66,96
1173,95,28,66,96
1174,95,28,66,96
1175,95,28,66,96
1176,95,28,66,96
1177,95,28,66,96
1178,95,28,66,96
1179,95,28,66,96
1180,95,28,66,96
1181,95,28,66,96
1182,95,28,66,96
1183,96,28,66,96
1184,97,28,66,96
1185,97,28,66,96
1186,98,28,66,96
1187,99,28,66,96
1188,100,28,66,96
1189,101,28,66,96
1190,101,28,66,96
1191,102,28,66,96
1192,103,28,66,96
1193,104,28,66,96
1194,105,28,66,96
1195,105,28,66,96
1196,106,28,66,96
1197,107,28,66,96
1198,109,28,66,96
1199,110,28,66,96
1200,110,28,66,96
1201,112,28,66,96
1202,114,28,66,96
1203,116,28,66,96
1204,118,28,66,96
1205,118,28,66,96
1206,120,28,66,96
1207,122,28,66,96
1208,124,28,66,96
1209,126,28,66,96
1210,126,28,66,96
1211,128,28,66,96
1212,130,28,66,96
1213,132,28,66,96
1214,134,28,66,96
1215,134,28,66,96
1216,136,28,66,96
1217,138,28,66,96
1218,140,28,66,96
1219,142,28,66,96
1220,142,28,66,96
1221,143,28,66,96
1222,145,28,66,96
1223,146,28,66,96
1224,147,28,66,96
1225,147,28,66,96
1226,149,28,66,96
1227,150,28,66,96
1228,151,28,66,96
1229,152,28,66,96
1230,152,28,66,96
1231,153,28,66,96
1232,154,28,66,96
1233,155,28,66,96
1234,156,28,66,96
1235,156,28,66,96
1236,157,28,66,96
1237,159,28,66,96
1238,161,28,66,96
1239,163,28,66,96
1240,163,28,66,96
1241,165,28,66,96
1242,167,28,66,96
1243,169,28,66,96
1244,171,28,66,96
1245,171,28,66,96
1246,172,28,66,96
1247,173,28,66,96
1248,174,28,66,96
1249,175,28,66,96
1250,175,28,66,96
1251,176,28,66,96
1252,177,28,66,96
1253,178,28,66,96
1254,179,28,66,96
1255,179,28,66,96
1256,180,28,66,96
1257,181,28,66,96
1258,182,28,66,96
1259,183,28,66,96
1260,183,28,66,96
1261,184,28,66,96
1262,185,28,66,96
1263,186,28,66,96
1264,186,28,66,96
1265,186,28,66,96
1266,187,28,66,96
1267,187,28,66,96
1268,187,28,66,96
1269,187,28,66,96
1270,187,28,66,96
1271,187,28,66,96
1272,187,28,66,96
1273,187,28,66,96
1274,187,28,66,96
1275,187,28,66,96
1276,187,28,66,96
1277,187,28,66,96
1278,187,28,66,96
1279,187,28,66,96
1280,187,28,66,96
1281,187,28,66,96
1282,187,28,66,96
1283,187,28,66,96
1284,187,28,66,96
1285,187,28,66,96
1286,187,28,66,96
1287,187,28,66,96
1288,187,28,66,96
1289,187,28,66,96
1290,187,28,66,96
1291,187,28,66,96
1292,187,28,66,96
1293,187,28,66,96
1294,187,28,66,96
1295,187,28,66,96
1296,187,28,66,96
1297,187,28,66,96
1298,187,28,66,96
1299,187,28,66,96
1300,187,28,66,96
1301,187,28,66,96
1302,187,28,66,96
1303,187,28,66,96
1304,187,28,66,96
1305,187,28,66,96
1306,187,28,66,96
1307,187,28,66,96
1308,187,28,66,96
1309,187,28,66,96
1310,187,28,66,96
1311,187,28,66,96
1312,187,28,66,96
1313,187,28,66,96
1314,187,28,66,96
1315,187,28,66,96
1316,187,28,66,96
1317,187,28,66,96
1318,187,28,66,96
1319,187,28,66,96
1320,187,28,66,96
1321,187,28,66,96
1322,187,28,66,96
1323,187,28,66,96
1324,187,28,66,96
1325,187,28,66,96
1326,187,28,66,96
1327,187,28,66,96
1328,187,28,66,96
1329,187,28,66,96
1330,187,28,66,96
1331,187,28,66,96
1332,187,28,66,96
1333,187,28,66,96
1334,187,28,66,96
1335,187,28,66,96
1336,187,28,66,96
1337,187,28,66,96
1338,187,28,66,96
1339,187,28,66,96
1340,187,28,66,96
1341,187,28,66,96
1342,187,28,66,96
1343,187,28,66,96
1344,342,66,66,96
1345,342,67,66,96
1346,342,67,66,96
1347,342,67,66,96
1348,342,67,66,96
1349,341,67,66,96
1350,341,67,66,96
1351,341,67,66,96
1352,340,67,66,96
1353,339,67,66,96
1354,339,67,66,96
1355,339,67,66,96
1356,337,67,66,96
1357,335,67,66,96
1358,334,93,66,96
1359,332,95,66,96
1360,332,95,66,96
1361,330,98,66,96
1362,326,102,66,96
1363,322,106,66,96
1364,319,112,66,96
1365,319,112,66,96
1366,316,119,66,96
1367,314,126,66,96
1368,312,132,66,96
1369,311,136,66,96
1370,311,136,66,96
1371,310,140,66,96
1372,309,141,66,96
1373,308,142,66,96
1374,306,142,66,96
1375,306,142,66,96
1376,268,228,66,96
1377,268,226,66,96
1378,267,224,66,96
1379,265,221,66,96
1380,265,221,66,96
1381,263,218,66,96
1382,262,215,66,96
1383,262,212,66,96
1384,261,209,66,96
1385,261,209,66,96
1386,259,206,66,96
1387,257,203,66,96
1388,256,200,66,96
1389,255,197,66,96
1390,255,197,66,96
1391,255,194,66,96
1392,256,191,66,96
1393,257,189,66,96
1394,259,186,66,96
1395,259,186,66,96
1396,261,183,66,96
1397,264,180,66,96
1398,267,177,66,96
1399,271,174,66,96
1400,271,174,66,96
1401,274,171,66,96
1402,276,168,66,96
1403,277,166,66,96
1404,278,166,66,96
1405,278,166,66,96
1406,278,168,66,96
1407,277,172,66,96
1408,274,178,66,96
1409,270,186,66,96
1410,270,186,66,96
1411,265,195,66,96
1412,261,204,66,96
1413,258,211,66,96
1414,256,214,66,96
1415,256,214,66,96
1416,254,213,66,96
1417,251,209,66,96
1418,248,204,66,96
1419,244,200,66,96
1420,244,200,66,96
1421,240,198,66,96
1422,236,199,66,96
1423,232,201,66,96
1424,227,204,66,96
1425,227,204,66,96
1426,222,206,66,96
1427,217,207,66,96
1428,213,206,66,96
1429,210,204,66,96
1430,210,204,66,96
1431,207,202,66,96
1432,204,200,66,96
1433,201,199,66,96
1434,198,199,66,96
1435,198,199,66,96
1436,197,199,66,96
1437,196,200,66,96
1438,195,202,66,96
1439,196,204,66,96
1440,196,204,66,96
1441,197,206,66,96
1442,198,208,66,96
1443,199,210,66,96
1444,201,211,66,96
1445,201,211,66,96
1446,202,212,66,96
1447,204,212,66,96
1448,205,212,66,96
1449,205,213,66,96
1450,205,213,66,96
1451,205,214,66,96
1452,203,215,66,96
1453,202,215,66,96
1454,201,215,66,96
1455,201,215,66,96
1456,200,215,66,96
1457,200,215,66,96
1458,200,215,66,96
1459,201,215,66,96
1460,201,215,66,96
1461,202,215,66,96
1462,203,215,66,96
1463,203,215,66,96
1464,204,214,66,96
1465,204,214,66,96
1466,205,213,66,96
1467,206,213,66,96
1468,206,213,66,96
1469,206,213,66,96
1470,206,213,66,96
1471,205,213,66,96
1472,205,213,66,96
1473,205,213,66,96
1474,205,213,66,96
1475,205,213,66,96
1476,205,213,66,96
1477,205,213,66,96
1478,205,213,66,96
1479,205,213,66,96
1480,205,213,66,96
1481,205,213,66,96
1482,206,213,66,96
1483,207,213,66,96
1484,208,213,66,96
1485,208,213,66,96
1486,208,213,66,96
1487,209,213,66,96
1488,210,213,66,96
1489,211,213,66,96
1490,211,213,66,96
1491,212,213,66,96
1492,213,213,66,96
1493,213,213,66,96
1494,213,213,66,96
1495,213,213,66,96
1496,214,212,66,96
1497,215,211,66,96
1498,216,210,66,96
1499,217,209,66,96
1500,217,209,66,96
1501,218,208,66,96
1502,218,207,66,96
1503,219,206,66,96
1504,220,205,66,96
1505,220,205,66,96
1506,221,204,66,96
1507,222,203,66,96
1508,223,202,66,96
1509,225,201,66,96
1510,225,201,66,96
1511,227,200,66,96
1512,227,200,66,96
1513,227,200,66,96
1514,228,199,66,96
1515,228,199,66,96
1516,229,198,66,96
1517,229,198,66,96
1518,229,198,66,96
1519,229,198,66,96
1520,229,198,66,96
1521,229,197,66,96
1522,229,196,66,96
1523,229,195,66,96
1524,229,194,66,96
1525,229,194,66,96
1526,228,194,66,96
1527,227,194,66,96
1528,227,194,66,96
1529,227,194,66,96
1530,227,194,66,96
1531,227,194,66,96
1532,227,194,66,96
1533,227,194,66,96
1534,227,194,66,96
1535,227,194,66,96
1536,226,195,66,96
1537,225,196,66,96
1538,225,196,66,96
1539,224,196,66,96
1540,224,196,66,96
1541,222,196,66,96
1542,220,196,66,96
1543,220,196,66,96
1544,220,196,66,96
1545,220,196,66,96
1546,221,196,66,96
1547,223,196,66,96
1548,224,196,66,96
1549,224,196,66,96
1550,224,196,66,96
1551,225,196,66,96
1552,226,196,66,96
1553,227,196,66,96
1554,229,196,66,96
1555,229,196,66,96
1556,231,195,66,96
1557,233,194,66,96
1558,236,193,66,96
1559,239,192,66,96
1560,239,192,66,96
1561,244,191,66,96
1562,247,191,66,96
1563,248,191,66,96
1564,247,191,66,96
1565,247,191,66,96
1566,106,155,66,96
1567,106,155,66,96
1568,106,155,66,96
1569,106,155,66,96
1570,106,155,66,96
1571,106,155,66,96
1572,106,155,66,96
1573,106,155,66,96
1574,106,155,66,96
1575,106,155,66,96
1576,106,155,66,96
1577,106,155,66,96
1578,106,155,66,96
1579,106,155,66,96
1580,106,155,66,96
1581,106,155,66,96
1582,106,155,66,96
1583,106,155,66,96
1584,106,155,66,96
1585,106,155,66,96
1586,106,155,66,96
1587,106,155,66,96
1588,106,154,66,96
1589,106,154,66,96
1590,106,154,66,96
1591,106,154,66,96
1592,105,153,66,96
1593,105,153,66,96
1594,105,153,66,96
1595,105,153,66,96
1596,105,153,66,96
1597,105,153,66,96
1598,105,153,66,96
1599,105,153,66,96
1600,105,153,66,96
1601,105,153,66,96
1602,105,153,66,96
1603,105,153,66,96
1604,105,153,66,96
1605,105,153,66,96
1606,105,153,66,96
1607,105,153,66,96
1608,105,153,66,96
1609,105,153,66,96
1610,105,153,66,96
1611,105,153,66,96
1612,105,153,66,96
1613,105,153,66,96
1614,105,153,66,96
1615,105,153,66,96
1616,105,153,66,96
1617,105,153,66,96
1618,105,153,66,96
1619,105,153,66,96
1620,105,153,66,96
1621,105,153,66,96
1622,105,153,66,96
1623,105,153,66,96
1624,105,153,66,96
1625,105,153,66,96
1626,105,153,66,96
1627,105,153,66,96
1628,105,153,66,96
1629,105,153,66,96
1630,105,153,66,96
1631,105,153,66,96
1632,105,153,66,96
1633,105,153,66,96
1634,105,153,66,96
1635,105,153,66,96
1636,105,153,66,96
1637,105,153,66,96
1638,105,153,66,96
1639,105,153,66,96
1640,105,153,66,96
1641,105,153,66,96
1642,105,153,66,96
1643,105,153,66,96
1644,105,153,66,96
1645,105,153,66,96
1646,105,153,66,96
1647,105,153,66,96
1648,105,153,66,96
1649,105,153,66,96
1650,105,153,66,96
1651,105,153,66,96
1652,105,153,66,96
1653,105,153,66,96
1654,105,153,66,96
1655,105,153,66,96
1656,105,153,66,96
1657,105,153,66,96
1658,105,153,66,96
1659,105,153,66,96
1660,105,153,66,96
1661,105,153,66,96
1662,105,153,66,96
1663,105,153,66,96
1664,105,153,66,96
1665,105,153,66,96
1666,105,153,66,96
1667,105,153,66,96
1668,105,153,66,96
1669,105,153,66,96
1670,105,153,66,96
1671,105,153,66,96
1672,105,153,66,96
1673,105,153,66,96
1674,105,153,66,96
1675,105,153,66,96
1676,105,153,66,96
1677,105,153,66,96
1678,105,153,66,96
1679,105,153,66,96
1680,105,153,66,96
1681,105,153,66,96
1682,105,153,66,96
1683,105,153,66,96
1684,105,153,66,96
1685,105,153,66,96
1686,105,153,66,96
1687,105,153,66,96
1688,105,153,66,96
1689,105,153,66,96
1690,105,153,66,96
1691,105,153,66,96
1692,105,153,66,96
1693,105,153,66,96
1694,105,153,66,96
1695,105,153,66,96
1696,105,153,66,96
1697,105,153,66,96
1698,105,153,66,96
1699,105,153,66,96
1700,105,153,66,96
1701,105,153,66,96
1702,105,153,66,96
1703,105,153,66,96
1704,105,153,66,96
1705,105,153,66,96
1706,105,153,66,96
1707,105,153,66,96
1708,105,153,66,96
1709,105,153,66,96
1710,105,153,66,96
1711,105,153,66,96
1712,104,152,66,96
1713,104,152,66,96
1714,104,152,66,96
1715,104,152,66,96
1716,104,152,66,96
1717,104,152,66,96
1718,104,152,66,96
1719,104,152,66,96
1720,104,152,66,96
1721,104,152,66,96
1722,104,152,66,96
1723,573,80,66,96
1724,573,80,66,96
1725,573,80,66,96
1726,573,80,66,96
1727,573,80,66,96
1728,573,80,66,96
1729,573,80,66,96
1730,573,80,66,96
1731,573,80,66,96
1732,573,80,66,96
1733,573,80,66,96
1734,573,80,66,96
1735,573,80,66,96
1736,573,79,66,96
1737,573,79,66,96
1738,573,79,66,96
1739,573,79,66,96
1740,573,79,66,96
1741,573,79,66,96
1742,573,79,66,96
1743,573,78,66,96
1744,573,78,66,96
1745,573,78,66,96
1746,573,77,66,96
1747,573,76,66,96
1748,573,77,66,96
1749,573,77,66,96
1750,573,77,66,96
1751,573,75,66,96
1752,573,76,66,96
1753,573,76,66,96
1754,573,76,66,96
1755,573,76,66,96
1756,573,76,66,96
1757,573,75,66,96
1758,573,74,66,96
1759,573,74,66,96
1760,573,74,66,96
1761,573,75,66,96
1762,573,75,66,96
1763,573,74,66,96
1764,573,74,66,96
1765,573,74,66,96
1766,573,74,66,96
1767,573,74,66,96
1768,573,76,66,96
1769,573,76,66,96
1770,573,76,66,96
1771,573,76,66,96
1772,573,76,66,96
1773,572,76,66,96
1774,572,76,66,96
1775,572,76,66,96
1776,572,76,66,96
1777,572,76,66,96
1778,572,76,66,96
1779,572,76,66,96
1780,572,76,66,96
1781,572,76,66,96
1782,572,76,66,96
1783,572,76,66,96
1784,572,75,66,96
1785,572,75,66,96
1786,572,75,66,96
1787,572,75,66,96
1788,572,75,66,96
1789,572,75,66,96
1790,572,75,66,96
1791,572,75,66,96
1792,572,74,66,96
1793,572,74,66,96
1794,572,74,66,96
1795,572,74,66,96
1796,572,74,66,96
1797,572,74,66,96
1798,572,74,66,96
1799,572,74,66,96
1800,572,74,66,96
1801,572,74,66,96
1802,572,74,66,96
1803,572,74,66,96
1804,572,74,66,96
1805,572,74,66,96
1806,572,74,66,96
1807,572,74,66,96
1808,572,74,66,96
1809,572,74,66,96
1810,572,74,66,96
1811,572,74,66,96
1812,572,74,66,96
1813,572,71,66,96
1814,572,71,66,96
1815,572,71,66,96
1816,572,71,66,96
1817,569,71,66,96
1818,569,71,66,96
1819,569,71,66,96
1820,569,71,66,96
1821,558,63,66,96
1822,558,61,66,96
1823,547,53,66,96
1824,547,51,66,96
1825,547,51,66,96
1826,542,49,66,96
1827,537,44,66,96
1828,534,41,66,96
1829,532,41,66,96
1830,532,41,66,96
1831,530,41,66,96
1832,528,41,66,96
1833,528,41,66,96
1834,528,41,66,96
1835,528,41,66,96
1836,528,41,66,96
1837,528,41,66,96
1838,528,41,66,96
1839,528,44,66,96
1840,528,44,66,96
1841,530,46,66,96
1842,530,46,66,96
1843,530,46,66,96
1844,530,46,66,96
1845,530,46,66,96
1846,530,46,66,96
1847,530,46,66,96
1848,530,46,66,96
1849,530,46,66,96
1850,530,46,66,96
1851,530,46,66,96
1852,530,46,66,96
1853,530,46,66,96
1854,530,46,66,96
1855,530,46,66,96
1856,530,46,66,96
1857,530,46,66,96
1858,530,46,66,96
1859,530,46,66,96
1860,530,46,66,96
1861,530,46,66,96
1862,530,46,66,96
1863,530,46,66,96
1864,530,46,66,96
1865,530,46,66,96
1866,530,46,66,96
1867,530,46,66,96
1868,530,46,66,96
1869,530,46,66,96
1870,530,46,66,96
1871,530,46,66,96
1872,530,46,66,96
1873,526,41,66,96
1874,521,41,66,96
1875,521,41,66,96
1876,516,39,66,96
1877,511,39,66,96
1878,531,42,66,96
1879,533,46,66,96
1880,533,46,66,96
1881,537,49,66,96
1882,538,50,66,96
1883,536,50,66,96
1884,527,51,66,96
1885,527,51,66,96
1886,513,55,66,96
1887,500,58,66,96
1888,489,61,66,96
1889,481,64,66,96
1890,481,64,66,96
1891,475,68,66,96
1892,471,72,66,96
1893,470,76,66,96
1894,473,78,66,96
1895,473,78,66,96
1896,476,79,66,96
1897,479,79,66,96
1898,482,79,66,96
1899,484,77,66,96
1900,484,77,66,96
1901,484,73,66,96
1902,486,68,66,96
1903,488,65,66,96
1904,490,62,66,96
1905,490,62,66,96
1906,492,58,66,96
1907,496,52,66,96
1908,499,46,66,96
1909,502,39,66,96
1910,502,39,66,96
1911,505,32,66,96
1912,508,25,66,96
1913,513,17,66,96
1914,518,9,66,96
1915,518,9,66,96
1916,525,0,66,96
1917,522,0,66,96
1918,523,0,66,96
1919,528,0,66,96
1920,528,0,66,96
1921,535,0,66,96
1922,529,131,66,96
1923,536,125,66,96
1924,543,118,66,96
1925,543,118,66,96
1926,550,111,66,96
1927,557,104,66,96
1928,565,99,66,96
1929,573,91,66,96
1930,573,91,66,96
1931,0,83,66,96
1932,0,83,66,96
1933,0,83,66,96
1934,0,83,66,96
1935,0,83,66,96
1936,0,83,66,96
1937,0,83,66,96
1938,0,83,66,96
1939,0,83,66,96
1940,0,83,66,96
1941,0,83,66,96
1942,0,83,66,96
1943,0,83,66,96
1944,0,83,66,96
1945,0,83,66,96
1946,0,83,66,96
1947,0,83,66,96
1948,0,83,66,96
1949,0,83,66,96
1950,0,83,66,96
1951,0,83,66,96
1952,0,83,66,96
1953,0,83,66,96
1954,0,83,66,96
1955,0,83,66,96
1956,0,83,66,96
1957,0,83,66,96
1958,0,83,66,96
1959,0,83,66,96
1960,0,83,66,96
1961,0,83,66,96
1962,0,83,66,96
1963,0,83,66,96
1964,0,83,66,96
1965,0,83,66,96
1966,0,83,66,96
1967,0,83,66,96
1968,0,83,66,96
1969,0,83,66,96
1970,0,83,66,96
1971,0,83,66,96
1972,0,83,66,96
1973,0,83,66,96
1974,0,83,66,96
1975,0,83,66,96
1976,0,83,66,96
1977,0,83,66,96
1978,0,83,66,96
1979,0,83,66,96
1980,0,83,66,96
1981,0,83,66,96
1982,0,83,66,96
1983,0,83,66,96
1984,0,83,66,96
1985,0,83,66,96
1986,0,83,66,96
1987,0,83,66,96
1988,0,83,66,96
1989,0,83,66,96
1990,0,83,66,96
1991,0,83,66,96
1992,0,83,66,96
1993,0,83,66,96
1994,0,83,66,96
1995,0,83,66,96
1996,0,83,66,96
1997,0,83,66,96
1998,0,83,66,96
1999,0,83,66,96
2000,0,83,66,96
2001,0,83,66,96
2002,0,83,66,96
2003,0,83,66,96
2004,0,83,66,96
2005,0,83,66,96
2006,0,83,66,96
2007,0,83,66,96
2008,0,83,66,96
2009,0,83,66,96
2010,0,83,66,96
2011,0,83,66,96
2012,0,83,66,96
2013,0,83,66,96
2014,0,83,66,96
2015,0,83,66,96
2016,0,83,66,96
2017,0,83,66,96
2018,0,83,66,96
2019,0,83,66,96
2020,0,83,66,96
2021,0,83,66,96
2022,0,83,66,96
2023,0,83,66,96
2024,0,83,66,96
2025,0,83,66,96
2026,0,83,66,96
2027,0,83,66,96
2028,0,83,66,96
2029,0,83,66,96
2030,0,83,66,96
2031,0,83,66,96
2032,117,106,66,96
2033,117,106,66,96
2034,117,106,66,96
2035,117,106,66,96
2036,117,106,66,96
2037,117,106,66,96
2038,117,106,66,96
2039,117,106,66,96
2040,117,106,66,96
2041,117,106,66,96
2042,117,106,66,96
2043,117,106,66,96
2044,117,106,66,96
2045,117,106,66,96
2046,117,106,66,96
2047,117,106,66,96
2048,117,106,66,96
2049,117,106,66,96
2050,117,106,66,96
2051,117,106,66,96
2052,117,106,66,96
2053,117,106,66,96
2054,117,106,66,96
2055,117,106,66,96
2056,117,106,66,96
2057,117,106,66,96
2058,117,106,66,96
2059,117,106,66,96
2060,117,106,66,96
2061,117,106,66,96
2062,117,106,66,96
2063,117,106,66,96
2064,117,106,66,96
2065,117,106,66,96
2066,117,106,66,96
2067,117,106,66,96
2068,117,106,66,96
2069,117,106,66,96
2070,117,106,66,96
2071,117,106,66,96
2072,117,106,66,96
2073,117,106,66,96
2074,117,106,66,96
2075,117,106,66,96
2076,117,106,66,96
2077,117,106,66,96
2078,117,106,66,96
2079,117,106,66,96
2080,117,106,66,96
2081,117,106,66,96
2082,117,106,66,96
2083,117,106,66,96
2084,117,106,66,96
2085,117,106,66,96
2086,117,106,66,96
2087,117,106,66,96
2088,117,106,66,96
2089,117,106,66,96
2090,117,106,66,96
2091,117,106,66,96
2092,117,106,66,96
2093,117,106,66,96
2094,117,106,66,96
2095,117,106,66,96
2096,117,106,66,96
2097,117,106,66,96
2098,117,106,66,96
2099,117,106,66,96
2100,117,106,66,96
2101,117,106,66,96
2102,117,106,66,96
2103,117,106,66,96
2104,117,106,66,96
2105,117,106,66,96
2106,117,106,66,96
2107,117,106,66,96
2108,117,106,66,96
2109,117,106,66,96
2110,117,106,66,96
2111,117,106,66,96
2112,117,106,66,96
2113,117,106,66,96
2114,117,106,66,96
2115,117,106,66,96
2116,117,106,66,96
2117,117,106,66,96
2118,117,106,66,96
2119,117,106,66,96
2120,117,106,66,96
2121,117,106,66,96
2122,117,106,66,96
2123,117,106,66,96
2124,117,106,66,96
2125,117,106,66,96
2126,117,106,66,96
2127,117,106,66,96
2128,117,106,66,96
2129,117,106,66,96
2130,117,106,66,96
2131,117,106,66,96
2132,117,106,66,96
2133,117,106,66,96
2134,117,106,66,96
2135,117,106,66,96
2136,117,106,66,96
2137,117,106,66,96
2138,117,106,66,96
2139,117,106,66,96
2140,117,106,66,96
2141,117,106,66,96
2142,117,106,66,96
2143,117,106,66,96
2144,117,106,66,96
2145,117,106,66,96
2146,117,106,66,96
2147,117,106,66,96
2148,117,106,66,96
2149,117,106,66,96
2150,117,106,66,96
2151,117,106,66,96
2152,117,106,66,96
2153,117,106,66,96
2154,117,106,66,96
2155,117,106,66,96
2156,117,106,66,96
2157,117,106,66,96
2158,117,106,66,96
2159,117,106,66,96
2160,117,106,66,96
2161,117,106,66,96
2162,117,106,66,96
2163,117,106,66,96
2164,117,106,66,96
2165,117,106,66,96
2166,117,106,66,96
2167,117,106,66,96
2168,117,106,66,96
2169,117,106,66,96
2170,117,106,66,96
2171,117,106,66,96
2172,117,106,66,96
2173,117,106,66,96
2174,117,106,66,96
2175,117,106,66,96
2176,117,106,66,96
2177,117,106,66,96
2178,117,106,66,96
2179,117,106,66,96
2180,245,73,66,96
2181,245,73,66,96
2182,245,73,66,96
2183,245,73,66,96
2184,245,73,66,96
2185,245,73,66,96
2186,245,73,66,96
2187,245,73,66,96
2188,245,73,66,96
2189,245,73,66,96
2190,245,73,66,96
2191,245,73,66,96
2192,245,73,66,96
2193,245,73,66,96
2194,245,73,66,96
2195,245,73,66,96
2196,245,73,66,96
2197,245,73,66,96
2198,245,73,66,96
2199,245,73,66,96
2200,245,73,66,96
2201,245,73,66,96
2202,245,73,66,96
2203,245,73,66,96
2204,245,73,66,96
2205,245,73,66,96
2206,245,73,66,96
2207,245,73,66,96
2208,245,73,66,96
2209,245,73,66,96
2210,244,73,66,96
2211,244,73,66,96
2212,244,73,66,96
2213,244,73,66,96
2214,244,73,66,96
2215,244,73,66,96
2216,244,73,66,96
2217,244,73,66,96
2218,244,73,66,96
2219,244,73,66,96
2220,244,73,66,96
2221,244,73,66,96
2222,244,73,66,96
2223,244,73,66,96
2224,244,73,66,96
2225,244,73,66,96
2226,244,73,66,96
2227,244,73,66,96
2228,244,73,66,96
2229,244,73,66,96
2230,244,73,66,96
2231,244,72,66,96
2232,244,72,66,96
2233,244,72,66,96
2234,244,72,66,96
2235,244,72,66,96
2236,244,72,66,96
2237,244,72,66,96
2238,244,72,66,96
2239,244,72,66,96
2240,244,72,66,96
2241,244,72,66,96
2242,244,72,66,96
2243,244,72,66,96
2244,244,72,66,96
2245,244,72,66,96
2246,244,72,66,96
2247,244,72,66,96
2248,244,72,66,96
2249,244,72,66,96
2250,244,72,66,96
2251,244,72,66,96
2252,244,72,66,96
2253,244,72,66,96
2254,244,72,66,96
2255,244,71,66,96
2256,244,70,66,96
2257,244,69,66,96
2258,244,68,66,96
2259,244,68,66,96
2260,244,68,66,96
2261,244,68,66,96
2262,244,68,66,96
2263,244,68,66,96
2264,244,68,66,96
2265,244,68,66,96
2266,244,68,66,96
2267,244,68,66,96
2268,244,67,66,96
2269,244,67,66,96
2270,244,66,66,96
2271,244,66,66,96
2272,244,66,66,96
2273,244,66,66,96
2274,244,66,66,96
2275,244,66,66,96
2276,244,66,66,96
2277,244,66,66,96
2278,244,66,66,96
2279,244,66,66,96
2280,244,66,66,96
2281,244,66,66,96
2282,244,66,66,96
2283,244,66,66,96
2284,244,66,66,96
2285,244,66,66,96
2286,244,66,66,96
2287,244,66,66,96
2288,243,66,66,96
2289,243,66,66,96
2290,242,66,66,96
2291,241,67,66,96
2292,240,67,66,96
2293,239,67,66,96
2294,239,67,66,96
2295,238,67,66,96
2296,237,67,66,96
2297,236,67,66,96
2298,235,67,66,96
2299,235,67,66,96
2300,234,67,66,96
2301,234,67,66,96
2302,234,68,66,96
2303,234,68,66,96
2304,234,68,66,96
2305,234,68,66,96
2306,234,69,66,96
2307,234,70,66,96
2308,234,71,66,96
2309,234,71,66,96
2310,234,71,66,96
2311,234,71,66,96
2312,234,71,66,96
2313,234,72,66,96
2314,234,72,66,96
2315,234,72,66,96
2316,234,72,66,96
2317,234,72,66,96
2318,234,72,66,96
2319,234,72,66,96
2320,234,72,66,96
2321,234,72,66,96
2322,234,72,66,96
2323,234,72,66,96
2324,234,72,66,96
2325,234,72,66,96
2326,234,72,66,96
2327,234,72,66,96
2328,234,72,66,96
2329,234,72,66,96
2330,234,72,66,96
2331,234,72,66,96
2332,234,72,66,96
2333,234,72,66,96
2334,234,72,66,96
2335,234,72,66,96
2336,234,72,66,96
2337,234,72,66,96
2338,234,72,66,96
2339,234,72,66,96
2340,234,72,66,96
2341,234,72,66,96
2342,234,72,66,96
2343,234,72,66,96
2344,234,72,66,96
2345,234,72,66,96
2346,234,72,66,96
2347,234,72,66,96
2348,234,72,66,96
2349,234,72,66,96
2350,234,72,66,96
2351,92,103,66,96
2352,92,103,66,96
2353,92,103,66,96
2354,92,103,66,96
2355,92,103,66,96
2356,92,103,66,96
2357,92,103,66,96
2358,92,103,66,96
2359,92,103,66,96
2360,92,103,66,96
2361,92,103,66,96
2362,92,103,66,96
2363,92,103,66,96
2364,92,103,66,96
2365,92,103,66,96
2366,92,103,66,96
2367,92,103,66,96
2368,92,103,66,96
2369,92,103,66,96
2370,92,103,66,96
2371,92,103,66,96
2372,92,103,66,96
2373,92,103,66,96
2374,92,103,66,96
2375,92,103,66,96
2376,92,103,66,96
2377,92,103,66,96
2378,92,103,66,96
2379,92,103,66,96
2380,92,103,66,96
2381,92,103,66,96
2382,92,103,66,96
2383,92,103,66,96
2384,92,103,66,96
2385,92,103,66,96
2386,92,103,66,96
2387,92,103,66,96
2388,92,103,66,96
2389,92,103,66,96
2390,92,103,66,96
2391,92,103,66,96
2392,92,103,66,96
2393,92,103,66,96
2394,92,103,66,96
2395,91,103,66,96
2396,90,103,66,96
2397,89,103,66,96
2398,88,103,66,96
2399,88,103,66,96
2400,87,103,66,96
2401,86,102,66,96
2402,85,102,66,96
2403,84,102,66,96
2404,84,102,66,96
2405,83,102,66,96
2406,82,102,66,96
2407,81,102,66,96
2408,80,101,66,96
2409,80,101,66,96
2410,79,101,66,96
2411,78,100,66,96
2412,77,100,66,96
2413,76,100,66,96
2414,76,100,66,96
2415,75,99,66,96
2416,74,98,66,96
2417,73,97,66,96
2418,72,96,66,96
2419,72,96,66,96
2420,71,95,66,96
2421,70,93,66,96
2422,69,92,66,96
2423,68,91,66,96
2424,68,91,66,96
2425,67,90,66,96
2426,426,248,66,96
2427,425,248,66,96
2428,425,248,66,96
2429,425,248,66,96
2430,425,248,66,96
2431,425,248,66,96
2432,424,249,66,96
2433,423,250,66,96
2434,423,250,66,96
2435,423,251,66,96
2436,423,252,66,96
2437,423,253,66,96
2438,423,254,66,96
2439,423,254,66,96
2440,424,255,66,96
2441,425,256,66,96
2442,426,257,66,96
2443,427,258,66,96
2444,427,258,66,96
2445,427,260,66,96
2446,428,263,66,96
2447,429,263,66,96
2448,429,263,66,96
2449,429,263,66,96
2450,429,263,66,96
2451,429,263,66,96
2452,429,263,66,96
2453,429,263,66,96
2454,429,263,66,96
2455,429,262,66,96
2456,429,263,66,96
2457,429,263,66,96
2458,429,263,66,96
2459,429,263,66,96
2460,429,263,66,96
2461,429,263,66,96
2462,429,263,66,96
2463,429,263,66,96
2464,429,263,66,96
2465,429,263,66,96
2466,429,263,66,96
2467,429,263,66,96
2468,429,263,66,96
2469,429,263,66,96
2470,429,262,66,96
2471,429,261,66,96
2472,429,260,66,96
2473,429,259,66,96
2474,429,259,66,96
2475,430,258,66,96
2476,431,257,66,96
2477,431,256,66,96
2478,432,255,66,96
2479,432,255,66,96
2480,433,254,66,96
2481,434,253,66,96
2482,435,252,66,96
2483,436,251,66,96
2484,436,251,66,96
2485,437,250,66,96
2486,438,250,66,96
2487,439,250,66,96
2488,440,250,66,96
2489,440,250,66,96
2490,441,250,66,96
2491,442,250,66,96
2492,444,250,66,96
2493,446,250,66,96
2494,446,250,66,96
2495,448,250,66,96
2496,449,250,66,96
2497,449,250,66,96
2498,449,250,66,96
2499,449,250,66,96
2500,449,250,66,96
2501,449,250,66,96
2502,450,250,66,96
2503,451,250,66,96
2504,451,250,66,96
2505,452,250,66,96
2506,453,250,66,96
2507,454,250,66,96
2508,455,250,66,96
2509,455,250,66,96
2510,456,250,66,96
2511,457,250,66,96
2512,458,250,66,96
2513,459,250,66,96
2514,459,250,66,96
2515,460,250,66,96
2516,461,250,66,96
2517,462,250,66,96
2518,463,250,66,96
2519,463,250,66,96
2520,465,251,66,96
2521,467,252,66,96
2522,469,253,66,96
2523,471,253,66,96
2524,471,253,66,96
2525,472,253,66,96
2526,473,253,66,96
2527,475,254,66,96
2528,476,255,66,96
2529,476,255,66,96
2530,477,255,66,96
2531,478,256,66,96
2532,479,256,66,96
2533,480,256,66,96
2534,480,256,66,96
2535,481,256,66,96
2536,482,257,66,96
2537,483,258,66,96
2538,484,259,66,96
2539,484,259,66,96
2540,486,260,66,96
2541,487,260,66,96
2542,488,260,66,96
2543,489,261,66,96
2544,489,261,66,96
2545,490,262,66,96
2546,491,263,66,96
2547,491,263,66,96
2548,491,263,66,96
2549,491,263,66,96
2550,491,263,66,96
2551,491,263,66,96
2552,492,263,66,96
2553,492,262,66,96
2554,492,262,66,96
2555,492,262,66,96
2556,492,262,66,96
2557,492,262,66,96
2558,492,262,66,96
2559,492,262,66,96
2560,492,262,66,96
2561,492,262,66,96
2562,492,262,66,96
2563,492,262,66,96
2564,492,262,66,96
2565,492,262,66,96
2566,492,262,66,96
2567,492,262,66,96
2568,492,262,66,96
2569,492,262,66,96
2570,492,262,66,96
2571,492,262,66,96
2572,492,262,66,96
2573,492,262,66,96
2574,492,262,66,96
2575,492,262,66,96
2576,492,262,66,96
2577,492,262,66,96
2578,492,262,66,96
2579,492,262,66,96
2580,492,262,66,96
2581,492,262,66,96
2582,492,262,66,96
2583,492,262,66,96
2584,492,262,66,96
2585,492,262,66,96
2586,492,262,66,96
2587,492,262,66,96
2588,492,262,66,96
2589,492,262,66,96
2590,492,262,66,96
2591,492,262,66,96
2592,492,262,66,96
2593,491,262,66,96
2594,491,262,66,96
2595,490,262,66,96
2596,489,262,66,96
2597,489,262,66,96
2598,489,262,66,96
2599,489,262,66,96
2600,489,262,66,96
2601,489,262,66,96
2602,489,262,66,96
2603,489,262,66,96
2604,489,262,66,96
2605,489,262,66,96
2606,489,262,66,96
2607,489,262,66,96
2608,489,262,66,96
2609,489,262,66,96
2610,489,262,66,96
2611,489,262,66,96
2612,489,262,66,96
2613,489,262,66,96
2614,489,262,66,96
2615,489,262,66,96
2616,489,262,66,96
2617,489,262,66,96
2618,489,262,66,96
2619,489,262,66,96
2620,489,262,66,96
2621,489,262,66,96
2622,489,262,66,96
2623,489,262,66,96
2624,489,262,66,96
2625,489,262,66,96
2626,489,262,66,96
2627,490,262,66,96
2628,491,262,66,96
2629,491,262,66,96
2630,491,262,66,96
2631,491,262,66,96
2632,491,262,66,96
2633,491,262,66,96
2634,491,262,66,96
2635,491,262,66,96
2636,491,262,66,96
2637,491,262,66,96
2638,491,262,66,96
2639,491,262,66,96
2640,491,262,66,96
2641,491,262,66,96
2642,491,262,66,96
2643,491,262,66,96
2644,491,262,66,96
2645,491,262,66,96
2646,491,262,66,96
2647,491,262,66,96
2648,491,262,66,96
2649,491,262,66,96
2650,491,262,66,96
2651,491,262,66,96
2652,491,262,66,96
2653,491,262,66,96
2654,491,262,66,96
2655,491,262,66,96
2656,491,262,66,96
2657,491,262,66,96
2658,491,262,66,96
2659,491,262,66,96
2660,491,262,66,96
2661,491,262,66,96
2662,491,262,66,96
2663,491,262,66,96
2664,491,262,66,96
2665,491,262,66,96
2666,491,262,66,96
2667,491,262,66,96
2668,491,262,66,96
2669,491,262,66,96
2670,491,262,66,96
2671,491,262,66,96
2672,491,262,66,96
2673,491,262,66,96
2674,491,262,66,96
2675,491,262,66,96
2676,491,262,66,96
2677,491,262,66,96
2678,491,262,66,96
2679,491,262,66,96
2680,491,262,66,96
2681,491,262,66,96
2682,491,262,66,96
2683,491,262,66,96
2684,491,262,66,96
2685,491,262,66,96
2686,491,262,66,96
2687,491,262,66,96
2688,491,262,66,96
2689,491,262,66,96
2690,491,262,66,96
2691,491,262,66,96
2692,491,262,66,96
2693,491,262,66,96
2694,491,262,66,96
2695,491,262,66,96
2696,491,262,66,96
2697,491,262,66,96
2698,491,262,66,96
2699,491,262,66,96
2700,491,262,66,96
2701,491,262,66,96
2702,491,262,66,96
2703,491,262,66,96
2704,491,262,66,96
2705,491,262,66,96
2706,491,262,66,96
2707,491,262,66,96
2708,491,262,66,96
2709,491,262,66,96
2710,491,262,66,96
2711,491,262,66,96
2712,491,262,66,96
2713,491,262,66,96
2714,491,262,66,96
2715,491,262,66,96
2716,491,262,66,96
2717,491,262,66,96
2718,491,262,66,96
2719,491,262,66,96
2720,491,262,66,96
2721,491,262,66,96
2722,491,262,66,96
2723,491,262,66,96
2724,491,262,66,96
2725,490,262,66,96
2726,489,262,66,96
2727,488,262,66,96
2728,488,262,66,96
2729,488,262,66,96
2730,489,262,66,96
2731,490,262,66,96
2732,490,262,66,96
2733,490,262,66,96
2734,490,262,66,96
2735,490,262,66,96
2736,490,262,66,96
2737,490,262,66,96
2738,490,262,66,96
2739,490,262,66,96
2740,490,262,66,96
2741,490,262,66,96
2742,490,262,66,96
2743,490,262,66,96
2744,490,262,66,96
2745,490,262,66,96
2746,490,262,66,96
2747,490,262,66,96
2748,490,262,66,96
2749,490,262,66,96
2750,490,262,66,96
2751,490,262,66,96
2752,490,262,66,96
2753,491,262,66,96
2754,491,262,66,96
2755,492,262,66,96
2756,493,262,66,96
2757,494,262,66,96
2758,495,262,66,96
2759,495,262,66,96
2760,496,262,66,96
2761,496,262,66,96
2762,496,262,66,96
2763,495,262,66,96
2764,495,262,66,96
2765,495,262,66,96
2766,496,262,66,96
2767,497,262,66,96
2768,498,262,66,96
2769,498,262,66,96
2770,498,262,66,96
2771,498,262,66,96
2772,498,262,66,96
2773,497,262,66,96
2774,497,262,66,96
2775,496,262,66,96
2776,496,262,66,96
2777,497,263,66,96
2778,497,263,66,96
2779,497,263,66,96
2780,497,263,66,96
2781,497,263,66,96
2782,497,263,66,96
2783,497,263,66,96
2784,497,263,66,96
2785,498,263,66,96
2786,498,263,66,96
2787,498,262,66,96
2788,498,262,66,96
2789,498,262,66,96
2790,498,261,66,96
2791,498,261,66,96
2792,498,261,66,96
2793,498,261,66,96
2794,498,261,66,96
2795,498,261,66,96
2796,498,261,66,96
2797,498,261,66,96
2798,498,261,66,96
2799,498,261,66,96
2800,498,261,66,96
2801,498,261,66,96
2802,498,261,66,96
2803,498,261,66,96
2804,498,261,66,96
2805,498,261,66,96
2806,498,261,66,96
2807,498,261,66,96
2808,499,261,66,96
2809,499,261,66,96
2810,499,261,66,96
2811,499,261,66,96
2812,499,261,66,96
2813,499,261,66,96
2814,499,261,66,96
2815,499,261,66,96
2816,499,261,66,96
2817,499,261,66,96
2818,499,261,66,96
2819,499,261,66,96
2820,499,261,66,96
2821,499,261,66,96
2822,499,261,66,96
2823,499,261,66,96
2824,499,261,66,96
2825,499,261,66,96
2826,499,261,66,96
2827,499,261,66,96
2828,499,261,66,96
2829,499,261,66,96
2830,499,261,66,96
2831,499,261,66,96
2832,499,261,66,96
2833,499,261,66,96
2834,499,261,66,96
2835,499,261,66,96
2836,499,261,66,96
2837,499,261,66,96
2838,499,261,66,96
2839,499,261,66,96
2840,499,261,66,96
2841,499,261,66,96
2842,499,261,66,96
2843,499,261,66,96
2844,499,261,66,96
2845,499,261,66,96
2846,499,261,66,96
2847,499,261,66,96
2848,499,261,66,96
2849,499,261,66,96
2850,499,261,66,96
2851,499,261,66,96
2852,499,261,66,96
2853,499,261,66,96
2854,499,261,66,96
2855,499,261,66,96
2856,499,261,66,96
2857,500,261,66,96
2858,500,261,66,96
2859,500,261,66,96
2860,500,261,66,96
2861,500,261,66,96
2862,500,261,66,96
2863,501,261,66,96
2864,501,261,66,96
2865,502,261,66,96
2866,502,261,66,96
2867,500,261,66,96
2868,500,261,66,96
2869,500,261,66,96
2870,501,260,66,96
2871,504,258,66,96
2872,506,256,66,96
2873,509,255,66,96
2874,509,255,66,96
2875,511,254,66,96
2876,511,254,66,96
2877,408,155,66,96
2878,409,157,66,96
2879,409,157,66,96
2880,410,159,66,96
2881,411,160,66,96
2882,411,160,66,96
2883,411,160,66,96
2884,411,160,66,96
2885,412,160,66,96
2886,413,159,66,96
2887,414,158,66,96
2888,415,158,66,96
2889,415,158,66,96
2890,416,158,66,96
2891,416,158,66,96
2892,417,159,66,96
2893,418,160,66,96
2894,418,160,66,96
2895,419,161,66,96
2896,420,162,66,96
2897,420,162,66,96
2898,420,162,66,96
2899,420,162,66,96
2900,420,162,66,96
2901,420,162,66,96
2902,420,162,66,96
2903,420,162,66,96
2904,420,162,66,96
2905,420,162,66,96
2906,420,162,66,96
2907,420,162,66,96
2908,420,162,66,96
2909,420,162,66,96
2910,420,162,66,96
2911,420,162,66,96
2912,420,162,66,96
2913,420,162,66,96
2914,420,162,66,96
2915,420,162,66,96
2916,420,162,66,96
2917,420,162,66,96
2918,420,162,66,96
2919,420,162,66,96
2920,420,162,66,96
2921,420,162,66,96
2922,420,162,66,96
2923,33,201,66,96
2924,33,201,66,96
2925,33,201,66,96
2926,33,201,66,96
2927,33,201,66,96
2928,33,201,66,96
2929,33,201,66,96
2930,32,200,66,96
2931,32,200,66,96
2932,32,200,66,96
2933,32,200,66,96
2934,32,200,66,96
2935,32,200,66,96
2936,32,200,66,96
2937,32,200,66,96
2938,32,200,66,96
2939,32,200,66,96
2940,32,200,66,96
2941,32,200,66,96
2942,32,200,66,96
2943,32,200,66,96
2944,32,200,66,96
2945,32,200,66,96
2946,32,200,66,96
2947,32,200,66,96
2948,32,200,66,96
2949,32,200,66,96
2950,32,200,66,96
2951,32,200,66,96
2952,32,200,66,96
2953,32,200,66,96
2954,32,200,66,96
2955,32,200,66,96
2956,32,200,66,96
2957,32,200,66,96
2958,32,200,66,96
2959,32,200,66,96
2960,32,200,66,96
2961,32,200,66,96
2962,32,200,66,96
2963,32,200,66,96
2964,32,200,66,96
2965,32,200,66,96
2966,32,200,66,96
2967,32,200,66,96
2968,32,200,66,96
2969,32,200,66,96
2970,32,200,66,96
2971,32,200,66,96
2972,32,200,66,96
2973,32,200,66,96
2974,32,200,66,96
2975,32,200,66,96
2976,32,200,66,96
2977,32,200,66,96
2978,32,200,66,96
2979,32,200,66,96
2980,32,200,66,96
2981,32,200,66,96
2982,32,200,66,96
2983,32,200,66,96
2984,32,200,66,96
2985,32,200,66,96
2986,32,200,66,96
2987,32,200,66,96
2988,32,200,66,96
2989,32,200,66,96
2990,32,200,66,96
2991,32,200,66,96
2992,32,200,66,96
2993,32,200,66,96
2994,32,200,66,96
2995,32,200,66,96
2996,32,200,66,96
2997,32,200,66,96
2998,32,200,66,96
2999,32,200,66,96
3000,32,200,66,96
3001,32,200,66,96
3002,32,200,66,96
3003,32,200,66,96
3004,32,200,66,96
3005,32,200,66,96
3006,32,200,66,96
3007,32,200,66,96
3008,32,200,66,96
3009,32,200,66,96
3010,32,200,66,96
3011,32,200,66,96
3012,32,200,66,96
3013,32,200,66,96
3014,32,200,66,96
3015,32,200,66,96
3016,32,200,66,96
3017,32,200,66,96
3018,32,200,66,96
3019,32,200,66,96
3020,32,200,66,96
3021,32,200,66,96
3022,32,200,66,96
3023,32,200,66,96
3024,32,200,66,96
3025,32,200,66,96
3026,32,200,66,96
3027,32,200,66,96
3028,32,200,66,96
3029,32,200,66,96
3030,32,200,66,96
3031,32,200,66,96
3032,32,200,66,96
3033,32,200,66,96
3034,32,200,66,96
3035,32,200,66,96
3036,32,200,66,96
3037,32,200,66,96
3038,32,200,66,96
3039,32,200,66,96
3040,32,200,66,96
3041,32,200,66,96
3042,32,200,66,96
3043,32,200,66,96
3044,32,200,66,96
3045,32,200,66,96
3046,32,200,66,96
3047,32,200,66,96
3048,32,200,66,96
3049,32,200,66,96
3050,32,200,66,96
3051,32,200,66,96
3052,32,200,66,96
3053,32,200,66,96
3054,32,200,66,96
3055,32,200,66,96
3056,32,200,66,96
3057,32,200,66,96
3058,32,200,66,96
3059,32,200,66,96
3060,32,200,66,96
3061,32,200,66,96
3062,32,200,66,96
3063,32,200,66,96
3064,32,200,66,96
3065,32,200,66,96
3066,32,200,66,96
3067,32,200,66,96
3068,32,200,66,96
3069,32,200,66,96
3070,32,200,66,96
3071,32,200,66,96
3072,32,200,66,96
3073,32,200,66,96
3074,32,200,66,96
3075,32,200,66,96
3076,32,200,66,96
3077,32,200,66,96
3078,32,200,66,96
3079,32,200,66,96
3080,32,200,66,96
3081,32,200,66,96
3082,32,200,66,96
3083,32,200,66,96
3084,32,200,66,96
3085,32,200,66,96
3086,32,200,66,96
3087,32,200,66,96
3088,32,200,66,96
3089,32,200,66,96
3090,32,200,66,96
3091,32,200,66,96
3092,32,200,66,96
3093,32,200,66,96
3094,32,200,66,96
3095,32,200,66,96
3096,32,200,66,96
3097,32,200,66,96
3098,32,200,66,96
3099,32,200,66,96
3100,32,200,66,96
3101,32,200,66,96
3102,32,200,66,96
3103,32,200,66,96
3104,32,200,66,96
3105,32,200,66,96
3106,32,200,66,96
3107,32,200,66,96
3108,32,200,66,96
3109,32,200,66,96
3110,32,200,66,96
3111,32,200,66,96
3112,32,200,66,96
3113,32,200,66,96
3114,32,200,66,96
3115,32,200,66,96
3116,32,200,66,96
3117,32,200,66,96
3118,32,200,66,96
3119,32,200,66,96
3120,32,200,66,96
3121,32,200,66,96
3122,32,200,66,96
3123,32,200,66,96
3124,32,200,66,96
3125,32,200,66,96
3126,32,200,66,96
3127,32,200,66,96
3128,32,200,66,96
3129,32,200,66,96
3130,32,200,66,96
3131,32,200,66,96
3132,32,200,66,96
3133,32,200,66,96
3134,32,200,66,96
3135,32,200,66,96
3136,32,200,66,96
3137,32,200,66,96
3138,32,200,66,96
3139,32,200,66,96
3140,114,67,66,96
3141,114,67,66,96
3142,114,67,66,96
3143,114,67,66,96
3144,114,67,66,96
3145,114,67,66,96
3146,114,67,66,96
3147,114,67,66,96
3148,114,67,66,96
3149,114,67,66,96
3150,114,67,66,96
3151,114,67,66,96
3152,114,67,66,96
3153,114,67,66,96
3154,114,67,66,96
3155,114,67,66,96
3156,114,67,66,96
3157,114,67,66,96
3158,114,67,66,96
3159,114,67,66,96
3160,114,67,66,96
3161,114,67,66,96
3162,114,67,66,96
3163,114,67,66,96
3164,114,67,66,96
3165,451,64,66,96
3166,451,64,66,96
3167,451,64,66,96
3168,451,64,66,96
3169,451,64,66,96
3170,451,64,66,96
3171,451,64,66,96
3172,451,64,66,96
3173,451,64,66,96
3174,451,64,66,96
3175,451,64,66,96
3176,451,64,66,96
3177,451,64,66,96
3178,451,64,66,96
3179,451,64,66,96
3180,451,64,66,96
3181,451,64,66,96
3182,451,64,66,96
3183,451,64,66,96
3184,451,64,66,96
3185,451,64,66,96
3186,451,64,66,96
3187,451,64,66,96
3188,451,64,66,96
3189,452,64,66,96
3190,452,64,66,96
3191,452,64,66,96
3192,452,64,66,96
3193,452,64,66,96
3194,452,64,66,96
3195,452,64,66,96
3196,452,64,66,96
3197,452,64,66,96
3198,452,64,66,96
3199,452,64,66,96
3200,452,64,66,96
3201,452,64,66,96
3202,452,64,66,96
3203,452,64,66,96
3204,452,64,66,96
3205,453,64,66,96
3206,455,64,66,96
3207,456,64,66,96
3208,456,64,66,96
3209,456,64,66,96
3210,455,65,66,96
3211,454,65,66,96
3212,453,65,66,96
3213,453,65,66,96
3214,452,65,66,96
3215,452,65,66,96
3216,452,65,66,96
3217,452,65,66,96
3218,452,65,66,96
3219,452,65,66,96
3220,452,65,66,96
3221,454,65,66,96
3222,457,65,66,96
3223,457,65,66,96
3224,459,65,66,96
3225,460,65,66,96
3226,459,65,66,96
3227,458,65,66,96
3228,458,65,66,96
3229,457,65,66,96
3230,456,65,66,96
3231,455,65,66,96
3232,454,65,66,96
3233,454,65,66,96
3234,454,65,66,96
3235,454,65,66,96
3236,454,65,66,96
3237,455,65,66,96
3238,455,65,66,96
3239,458,66,66,96
3240,462,65,66,96
3241,465,63,66,96
3242,466,62,66,96
3243,466,62,66,96
3244,467,61,66,96
3245,467,60,66,96
3246,467,60,66,96
3247,467,60,66,96
3248,467,60,66,96
3249,467,60,66,96
3250,467,60,66,96
3251,467,60,66,96
3252,466,60,66,96
3253,466,60,66,96
3254,466,60,66,96
3255,466,60,66,96
3256,466,60,66,96
3257,466,60,66,96
3258,466,60,66,96
3259,466,60,66,96
3260,466,60,66,96
3261,466,60,66,96
3262,466,60,66,96
3263,466,60,66,96
3264,466,60,66,96
3265,465,60,66,96
3266,464,60,66,96
3267,464,60,66,96
3268,464,60,66,96
3269,464,60,66,96
3270,464,60,66,96
3271,464,60,66,96
3272,464,60,66,96
3273,464,60,66,96
3274,464,60,66,96
3275,464,60,66,96
3276,464,60,66,96
3277,464,60,66,96
3278,464,60,66,96
3279,464,60,66,96
3280,464,60,66,96
3281,464,60,66,96
3282,464,60,66,96
3283,464,60,66,96
3284,464,60,66,96
3285,464,60,66,96
3286,464,60,66,96
3287,464,60,66,96
3288,464,60,66,96
3289,464,60,66,96
3290,464,60,66,96
3291,464,60,66,96
3292,464,60,66,96
3293,464,60,66,96
3294,464,60,66,96
3295,464,60,66,96
3296,464,60,66,96
3297,464,60,66,96
3298,464,60,66,96
3299,464,60,66,96
3300,464,60,66,96
3301,464,60,66,96
3302,464,60,66,96
3303,464,60,66,96
3304,464,60,66,96
3305,464,60,66,96
3306,464,60,66,96
3307,464,60,66,96
3308,464,60,66,96
3309,464,60,66,96
3310,464,60,66,96
3311,464,60,66,96
3312,464,60,66,96
3313,464,60,66,96
3314,464,60,66,96
3315,464,60,66,96
3316,464,60,66,96
3317,464,60,66,96
3318,464,60,66,96
3319,464,60,66,96
3320,464,60,66,96
3321,464,60,66,96
3322,464,60,66,96
3323,464,60,66,96
3324,464,60,66,96
3325,464,60,66,96
3326,464,60,66,96
3327,464,60,66,96
3328,464,60,66,96
3329,464,60,66,96
3330,464,60,66,96
3331,464,60,66,96
3332,464,60,66,96
3333,464,60,66,96
3334,464,60,66,96
3335,464,61,66,96
3336,464,61,66,96
3337,464,61,66,96
3338,464,61,66,96
3339,464,61,66,96
3340,464,61,66,96
3341,464,61,66,96
3342,464,61,66,96
3343,464,61,66,96
3344,464,61,66,96
3345,464,61,66,96
3346,464,61,66,96
3347,464,61,66,96
3348,464,61,66,96
3349,464,61,66,96
3350,464,61,66,96
3351,464,61,66,96
3352,464,61,66,96
3353,464,61,66,96
3354,464,61,66,96
3355,464,61,66,96
3356,464,61,66,96
3357,464,61,66,96
3358,464,61,66,96
3359,464,61,66,96
3360,464,61,66,96
3361,464,61,66,96
3362,464,61,66,96
3363,464,61,66,96
3364,464,61,66,96
3365,464,61,66,96
3366,464,61,66,96
3367,464,61,66,96
3368,464,61,66,96
3369,464,61,66,96
3370,464,61,66,96
3371,464,61,66,96
3372,464,61,66,96
3373,464,61,66,96
3374,464,61,66,96
3375,464,61,66,96
3376,464,61,66,96
3377,464,61,66,96
3378,464,61,66,96
3379,464,61,66,96
3380,464,61,66,96
3381,464,61,66,96
3382,464,61,66,96
3383,464,61,66,96
3384,464,61,66,96
3385,464,61,66,96
3386,464,61,66,96
3387,464,61,66,96
3388,464,61,66,96
3389,464,61,66,96
3390,464,61,66,96
3391,464,61,66,96
3392,464,61,66,96
3393,464,61,66,96
3394,465,61,66,96
3395,465,61,66,96
3396,465,61,66,96
3397,465,61,66,96
3398,465,61,66,96
3399,465,61,66,96
3400,465,61,66,96
3401,465,61,66,96
3402,465,61,66,96
3403,465,61,66,96
3404,465,61,66,96
3405,465,61,66,96
3406,465,61,66,96
3407,465,61,66,96
3408,465,61,66,96
3409,465,61,66,96
3410,465,61,66,96
3411,465,61,66,96
3412,465,61,66,96
3413,465,61,66,96
3414,465,61,66,96
3415,465,61,66,96
3416,465,61,66,96
3417,465,61,66,96
3418,465,61,66,96
3419,465,61,66,96
3420,465,61,66,96
3421,465,61,66,96
3422,465,61,66,96
3423,465,61,66,96
3424,465,61,66,96
3425,465,61,66,96
3426,465,61,66,96
3427,465,61,66,96
3428,465,61,66,96
3429,465,61,66,96
3430,465,61,66,96
3431,465,61,66,96
3432,465,61,66,96
3433,465,61,66,96
3434,465,61,66,96
3435,465,61,66,96
3436,465,61,66,96
3437,465,61,66,96
3438,465,61,66,96
3439,465,61,66,96
3440,465,61,66,96
3441,465,61,66,96
3442,465,61,66,96
3443,465,61,66,96
3444,465,61,66,96
3445,465,61,66,96
3446,465,61,66,96
3447,465,61,66,96
3448,465,61,66,96
3449,465,61,66,96
3450,465,61,66,96
3451,465,61,66,96
3452,465,61,66,96
3453,465,61,66,96
3454,465,61,66,96
3455,465,61,66,96
3456,465,61,66,96
3457,465,61,66,96
3458,465,61,66,96
3459,465,61,66,96
3460,465,61,66,96
3461,465,61,66,96
3462,465,61,66,96
3463,465,61,66,96
3464,465,61,66,96
3465,465,61,66,96
3466,465,61,66,96
3467,465,61,66,96
3468,465,61,66,96
3469,465,61,66,96
3470,465,61,66,96
3471,465,61,66,96
3472,465,61,66,96
3473,465,61,66,96
3474,465,61,66,96
3475,465,61,66,96
3476,465,61,66,96
3477,465,61,66,96
3478,465,61,66,96
3479,465,61,66,96
3480,465,61,66,96
3481,465,61,66,96
3482,465,61,66,96
3483,465,61,66,96
3484,465,61,66,96
3485,465,61,66,96
3486,465,61,66,96
3487,465,61,66,96
3488,465,61,66,96
3489,465,61,66,96
3490,465,61,66,96
3491,465,61,66,96
3492,465,61,66,96
3493,465,61,66,96
3494,465,61,66,96
3495,465,61,66,96
3496,465,61,66,96
3497,465,61,66,96
3498,465,61,66,96
3499,465,61,66,96
3500,465,61,66,96
3501,465,61,66,96
3502,465,61,66,96
3503,465,61,66,96
3504,465,61,66,96
3505,465,61,66,96
3506,465,61,66,96
3507,465,61,66,96
3508,465,61,66,96
3509,465,61,66,96
3510,465,61,66,96
3511,465,61,66,96
3512,465,61,66,96
3513,465,61,66,96
3514,465,61,66,96
3515,465,61,66,96
3516,465,61,66,96
3517,465,61,66,96
3518,465,61,66,96
3519,465,61,66,96
3520,465,61,66,96
3521,465,61,66,96
3522,465,61,66,96
3523,465,61,66,96
3524,164,8,66,96
3525,164,8,66,96
3526,164,8,66,96
3527,164,8,66,96
3528,164,8,66,96
3529,164,8,66,96
3530,164,8,66,96
3531,164,8,66,96
3532,164,8,66,96
3533,164,8,66,96
3534,164,8,66,96
3535,164,8,66,96
3536,164,8,66,96
3537,164,8,66,96
3538,164,8,66,96
3539,164,7,66,96
3540,164,7,66,96
3541,164,7,66,96
3542,164,7,66,96
3543,164,7,66,96
3544,164,7,66,96
3545,164,7,66,96
3546,164,7,66,96
3547,164,7,66,96
3548,164,7,66,96
3549,164,7,66,96
3550,164,7,66,96
3551,164,7,66,96
3552,164,7,66,96
3553,164,7,66,96
3554,164,7,66,96
3555,164,7,66,96
3556,164,7,66,96
3557,164,7,66,96
3558,164,7,66,96
3559,164,7,66,96
3560,164,7,66,96
3561,164,7,66,96
3562,164,7,66,96
3563,164,7,66,96
3564,164,7,66,96
3565,164,7,66,96
3566,164,7,66,96
3567,164,7,66,96
3568,164,7,66,96
3569,164,7,66,96
3570,164,7,66,96
3571,462,240,66,96
3572,462,240,66,96
3573,462,240,66,96
3574,462,240,66,96
3575,462,240,66,96
3576,462,240,66,96
3577,462,240,66,96
3578,462,240,66,96
3579,462,240,66,96
3580,462,240,66,96
3581,462,240,66,96
3582,462,240,66,96
3583,462,240,66,96
3584,462,240,66,96
3585,462,240,66,96
3586,462,240,66,96
3587,462,240,66,96
3588,462,240,66,96
3589,462,240,66,96
3590,462,240,66,96
3591,462,240,66,96
3592,462,240,66,96
3593,462,240,66,96
3594,462,240,66,96
3595,462,240,66,96
3596,462,240,66,96
3597,462,240,66,96
3598,462,240,66,96
3599,462,240,66,96
3600,462,240,66,96
3601,462,240,66,96
3602,462,240,66,96
3603,462,240,66,96
3604,462,240,66,96
3605,462,240,66,96
3606,462,240,66,96
3607,462,240,66,96
3608,462,240,66,96
3609,462,240,66,96
3610,462,240,66,96
3611,462,240,66,96
3612,462,240,66,96
3613,462,240,66,96
3614,462,240,66,96
3615,462,240,66,96
3616,462,240,66,96
3617,462,240,66,96
3618,462,240,66,96
3619,462,240,66,96
3620,462,240,66,96
3621,462,240,66,96
3622,462,240,66,96
3623,462,240,66,96
3624,462,240,66,96
3625,462,240,66,96
3626,462,240,66,96
3627,462,240,66,96
3628,462,240,66,96
3629,462,240,66,96
3630,462,240,66,96
3631,462,240,66,96
3632,462,240,66,96
3633,462,240,66,96
3634,462,240,66,96
3635,462,240,66,96
3636,462,240,66,96
3637,462,240,66,96
3638,462,240,66,96
3639,462,240,66,96
3640,462,240,66,96
3641,462,240,66,96
3642,462,240,66,96
3643,462,240,66,96
3644,462,240,66,96
3645,462,240,66,96
3646,462,240,66,96
3647,462,240,66,96
3648,462,240,66,96
3649,263,41,66,96
3650,263,41,66,96
3651,263,41,66,96
3652,263,41,66,96
3653,263,41,66,96
3654,263,41,66,96
3655,263,41,66,96
3656,263,41,66,96
3657,263,41,66,96
3658,263,41,66,96
3659,263,41,66,96
3660,263,41,66,96
3661,263,41,66,96
3662,263,41,66,96
3663,263,41,66,96
3664,263,40,66,96
3665,263,39,66,96
3666,263,39,66,96
3667,263,39,66,96
3668,263,39,66,96
3669,263,39,66,96
3670,263,39,66,96
3671,263,39,66,96
3672,263,39,66,96
3673,263,39,66,96
3674,263,39,66,96
3675,263,39,66,96
3676,264,39,66,96
3677,266,39,66,96
3678,266,39,66,96
3679,268,40,66,96
3680,272,39,66,96
3681,276,37,66,96
3682,281,36,66,96
3683,281,36,66,96
3684,285,36,66,96
3685,287,37,66,96
3686,288,38,66,96
3687,289,39,66,96
3688,289,39,66,96
3689,289,40,66,96
3690,289,41,66,96
3691,289,42,66,96
3692,289,42,66,96
3693,289,42,66,96
3694,290,42,66,96
3695,291,42,66,96
3696,292,42,66,96
3697,293,42,66,96
3698,293,42,66,96
3699,294,42,66,96
3700,295,42,66,96
3701,296,42,66,96
3702,296,42,66,96
3703,296,42,66,96
3704,296,42,66,96
3705,296,42,66,96
3706,295,42,66,96
3707,294,42,66,96
3708,294,42,66,96
3709,293,42,66,96
3710,292,42,66,96
3711,291,42,66,96
3712,290,42,66,96
3713,290,42,66,96
3714,289,42,66,96
3715,288,42,66,96
3716,287,42,66,96
3717,286,42,66,96
3718,286,42,66,96
3719,285,42,66,96
3720,284,42,66,96
3721,452,223,66,96
3722,452,223,66,96
3723,452,223,66,96
3724,452,223,66,96
3725,452,223,66,96
3726,452,223,66,96
3727,452,223,66,96
3728,452,223,66,96
3729,452,223,66,96
3730,452,223,66,96
3731,452,223,66,96
3732,452,223,66,96
3733,452,223,66,96
3734,452,223,66,96
3735,452,223,66,96
3736,452,223,66,96
3737,452,223,66,96
3738,452,223,66,96
3739,452,223,66,96
3740,452,223,66,96
3741,452,223,66,96
3742,452,223,66,96
3743,452,223,66,96
3744,452,223,66,96
3745,452,223,66,96
3746,452,223,66,96
3747,452,223,66,96
3748,452,223,66,96
3749,452,223,66,96
3750,452,223,66,96
3751,452,223,66,96
3752,452,223,66,96
3753,452,223,66,96
3754,452,223,66,96
3755,452,223,66,96
3756,452,223,66,96
3757,452,223,66,96
3758,452,223,66,96
3759,452,223,66,96
3760,452,223,66,96
3761,452,223,66,96
3762,452,223,66,96
3763,452,223,66,96
3764,452,223,66,96
3765,452,223,66,96
3766,452,223,66,96
3767,452,223,66,96
3768,452,223,66,96
3769,452,223,66,96
3770,452,223,66,96
3771,452,223,66,96
3772,452,223,66,96
3773,452,223,66,96
3774,452,223,66,96
3775,452,223,66,96
3776,452,223,66,96
3777,452,223,66,96
3778,452,223,66,96
3779,452,223,66,96
3780,452,223,66,96
3781,452,223,66,96
3782,452,223,66,96
3783,452,223,66,96
3784,452,223,66,96
3785,452,223,66,96
3786,452,223,66,96
3787,452,223,66,96
3788,452,223,66,96
3789,452,223,66,96
3790,452,223,66,96
3791,452,223,66,96
3792,452,223,66,96
3793,452,223,66,96
3794,452,223,66,96
3795,452,223,66,96
3796,452,223,66,96
3797,452,223,66,96
3798,452,223,66,96
3799,452,223,66,96
3800,452,223,66,96
3801,452,223,66,96
3802,452,223,66,96
3803,452,223,66,96
3804,452,223,66,96
3805,452,223,66,96
3806,452,223,66,96
3807,452,223,66,96
3808,452,223,66,96
3809,452,223,66,96
3810,452,223,66,96
3811,452,223,66,96
3812,452,223,66,96
3813,452,223,66,96
3814,452,223,66,96
3815,452,223,66,96
3816,452,223,66,96
3817,452,223,66,96
3818,452,223,66,96
3819,452,223,66,96
3820,452,223,66,96
3821,452,223,66,96
3822,452,223,66,96
3823,452,223,66,96
3824,452,223,66,96
3825,452,223,66,96
3826,452,223,66,96
3827,452,223,66,96
3828,452,223,66,96
3829,452,223,66,96
3830,452,223,66,96
3831,452,223,66,96
3832,452,223,66,96
3833,452,223,66,96
3834,452,223,66,96
3835,452,223,66,96
3836,452,223,66,96
3837,452,223,66,96
3838,452,223,66,96
3839,452,223,66,96
3840,452,223,66,96
3841,452,223,66,96
3842,452,223,66,96
3843,452,223,66,96
3844,452,223,66,96
3845,452,223,66,96
3846,452,223,66,96
3847,452,223,66,96
3848,452,223,66,96
3849,452,223,66,96
3850,452,223,66,96
3851,452,223,66,96
3852,452,223,66,96
3853,452,223,66,96
3854,452,223,66,96
3855,452,223,66,96
3856,452,223,66,96
3857,452,223,66,96
3858,452,223,66,96
3859,452,223,66,96
3860,452,223,66,96
3861,452,223,66,96
3862,452,223,66,96
3863,452,223,66,96
3864,452,223,66,96
3865,452,223,66,96
3866,452,223,66,96
3867,452,223,66,96
3868,452,223,66,96
3869,452,223,66,96
3870,452,223,66,96
3871,452,223,66,96
3872,452,223,66,96
3873,452,223,66,96
3874,452,223,66,96
3875,452,223,66,96
3876,452,223,66,96
3877,452,223,66,96
3878,452,223,66,96
3879,452,223,66,96
3880,452,223,66,96
3881,452,223,66,96
3882,452,223,66,96
3883,452,223,66,96
3884,452,223,66,96
3885,452,223,66,96
3886,452,223,66,96
3887,452,223,66,96
3888,452,223,66,96
3889,452,223,66,96
3890,452,223,66,96
3891,452,223,66,96
3892,452,223,66,96
3893,452,223,66,96
3894,452,223,66,96
3895,452,223,66,96
3896,452,223,66,96
3897,452,223,66,96
3898,452,223,66,96
3899,452,223,66,96
3900,452,223,66,96
3901,452,223,66,96
3902,452,223,66,96
3903,452,223,66,96
3904,452,223,66,96
3905,452,223,66,96
3906,452,223,66,96
3907,452,223,66,96
3908,452,223,66,96
3909,452,223,66,96
3910,452,223,66,96
3911,452,223,66,96
3912,452,223,66,96
3913,452,223,66,96
3914,452,223,66,96
3915,452,223,66,96
3916,452,223,66,96
3917,452,223,66,96
3918,452,223,66,96
3919,452,223,66,96
3920,452,223,66,96
3921,452,223,66,96
3922,452,223,66,96
3923,452,223,66,96
3924,452,223,66,96
3925,452,223,66,96
3926,452,223,66,96
3927,452,223,66,96
3928,452,223,66,96
3929,452,223,66,96
3930,452,223,66,96
3931,452,223,66,96
3932,452,223,66,96
3933,452,223,66,96
3934,452,223,66,96
3935,452,223,66,96
3936,452,223,66,96
3937,452,223,66,96
3938,452,223,66,96
3939,452,223,66,96
3940,452,223,66,96
3941,452,223,66,96
3942,452,223,66,96
3943,452,223,66,96
3944,452,223,66,96
3945,452,223,66,96
3946,452,223,66,96
3947,452,223,66,96
3948,452,223,66,96
3949,452,223,66,96
3950,452,223,66,96
3951,452,223,66,96
3952,452,223,66,96
3953,452,223,66,96
3954,452,223,66,96
3955,452,223,66,96
3956,452,223,66,96
3957,452,223,66,96
3958,452,223,66,96
3959,452,223,66,96
3960,452,223,66,96
3961,452,223,66,96
3962,452,223,66,96
3963,452,223,66,96
3964,452,223,66,96
3965,452,223,66,96
3966,452,223,66,96
3967,452,223,66,96
3968,452,223,66,96
3969,452,223,66,96
3970,452,223,66,96
3971,452,223,66,96
3972,452,223,66,96
3973,452,223,66,96
3974,452,223,66,96
3975,452,223,66,96
3976,452,223,66,96
3977,452,223,66,96
3978,452,223,66,96
3979,452,223,66,96
3980,452,223,66,96
3981,452,223,66,96
3982,452,223,66,96
3983,452,223,66,96
3984,452,223,66,96
3985,452,223,66,96
3986,452,223,66,96
3987,452,223,66,96
3988,452,223,66,96
3989,452,223,66,96
3990,452,223,66,96
3991,452,223,66,96
3992,452,223,66,96
3993,452,223,66,96
3994,452,223,66,96
3995,452,223,66,96
3996,452,223,66,96
3997,452,223,66,96
3998,452,223,66,96
3999,452,223,66,96
4000,452,223,66,96
4001,452,223,66,96
4002,452,223,66,96
4003,452,223,66,96
4004,452,223,66,96
4005,452,223,66,96
4006,452,223,66,96
4007,452,223,66,96
4008,452,223,66,96
4009,452,223,66,96
4010,452,223,66,96
4011,452,223,66,96
4012,452,223,66,96
4013,452,223,66,96
4014,452,223,66,96
4015,452,223,66,96
4016,452,223,66,96
4017,452,223,66,96
4018,452,223,66,96
4019,452,223,66,96
4020,452,223,66,96
4021,452,223,66,96
4022,452,223,66,96
4023,452,223,66,96
4024,452,223,66,96
4025,452,223,66,96
4026,452,223,66,96
4027,452,223,66,96
4028,452,223,66,96
4029,452,223,66,96
4030,452,223,66,96
4031,452,223,66,96
4032,452,223,66,96
4033,452,223,66,96
4034,452,223,66,96
4035,452,223,66,96
4036,452,223,66,96
4037,452,223,66,96
4038,452,223,66,96
4039,452,223,66,96
4040,452,223,66,96
4041,452,223,66,96
4042,452,223,66,96
4043,452,223,66,96
4044,452,223,66,96
4045,452,223,66,96
4046,452,223,66,96
4047,452,223,66,96
4048,452,224,66,96
4049,452,224,66,96
4050,452,224,66,96
4051,452,224,66,96
4052,452,224,66,96
4053,452,224,66,96
4054,452,224,66,96
4055,452,224,66,96
4056,452,224,66,96
4057,452,224,66,96
4058,452,224,66,96
4059,452,224,66,96
4060,452,224,66,96
4061,452,223,66,96
4062,452,223,66,96
4063,452,222,66,96
4064,452,221,66,96
4065,452,220,66,96
4066,452,219,66,96
4067,452,219,66,96
4068,452,218,66,96
4069,452,217,66,96
4070,452,216,66,96
4071,452,216,66,96
4072,452,216,66,96
4073,451,216,66,96
4074,451,216,66,96
4075,451,216,66,96
4076,450,216,66,96
4077,450,216,66,96
4078,449,216,66,96
4079,448,216,66,96
4080,448,216,66,96
4081,448,216,66,96
4082,448,216,66,96
4083,448,216,66,96
4084,448,216,66,96
4085,448,216,66,96
4086,448,216,66,96
4087,448,216,66,96
4088,448,216,66,96
4089,448,216,66,96
4090,448,215,66,96
4091,448,214,66,96
4092,448,214,66,96
4093,448,213,66,96
4094,448,212,66,96
4095,448,211,66,96
4096,448,210,66,96
4097,448,210,66,96
4098,448,209,66,96
4099,448,208,66,96
4100,447,207,66,96
4101,446,206,66,96
4102,446,206,66,96
4103,445,205,66,96
4104,444,204,66,96
4105,444,203,66,96
4106,444,203,66,96
4107,444,203,66,96
4108,444,203,66,96
4109,444,203,66,96
4110,444,204,66,96
4111,444,204,66,96
4112,444,204,66,96
4113,444,205,66,96
4114,444,206,66,96
4115,444,207,66,96
4116,444,208,66,96
4117,444,208,66,96
4118,444,209,66,96
4119,444,210,66,96
4120,444,211,66,96
4121,444,211,66,96
4122,444,211,66,96
4123,444,211,66,96
4124,444,211,66,96
4125,444,212,66,96
4126,444,213,66,96
4127,444,213,66,96
4128,444,213,66,96
4129,444,213,66,96
4130,444,213,66,96
4131,444,213,66,96
4132,444,213,66,96
4133,444,213,66,96
4134,444,213,66,96
4135,444,213,66,96
4136,444,213,66,96
4137,444,213,66,96
4138,444,213,66,96
4139,444,213,66,96
4140,444,213,66,96
4141,444,213,66,96
4142,444,213,66,96
4143,444,213,66,96
4144,444,213,66,96
4145,444,213,66,96
4146,444,213,66,96
4147,444,213,66,96
4148,444,213,66,96
4149,444,213,66,96
4150,444,213,66,96
4151,444,213,66,96
4152,444,213,66,96
4153,444,213,66,96
4154,444,213,66,96
4155,444,213,66,96
4156,444,213,66,96
4157,444,213,66,96
4158,444,213,66,96
4159,444,213,66,96
4160,445,213,66,96
4161,445,213,66,96
4162,445,213,66,96
4163,445,213,66,96
4164,446,213,66,96
4165,446,213,66,96
4166,447,213,66,96
4167,447,213,66,96
4168,447,213,66,96
4169,448,213,66,96
4170,449,213,66,96
4171,449,213,66,96
4172,449,213,66,96
4173,450,213,66,96
4174,450,213,66,96
4175,450,213,66,96
4176,450,213,66,96
4177,450,213,66,96
4178,450,213,66,96
4179,450,213,66,96
4180,451,213,66,96
4181,451,213,66,96
4182,451,213,66,96
4183,451,213,66,96
4184,452,213,66,96
4185,453,213,66,96
4186,453,213,66,96
4187,453,213,66,96
4188,453,213,66,96
4189,453,213,66,96
4190,453,213,66,96
4191,453,213,66,96
4192,453,213,66,96
4193,453,213,66,96
4194,453,213,66,96
4195,453,213,66,96
4196,453,213,66,96
4197,453,213,66,96
4198,453,213,66,96
4199,6,76,66,96
4200,6,76,66,96
4201,6,76,66,96
4202,6,76,66,96
4203,6,76,66,96
4204,6,76,66,96
4205,6,76,66,96
4206,6,76,66,96
4207,6,76,66,96
4208,6,76,66,96
4209,6,76,66,96
4210,6,76,66,96
4211,6,76,66,96
4212,6,76,66,96
4213,6,76,66,96
4214,6,76,66,96
4215,6,76,66,96
4216,6,76,66,96
4217,6,76,66,96
4218,6,76,66,96
4219,6,76,66,96
4220,6,76,66,96
4221,6,76,66,96
4222,6,76,66,96
4223,6,76,66,96
4224,6,76,66,96
4225,6,76,66,96
4226,6,76,66,96
4227,6,76,66,96
4228,6,76,66,96
4229,6,76,66,96
4230,6,76,66,96
