01-Light 23
1,140,59,87,90
2,158,54,87,90
3,171,51,87,90
4,181,48,87,90
5,185,48,87,90
6,173,52,87,90
7,157,60,87,90
8,152,64,87,90
9,138,69,87,90
10,123,72,87,90
11,124,78,87,90
12,128,80,87,90
13,135,69,87,90
14,158,64,87,90
15,180,58,87,90
16,191,50,87,90
17,184,45,87,90
18,186,43,87,90
19,199,45,87,90
20,212,40,87,90
21,227,46,87,90
22,258,57,87,90
23,278,62,87,90
24,270,66,87,90
25,267,77,87,90
26,278,83,87,90
27,277,87,87,90
28,254,87,87,90
29,222,79,87,90
30,216,69,87,90
31,211,62,87,90
32,202,64,87,90
33,197,76,87,90
34,200,83,87,90
35,194,84,87,90
36,196,95,87,90
37,200,103,87,90
38,193,106,87,90
39,211,116,87,90
40,236,131,87,90
41,252,136,87,90
42,259,139,87,90
43,268,139,87,90
44,262,131,87,90
45,251,124,87,90
46,245,119,87,90
47,239,119,87,90
48,232,118,87,90
49,216,114,87,90
50,196,112,87,90
51,181,108,87,90
52,169,105,87,90
53,155,107,87,90
54,145,113,87,90
55,141,120,87,90
56,137,125,87,90
57,133,125,87,90
58,135,124,87,90
59,137,124,87,90
60,137,123,87,90
61,140,122,87,90
62,140,122,87,90
63,140,121,87,90
64,143,121,87,90
65,146,123,87,90
66,151,127,87,90
67,152,130,87,90
68,152,132,87,90
69,156,134,87,90
70,160,140,87,90
71,161,143,87,90
72,161,142,87,90
73,157,140,87,90
74,151,140,87,90
75,150,144,87,90
76,157,150,87,90
77,162,157,87,90
78,160,161,87,90
79,154,163,87,90
80,146,162,87,90
81,137,158,87,90
82,136,157,87,90
83,136,160,87,90
84,132,164,87,90
85,129,167,87,90
86,125,171,87,90
87,118,177,87,90
88,114,185,87,90
89,112,193,87,90
90,109,199,87,90
91,107,202,87,90
92,104,203,87,90
93,103,204,87,90
94,106,204,87,90
95,108,205,87,90
96,107,206,87,90
97,104,203,87,90
98,109,196,87,90
99,117,187,87,90
100,122,176,87,90
101,123,169,87,90
102,119,164,87,90
103,115,158,87,90
104,110,157,87,90
105,102,159,87,90
106,95,165,87,90
107,91,171,87,90
108,87,172,87,90
109,80,173,87,90
110,77,174,87,90
111,79,172,87,90
112,78,171,87,90
113,81,168,87,90
114,91,158,87,90
115,96,145,87,90
116,96,132,87,90
117,102,123,87,90
118,113,118,87,90
119,121,114,87,90
120,127,109,87,90
121,138,103,87,90
122,144,99,87,90
123,143,97,87,90
124,146,97,87,90
125,153,98,87,90
126,159,98,87,90
127,163,97,87,90
128,166,94,87,90
129,169,92,87,90
130,170,91,87,90
131,168,92,87,90
132,165,95,87,90
133,162,100,87,90
134,162,106,87,90
135,163,112,87,90
136,164,116,87,90
137,166,119,87,90
138,167,120,87,90
139,166,120,87,90
140,166,119,87,90
141,170,116,87,90
142,173,113,87,90
143,174,110,87,90
144,173,107,87,90
145,173,105,87,90
146,172,104,87,90
147,170,104,87,90
148,169,104,87,90
149,168,106,87,90
150,168,109,87,90
151,168,113,87,90
152,169,116,87,90
153,170,119,87,90
154,172,121,87,90
155,174,122,87,90
156,177,121,87,90
157,179,119,87,90
158,182,117,87,90
159,188,114,87,90
160,196,111,87,90
161,206,107,87,90
162,213,106,87,90
163,211,109,87,90
164,203,113,87,90
165,197,115,87,90
166,199,114,87,90
167,203,112,87,90
168,203,110,87,90
169,201,109,87,90
170,201,108,87,90
171,201,108,87,90
172,200,108,87,90
173,200,108,87,90
174,200,108,87,90
175,199,109,87,90
176,198,110,87,90
177,198,111,87,90
178,198,113,87,90
179,197,116,87,90
180,195,119,87,90
181,192,122,87,90
182,191,125,87,90
183,191,128,87,90
184,191,130,87,90
185,191,131,87,90
186,192,131,87,90
187,193,131,87,90
188,194,130,87,90
189,195,128,87,90
190,196,126,87,90
191,197,123,87,90
192,198,121,87,90
193,199,120,87,90
194,201,119,87,90
195,203,119,87,90
196,204,119,87,90
197,206,120,87,90
198,208,122,87,90
199,210,124,87,90
200,210,127,87,90
201,208,130,87,90
