07-MotionCoherence 8
4,335,339,102,50
5,336,339,102,50
6,336,340,102,50
7,337,340,102,50
8,338,341,102,50
9,338,341,102,50
10,339,341,102,50
11,339,341,102,50
12,340,340,102,50
13,341,340,102,50
14,341,340,102,50
15,342,340,102,50
16,342,340,102,50
17,342,340,102,50
18,343,340,102,50
19,343,341,102,50
20,344,341,102,50
21,344,341,102,50
22,344,341,102,50
23,345,341,102,50
24,346,341,102,50
25,347,341,102,50
26,348,341,102,50
27,348,341,102,50
28,349,341,102,50
29,350,341,102,50
30,351,341,102,50
31,352,341,102,50
32,352,341,102,50
33,353,342,102,50
34,353,342,102,50
35,354,342,102,50
36,354,342,102,50
37,354,342,102,50
38,355,342,102,50
39,355,342,102,50
40,356,341,102,50
41,356,342,102,50
42,356,342,102,50
43,356,342,102,50
44,355,342,102,50
45,356,342,102,50
46,356,343,102,50
47,356,343,102,50
48,356,343,102,50
49,356,343,102,50
50,356,342,102,50
51,356,342,102,50
52,356,341,102,50
53,356,341,102,50
54,356,342,102,50
55,356,343,102,50
56,356,343,102,50
57,356,344,102,50
58,356,344,102,50
59,356,344,102,50
60,356,344,102,50
61,356,343,102,50
62,356,342,102,50
63,356,341,102,50
64,356,341,102,50
65,355,341,102,50
66,355,342,102,50
67,355,343,102,50
68,354,344,102,50
69,354,345,102,50
70,354,346,102,50
71,355,345,102,50
72,355,345,102,50
73,355,344,102,50
74,355,343,102,50
75,355,343,102,50
76,355,342,102,50
77,355,342,102,50
78,355,342,102,50
79,355,342,102,50
80,355,342,102,50
81,355,342,102,50
82,355,342,102,50
83,355,342,102,50
84,355,343,102,50
85,354,344,102,50
86,355,344,102,50
87,355,344,102,50
88,355,343,102,50
89,355,343,102,50
90,355,343,102,50
91,356,342,102,50
92,355,342,102,50
93,355,341,102,50
94,355,342,102,50
95,355,342,102,50
96,356,342,102,50
97,355,343,102,50
98,355,343,102,50
99,355,343,102,50
100,356,343,102,50
101,356,343,102,50
102,356,343,102,50
103,356,343,102,50
104,356,343,102,50
105,357,342,102,50
106,357,342,102,50
107,357,342,102,50
108,358,341,102,50
109,358,340,102,50
110,358,339,102,50
111,358,339,102,50
112,358,339,102,50
113,358,339,102,50
114,358,340,102,50
115,358,341,102,50
116,358,342,102,50
117,358,342,102,50
118,358,342,102,50
119,358,342,102,50
120,358,342,102,50
121,358,342,102,50
122,358,341,102,50
123,358,340,102,50
124,358,339,102,50
125,358,338,102,50
126,358,338,102,50
127,358,338,102,50
128,358,339,102,50
129,358,340,102,50
130,358,341,102,50
131,358,342,102,50
132,358,342,102,50
133,358,342,102,50
134,358,342,102,50
135,358,342,102,50
136,358,342,102,50
137,357,342,102,50
138,357,342,102,50
139,356,343,102,50
140,356,342,102,50
141,356,342,102,50
142,356,342,102,50
143,356,341,102,50
144,356,341,102,50
145,356,341,102,50
146,356,341,102,50
147,356,342,102,50
148,356,342,102,50
149,356,342,102,50
150,356,342,102,50
151,356,342,102,50
152,356,341,102,50
153,356,341,102,50
154,356,340,102,50
155,356,340,102,50
156,355,341,102,50
157,355,341,102,50
158,355,342,102,50
159,354,343,102,50
160,354,343,102,50
161,353,344,102,50
162,353,344,102,50
163,353,345,102,50
164,352,345,102,50
165,352,345,102,50
166,351,345,102,50
167,351,344,102,50
168,351,343,102,50
169,350,343,102,50
170,349,343,102,50
171,348,343,102,50
172,348,343,102,50
173,348,343,102,50
174,348,343,102,50
175,347,343,102,50
176,347,343,102,50
177,346,342,102,50
178,345,341,102,50
179,345,340,102,50
180,344,340,102,50
181,344,340,102,50
182,343,340,102,50
183,342,340,102,50
184,342,341,102,50
185,342,342,102,50
186,342,343,102,50
187,341,344,102,50
188,341,344,102,50
189,341,344,102,50
190,341,343,102,50
191,341,342,102,50
192,341,341,102,50
193,341,340,102,50
194,340,340,102,50
195,340,340,102,50
196,340,340,102,50
197,340,340,102,50
198,340,341,102,50
199,340,342,102,50
200,340,343,102,50
201,340,344,102,50
202,340,345,102,50
203,340,345,102,50
204,339,345,102,50
205,340,344,102,50
206,340,343,102,50
207,340,343,102,50
208,340,342,102,50
209,340,342,102,50
210,340,342,102,50
211,340,343,102,50
212,340,344,102,50
213,340,345,102,50
214,340,345,102,50
215,340,346,102,50
216,340,346,102,50
217,340,345,102,50
218,340,344,102,50
219,340,343,102,50
220,340,342,102,50
221,340,342,102,50
222,340,342,102,50
223,340,342,102,50
224,340,342,102,50
225,340,342,102,50
226,340,343,102,50
227,339,344,102,50
228,339,345,102,50
229,339,346,102,50
230,339,346,102,50
231,339,346,102,50
232,339,345,102,50
233,339,344,102,50
234,339,342,102,50
235,338,341,102,50
236,338,340,102,50
237,338,340,102,50
238,338,340,102,50
239,338,340,102,50
240,337,341,102,50
241,337,342,102,50
242,336,343,102,50
243,336,344,102,50
244,336,344,102,50
245,336,344,102,50
246,336,343,102,50
247,336,342,102,50
248,335,342,102,50
249,335,341,102,50
250,334,341,102,50
251,334,341,102,50
252,334,341,102,50
253,333,341,102,50
254,333,341,102,50
255,333,341,102,50
256,332,342,102,50
257,332,343,102,50
258,332,343,102,50
259,331,343,102,50
260,331,342,102,50
261,331,341,102,50
262,331,341,102,50
263,330,341,102,50
264,329,342,102,50
265,329,342,102,50
266,328,342,102,50
267,328,342,102,50
268,328,342,102,50
269,328,342,102,50
270,327,342,102,50
271,327,342,102,50
272,326,342,102,50
273,326,342,102,50
274,325,342,102,50
275,325,342,102,50
276,324,341,102,50
277,323,340,102,50
278,322,339,102,50
279,321,338,102,50
280,320,338,102,50
281,319,338,102,50
282,318,338,102,50
283,317,339,102,50
284,316,340,102,50
285,315,341,102,50
286,314,342,102,50
287,313,343,102,50
288,312,343,102,50
289,311,343,102,50
290,310,343,102,50
291,309,343,102,50
292,308,343,102,50
293,307,343,102,50
294,306,342,102,50
295,304,342,102,50
296,303,342,102,50
297,302,342,102,50
298,300,343,102,50
299,299,343,102,50
300,297,344,102,50
301,295,344,102,50
302,294,344,102,50
303,292,344,102,50
304,291,344,102,50
305,289,344,102,50
306,287,344,102,50
307,285,344,102,50
308,283,344,102,50
309,282,343,102,50
310,280,343,102,50
311,278,343,102,50
312,276,343,102,50
313,275,343,102,50
314,273,343,102,50
315,271,343,102,50
316,270,343,102,50
317,268,343,102,50
318,266,343,102,50
319,264,343,102,50
320,262,343,102,50
321,261,343,102,50
322,259,343,102,50
323,258,343,102,50
324,257,343,102,50
325,255,344,102,50
326,253,344,102,50
327,251,345,102,50
328,249,346,102,50
329,248,346,102,50
330,246,345,102,50
331,245,344,102,50
332,243,344,102,50
333,241,344,102,50
334,240,344,102,50
335,238,345,102,50
336,237,345,102,50
337,236,346,102,50
338,234,347,102,50
339,233,347,102,50
340,232,348,102,50
341,231,348,102,50
342,230,347,102,50
343,229,347,102,50
344,228,347,102,50
345,227,347,102,50
346,226,347,102,50
347,225,347,102,50
348,225,347,102,50
349,224,347,102,50
