09-Confusion 25
4,333,354,22,31
5,335,354,22,31
6,337,354,22,31
7,339,354,22,31
8,341,354,22,31
9,343,354,22,31
10,345,354,22,31
11,347,354,22,31
12,350,354,22,31
13,352,354,22,31
14,354,354,22,31
15,356,354,22,31
16,358,354,22,31
17,360,354,22,31
18,362,354,22,31
19,364,354,22,31
20,366,354,22,31
21,369,354,22,31
22,371,354,22,31
23,373,354,22,31
24,375,354,22,31
25,377,354,22,31
26,379,354,22,31
27,381,354,22,31
28,382,354,22,31
29,385,354,22,31
30,387,354,22,31
31,389,354,22,31
32,391,354,22,31
33,393,354,22,31
34,395,354,22,31
35,397,354,22,31
36,399,354,22,31
37,401,354,22,31
38,403,354,22,31
39,405,353,22,31
40,407,353,22,31
41,409,353,22,31
42,411,353,22,31
43,413,353,22,31
44,415,353,22,31
45,417,353,22,31
46,419,353,22,31
47,421,353,22,31
48,423,353,22,31
49,425,353,22,31
50,428,353,22,31
51,430,353,22,31
52,432,353,22,31
53,434,353,22,31
54,436,353,22,31
55,438,353,22,31
56,440,353,22,31
57,442,353,22,31
58,444,352,22,31
59,446,351,22,31
60,448,351,22,31
61,450,351,22,31
62,452,351,22,31
63,454,351,22,31
64,456,351,22,31
65,458,351,22,31
66,460,351,22,31
67,462,350,22,31
68,464,350,22,31
69,466,350,22,31
70,468,350,22,31
71,470,350,22,31
72,472,350,22,31
73,474,350,22,31
74,476,349,22,31
75,478,348,22,31
76,480,347,22,31
77,482,347,22,31
78,484,347,22,31
79,486,347,22,31
80,488,347,22,31
81,490,347,22,31
82,492,347,22,31
83,494,346,22,31
84,496,346,22,31
85,498,345,22,31
86,500,344,22,31
87,501,344,22,31
88,503,344,22,31
89,505,343,22,31
90,507,343,22,31
91,509,343,22,31
92,511,343,22,31
93,513,342,22,31
94,514,341,22,31
95,515,340,22,31
96,517,339,22,31
97,518,338,22,31
98,520,337,22,31
99,522,336,22,31
100,523,335,22,31
101,524,335,22,31
102,525,335,22,31
103,526,335,22,31
104,527,334,22,31
105,528,333,22,31
106,529,332,22,31
107,531,331,22,31
108,533,330,22,31
109,534,329,22,31
110,535,329,22,31
111,536,328,22,31
112,537,327,22,31
113,538,326,22,31
114,539,325,22,31
115,540,324,22,31
116,541,323,22,31
117,542,322,22,31
118,543,322,22,31
119,544,322,22,31
120,545,322,22,31
121,547,321,22,31
122,549,320,22,31
123,550,319,22,31
124,551,318,22,31
125,552,317,22,31
126,553,316,22,31
127,554,315,22,31
128,555,315,22,31
129,556,314,22,31
130,557,313,22,31
131,558,312,22,31
132,559,311,22,31
133,560,310,22,31
134,561,309,22,31
135,562,308,22,31
136,563,307,22,31
137,564,307,22,31
138,565,306,22,31
139,566,305,22,31
140,567,304,22,31
141,569,304,22,31
142,571,304,22,31
143,572,303,22,31
144,573,302,22,31
145,574,301,22,31
146,575,300,22,31
147,576,299,22,31
148,577,299,22,31
149,578,299,22,31
150,579,298,22,31
151,580,297,22,31
152,581,296,22,31
153,581,295,22,31
154,581,294,22,31
155,582,293,22,31
156,583,292,22,31
157,584,291,22,31
158,585,291,22,31
159,586,291,22,31
160,587,290,22,31
161,588,290,22,31
162,589,289,22,31
163,590,288,22,31
164,591,287,22,31
165,592,286,22,31
166,593,285,22,31
167,594,284,22,31
168,595,283,22,31
169,596,282,22,31
170,597,282,22,31
171,598,282,22,31
172,599,282,22,31
173,600,282,22,31
174,601,281,22,31
175,602,280,22,31
176,603,279,22,31
177,604,278,22,31
178,605,277,22,31
179,606,277,22,31
180,607,276,22,31
181,608,275,22,31
182,609,275,22,31
183,609,274,22,31
184,610,273,22,31
185,611,272,22,31
186,612,271,22,31
187,613,270,22,31
188,614,269,22,31
189,615,268,22,31
190,615,267,22,31
191,616,267,22,31
192,617,267,22,31
193,617,266,22,31
194,618,265,22,31
195,619,264,22,31
