13-ZoomingCamera 3
1,428,166,39,53
2,428,164,39,53
3,428,162,39,53
4,427,160,39,53
5,425,158,39,53
6,423,156,39,53
7,420,154,39,53
8,417,152,39,53
9,414,150,39,53
10,411,147,39,53
11,408,144,39,53
12,405,141,39,53
13,402,139,39,53
14,399,137,39,53
15,397,136,39,53
16,395,136,39,53
17,393,136,39,53
18,392,135,39,53
19,391,135,39,53
20,390,136,39,53
21,389,137,39,53
22,389,137,39,53
23,390,137,39,53
24,392,137,39,53
25,394,137,39,53
26,397,138,39,53
27,399,140,39,53
28,400,143,39,53
29,401,147,39,53
30,402,150,39,53
31,403,153,39,53
32,404,155,39,53
33,406,155,39,53
34,409,154,39,53
35,413,151,39,53
36,418,147,39,53
37,423,144,39,53
38,427,143,39,53
39,430,143,39,53
40,432,143,39,53
41,434,141,39,53
42,436,138,39,53
43,438,136,39,53
44,440,132,39,53
45,442,129,39,53
46,445,123,39,53
47,448,116,39,53
48,449,112,39,53
49,447,115,39,53
50,441,119,39,53
51,434,122,39,53
52,431,123,39,53
53,26,113,39,53
54,5,113,39,53
55,0,131,39,53
56,685,378,39,53
57,150,195,39,53
58,134,199,39,53
59,119,204,39,53
60,103,205,39,53
61,87,207,39,53
62,70,207,39,53
63,54,207,39,53
64,38,208,39,53
65,22,206,39,53
66,6,206,39,53
67,0,209,39,53
68,498,45,39,53
69,477,43,39,53
70,455,41,39,53
71,431,19,39,53
72,101,206,39,53
73,83,205,39,53
74,65,204,39,53
75,48,202,39,53
76,109,14,39,53
77,119,57,39,53
78,113,58,39,53
79,16,0,39,53
80,8,19,39,53
81,0,32,39,53
82,754,0,39,53
83,728,15,39,53
84,706,22,39,53
85,684,30,39,53
86,661,40,39,53
87,640,48,39,53
88,619,56,39,53
89,600,64,39,53
90,581,69,39,53
91,563,77,39,53
92,547,83,39,53
93,532,90,39,53
94,516,93,39,53
95,503,98,39,53
96,492,105,39,53
97,479,108,39,53
98,467,112,39,53
99,456,117,39,53
100,445,122,39,53
101,604,111,39,53
