01-Light 23
1,140,59,87,90
2,158,54,87,90
3,170,51,87,90
4,179,48,87,90
5,183,48,87,90
6,171,52,87,90
7,155,60,87,90
8,150,64,87,90
9,135,69,87,90
10,120,72,87,90
11,121,78,87,90
12,124,80,87,90
13,129,70,87,90
14,152,67,87,90
15,175,61,87,90
16,186,53,87,90
17,179,48,87,90
18,181,46,87,90
19,194,48,87,90
20,207,43,87,90
21,223,49,87,90
22,254,60,87,90
23,275,65,87,90
24,267,68,87,90
25,265,78,87,90
26,276,84,87,90
27,275,88,87,90
28,250,87,87,90
29,218,80,87,90
30,212,71,87,90
31,207,64,87,90
32,198,67,87,90
33,193,79,87,90
34,196,87,87,90
35,191,88,87,90
36,195,100,87,90
37,199,108,87,90
38,192,111,87,90
39,214,122,87,90
40,240,137,87,90
41,256,143,87,90
42,264,146,87,90
43,274,147,87,90
44,268,140,87,90
45,258,134,87,90
46,252,129,87,90
47,246,131,87,90
48,239,130,87,90
49,224,127,87,90
50,204,126,87,90
51,189,122,87,90
52,177,119,87,90
53,162,121,87,90
54,152,126,87,90
55,147,133,87,90
56,143,138,87,90
57,139,138,87,90
58,141,137,87,90
59,143,137,87,90
60,144,136,87,90
61,147,136,87,90
62,147,136,87,90
63,147,135,87,90
64,150,135,87,90
65,154,138,87,90
66,159,142,87,90
67,160,146,87,90
68,159,148,87,90
69,163,151,87,90
70,167,158,87,90
71,168,162,87,90
72,168,161,87,90
73,164,160,87,90
74,158,160,87,90
75,157,164,87,90
76,163,170,87,90
77,167,177,87,90
78,165,181,87,90
79,159,184,87,90
80,151,184,87,90
81,143,181,87,90
82,142,180,87,90
83,142,183,87,90
84,138,187,87,90
85,135,191,87,90
86,131,195,87,90
87,124,201,87,90
88,120,209,87,90
89,118,218,87,90
90,115,225,87,90
91,113,228,87,90
92,110,229,87,90
93,109,230,87,90
94,112,230,87,90
95,114,232,87,90
96,113,233,87,90
97,110,230,87,90
98,114,225,87,90
99,122,216,87,90
100,127,205,87,90
101,129,197,87,90
102,125,192,87,90
103,122,187,87,90
104,117,186,87,90
105,109,188,87,90
106,103,194,87,90
107,99,200,87,90
108,95,202,87,90
109,88,203,87,90
110,85,204,87,90
111,87,202,87,90
112,86,201,87,90
113,89,198,87,90
114,98,189,87,90
115,102,176,87,90
116,102,163,87,90
117,108,154,87,90
118,120,148,87,90
119,128,144,87,90
120,134,139,87,90
121,145,134,87,90
122,152,131,87,90
123,151,130,87,90
124,153,130,87,90
125,160,130,87,90
126,166,130,87,90
127,170,129,87,90
128,173,127,87,90
129,175,125,87,90
130,176,124,87,90
131,174,125,87,90
132,171,128,87,90
133,168,133,87,90
134,168,139,87,90
135,169,145,87,90
136,170,149,87,90
137,172,152,87,90
138,174,154,87,90
139,173,155,87,90
140,173,154,87,90
141,177,152,87,90
142,180,149,87,90
143,181,146,87,90
144,180,143,87,90
145,180,141,87,90
146,179,140,87,90
147,178,140,87,90
148,177,140,87,90
149,176,142,87,90
150,176,145,87,90
151,177,149,87,90
152,178,152,87,90
153,179,155,87,90
154,181,157,87,90
155,184,158,87,90
156,187,157,87,90
157,189,155,87,90
158,192,153,87,90
159,198,150,87,90
160,206,147,87,90
161,216,144,87,90
162,223,144,87,90
163,221,147,87,90
164,213,151,87,90
165,208,153,87,90
166,210,152,87,90
167,214,150,87,90
168,214,148,87,90
169,212,147,87,90
170,212,146,87,90
171,212,146,87,90
172,211,146,87,90
173,211,146,87,90
174,211,147,87,90
175,210,148,87,90
176,209,150,87,90
177,209,152,87,90
178,209,154,87,90
179,208,157,87,90
180,205,160,87,90
181,203,163,87,90
182,202,166,87,90
183,202,169,87,90
184,202,171,87,90
185,203,172,87,90
186,204,172,87,90
187,205,172,87,90
188,206,171,87,90
189,207,169,87,90
190,208,167,87,90
191,209,164,87,90
192,210,162,87,90
193,211,161,87,90
194,213,161,87,90
195,215,161,87,90
196,216,162,87,90
197,218,164,87,90
198,220,167,87,90
199,222,170,87,90
200,222,174,87,90
201,220,178,87,90
