14-LongDuration 6
1,260,581,311,316
2,260,581,311,316
3,260,581,311,316
4,260,581,311,316
5,260,581,311,316
6,260,581,311,316
7,260,581,311,316
8,260,581,311,316
9,260,581,311,316
10,260,581,311,316
11,260,581,311,316
12,260,581,311,316
13,260,581,311,316
14,260,581,311,316
15,260,581,311,316
16,260,581,311,316
17,260,581,311,316
18,260,581,311,316
19,260,581,311,316
20,260,581,311,316
21,260,581,311,316
22,260,581,311,316
23,260,581,311,316
24,260,581,311,316
25,260,581,311,316
26,260,581,311,316
27,260,580,311,316
28,260,580,311,316
29,260,580,311,316
30,260,580,311,316
31,260,580,311,316
32,260,580,311,316
33,260,580,311,316
34,260,580,311,316
35,260,580,311,316
36,260,580,311,316
37,260,580,311,316
38,260,580,311,316
39,260,580,311,316
40,260,580,311,316
41,260,580,311,316
42,260,580,311,316
43,260,580,311,316
44,260,579,311,316
45,260,579,311,316
46,260,580,311,316
47,260,580,311,316
48,260,580,311,316
49,260,580,311,316
50,260,580,311,316
51,260,580,311,316
52,261,579,311,316
53,261,579,311,316
54,261,580,311,316
55,261,580,311,316
56,261,580,311,316
57,261,580,311,316
58,261,580,311,316
59,261,580,311,316
60,261,580,311,316
61,261,580,311,316
62,261,580,311,316
63,261,580,311,316
64,261,580,311,316
65,261,580,311,316
66,261,580,311,316
67,260,580,311,316
68,260,580,311,316
69,260,580,311,316
70,260,580,311,316
71,260,580,311,316
72,260,580,311,316
73,260,580,311,316
74,260,580,311,316
75,260,580,311,316
76,260,580,311,316
77,260,580,311,316
78,260,580,311,316
79,260,580,311,316
80,260,580,311,316
81,260,580,311,316
82,260,580,311,316
83,260,580,311,316
84,260,580,311,316
85,260,580,311,316
86,260,580,311,316
87,260,580,311,316
88,260,580,311,316
89,260,580,311,316
90,260,580,311,316
91,260,580,311,316
92,260,580,311,316
93,260,580,311,316
94,260,580,311,316
95,260,580,311,316
96,260,580,311,316
97,260,580,311,316
98,260,580,311,316
99,260,580,311,316
100,260,580,311,316
101,260,581,311,316
102,260,581,311,316
103,260,581,311,316
104,260,581,311,316
105,260,582,311,316
106,260,582,311,316
107,260,581,311,316
108,260,581,311,316
109,260,581,311,316
110,260,581,311,316
111,260,581,311,316
112,260,581,311,316
113,260,581,311,316
114,260,581,311,316
115,260,581,311,316
116,260,581,311,316
117,260,581,311,316
118,260,581,311,316
119,260,581,311,316
120,260,581,311,316
121,260,581,311,316
122,259,581,311,316
123,258,582,311,316
124,258,582,311,316
125,259,582,311,316
126,259,582,311,316
127,259,582,311,316
128,259,582,311,316
129,261,581,311,316
130,261,581,311,316
131,259,581,311,316
132,257,582,311,316
133,257,582,311,316
134,257,583,311,316
135,261,582,311,316
136,267,580,311,316
137,273,579,311,316
138,279,578,311,316
139,283,578,311,316
140,286,577,311,316
141,288,576,311,316
142,290,575,311,316
143,291,575,311,316
144,291,576,311,316
145,291,576,311,316
146,290,576,311,316
147,289,576,311,316
148,289,576,311,316
149,289,576,311,316
150,290,576,311,316
151,291,576,311,316
152,292,576,311,316
153,292,576,311,316
154,292,576,311,316
155,291,576,311,316
156,289,577,311,316
157,288,578,311,316
158,287,578,311,316
159,287,578,311,316
160,287,578,311,316
161,288,578,311,316
162,289,578,311,316
163,290,578,311,316
164,291,578,311,316
165,290,579,311,316
166,290,579,311,316
167,287,580,311,316
168,287,580,311,316
169,287,580,311,316
170,287,580,311,316
171,288,580,311,316
172,288,580,311,316
173,288,580,311,316
174,287,580,311,316
175,286,580,311,316
176,285,580,311,316
177,285,580,311,316
178,286,580,311,316
179,287,580,311,316
180,288,580,311,316
181,288,580,311,316
182,288,580,311,316
183,287,580,311,316
184,286,580,311,316
185,285,580,311,316
186,284,580,311,316
187,284,580,311,316
188,284,580,311,316
189,284,580,311,316
190,285,580,311,316
191,286,580,311,316
192,287,580,311,316
193,288,579,311,316
194,288,579,311,316
195,288,579,311,316
196,286,580,311,316
197,285,580,311,316
198,285,580,311,316
199,286,580,311,316
200,287,580,311,316
201,287,580,311,316
202,287,580,311,316
203,287,580,311,316
204,287,580,311,316
205,287,580,311,316
206,287,580,311,316
207,287,580,311,316
208,288,580,311,316
209,288,580,311,316
210,288,580,311,316
211,289,580,311,316
212,290,580,311,316
213,291,580,311,316
214,292,580,311,316
215,292,580,311,316
216,292,580,311,316
217,291,580,311,316
218,290,580,311,316
219,290,581,311,316
220,290,581,311,316
221,289,581,311,316
222,290,580,311,316
223,289,581,311,316
224,289,581,311,316
225,290,581,311,316
226,290,581,311,316
227,290,581,311,316
228,290,581,311,316
229,290,581,311,316
230,290,581,311,316
231,290,581,311,316
232,289,581,311,316
233,289,581,311,316
234,288,581,311,316
235,287,581,311,316
236,286,581,311,316
237,285,581,311,316
238,284,581,311,316
239,284,581,311,316
240,284,581,311,316
241,284,581,311,316
242,285,581,311,316
243,285,581,311,316
244,284,581,311,316
245,284,581,311,316
246,283,582,311,316
247,282,582,311,316
248,281,582,311,316
249,278,583,311,316
250,274,584,311,316
251,273,584,311,316
252,272,584,311,316
253,272,584,311,316
254,273,584,311,316
255,273,584,311,316
256,273,584,311,316
257,274,584,311,316
258,274,584,311,316
259,275,584,311,316
260,275,584,311,316
261,275,584,311,316
262,275,584,311,316
263,275,584,311,316
264,275,584,311,316
265,275,584,311,316
266,275,584,311,316
267,275,584,311,316
268,275,584,311,316
269,275,584,311,316
270,275,584,311,316
271,275,584,311,316
272,275,584,311,316
273,275,584,311,316
274,275,584,311,316
275,274,584,311,316
276,273,584,311,316
277,272,584,311,316
278,272,584,311,316
279,272,584,311,316
280,273,584,311,316
281,273,584,311,316
282,273,584,311,316
283,274,584,311,316
284,274,584,311,316
285,273,584,311,316
286,273,584,311,316
287,273,584,311,316
288,272,584,311,316
289,272,584,311,316
290,272,584,311,316
291,272,585,311,316
292,272,584,311,316
293,272,584,311,316
294,271,584,311,316
295,271,584,311,316
296,272,584,311,316
297,271,585,311,316
298,271,585,311,316
299,271,585,311,316
300,271,585,311,316
301,272,585,311,316
302,273,585,311,316
303,273,585,311,316
304,273,585,311,316
305,273,585,311,316
306,273,585,311,316
307,272,585,311,316
308,273,585,311,316
309,273,585,311,316
310,273,585,311,316
311,273,585,311,316
312,273,585,311,316
313,273,585,311,316
314,273,585,311,316
315,273,585,311,316
316,273,585,311,316
317,273,585,311,316
318,273,585,311,316
319,273,585,311,316
320,273,585,311,316
321,273,584,311,316
322,273,585,311,316
323,274,584,311,316
324,274,584,311,316
325,274,584,311,316
326,274,584,311,316
327,274,584,311,316
328,274,584,311,316
329,273,584,311,316
330,273,584,311,316
331,273,584,311,316
332,272,584,311,316
333,271,584,311,316
334,270,584,311,316
335,269,584,311,316
336,269,584,311,316
337,269,584,311,316
338,269,584,311,316
339,272,583,311,316
340,277,582,311,316
341,281,581,311,316
342,286,580,311,316
343,292,579,311,316
344,298,578,311,316
345,304,577,311,316
346,311,576,311,316
347,318,575,311,316
348,325,573,311,316
349,332,570,311,316
350,340,568,311,316
351,341,569,311,316
352,346,568,311,316
353,349,567,311,316
354,349,567,311,316
355,355,566,311,316
356,359,566,311,316
357,363,565,311,316
358,366,565,311,316
359,369,565,311,316
360,372,565,311,316
361,372,565,311,316
362,375,565,311,316
363,378,565,311,316
364,380,565,311,316
365,385,565,311,316
366,387,565,311,316
367,390,565,311,316
368,392,564,311,316
369,394,564,311,316
370,397,564,311,316
371,396,564,311,316
372,396,565,311,316
373,393,565,311,316
374,389,566,311,316
375,386,566,311,316
376,380,567,311,316
377,375,568,311,316
378,367,569,311,316
379,358,570,311,316
380,350,571,311,316
381,338,573,311,316
382,328,575,311,316
383,318,576,311,316
384,308,578,311,316
385,300,579,311,316
386,291,581,311,316
387,284,583,311,316
388,278,584,311,316
389,272,586,311,316
390,270,586,311,316
391,267,587,311,316
392,264,588,311,316
393,263,588,311,316
394,260,589,311,316
395,260,589,311,316
396,261,588,311,316
397,261,588,311,316
398,263,587,311,316
399,264,587,311,316
400,266,587,311,316
401,269,586,311,316
402,272,586,311,316
403,278,584,311,316
404,284,583,311,316
405,289,582,311,316
406,297,580,311,316
407,303,579,311,316
408,312,577,311,316
409,321,576,311,316
410,331,575,311,316
411,341,573,311,316
412,350,572,311,316
413,361,570,311,316
414,371,569,311,316
415,380,567,311,316
416,390,566,311,316
417,399,566,311,316
418,408,565,311,316
419,416,564,311,316
420,425,563,311,316
421,433,563,311,316
422,441,563,311,316
423,448,563,311,316
424,453,563,311,316
425,458,562,311,316
426,460,562,311,316
427,460,562,311,316
428,458,562,311,316
429,458,562,311,316
430,458,562,311,316
431,458,563,311,316
432,458,563,311,316
433,457,562,311,316
434,458,562,311,316
435,457,564,311,316
436,456,564,311,316
437,454,564,311,316
438,454,564,311,316
439,451,564,311,316
440,449,564,311,316
441,445,565,311,316
442,443,565,311,316
443,440,565,311,316
444,435,565,311,316
445,432,565,311,316
446,429,566,311,316
447,427,566,311,316
448,426,565,311,316
449,421,566,311,316
450,418,568,311,316
451,415,568,311,316
452,412,568,311,316
453,410,569,311,316
454,409,569,311,316
455,408,567,311,316
456,407,566,311,316
457,406,567,311,316
458,405,568,311,316
459,403,568,311,316
460,401,568,311,316
461,400,568,311,316
462,399,568,311,316
463,398,568,311,316
464,397,568,311,316
465,398,567,311,316
466,399,568,311,316
467,397,568,311,316
468,396,567,311,316
469,394,567,311,316
470,395,567,311,316
471,390,566,311,316
472,388,566,311,316
473,388,567,311,316
474,387,568,311,316
475,388,567,311,316
476,389,567,311,316
477,388,568,311,316
478,389,567,311,316
479,389,567,311,316
480,388,568,311,316
481,386,568,311,316
482,384,568,311,316
483,383,569,311,316
484,381,569,311,316
485,380,569,311,316
486,380,568,311,316
487,381,568,311,316
488,381,569,311,316
489,380,568,311,316
490,378,568,311,316
491,378,569,311,316
492,376,569,311,316
493,373,569,311,316
494,371,570,311,316
495,370,569,311,316
496,366,570,311,316
497,361,571,311,316
498,355,573,311,316
499,347,575,311,316
500,338,577,311,316
501,331,578,311,316
502,322,579,311,316
503,312,581,311,316
504,306,582,311,316
505,299,584,311,316
506,294,585,311,316
507,295,584,311,316
508,294,584,311,316
509,293,584,311,316
510,296,583,311,316
511,302,582,311,316
512,310,580,311,316
513,317,579,311,316
514,324,577,311,316
515,331,575,311,316
516,336,575,311,316
517,339,576,311,316
518,343,576,311,316
519,344,575,311,316
520,347,574,311,316
521,347,574,311,316
522,346,574,311,316
523,345,574,311,316
524,342,574,311,316
525,341,574,311,316
526,339,575,311,316
527,338,575,311,316
528,338,574,311,316
529,339,574,311,316
530,341,574,311,316
531,342,574,311,316
532,344,573,311,316
533,346,573,311,316
534,349,572,311,316
535,352,572,311,316
536,356,572,311,316
537,361,571,311,316
538,367,570,311,316
539,374,569,311,316
540,381,568,311,316
541,390,567,311,316
542,396,567,311,316
543,402,566,311,316
544,406,566,311,316
545,409,566,311,316
546,413,565,311,316
547,414,564,311,316
548,415,564,311,316
549,411,565,311,316
550,403,566,311,316
551,392,566,311,316
552,378,568,311,316
553,365,570,311,316
554,350,572,311,316
555,335,575,311,316
556,321,577,311,316
557,307,580,311,316
558,295,583,311,316
559,285,585,311,316
560,276,587,311,316
561,271,588,311,316
562,267,589,311,316
563,264,590,311,316
564,263,589,311,316
565,262,590,311,316
566,262,591,311,316
567,263,590,311,316
568,262,590,311,316
569,259,591,311,316
570,254,592,311,316
571,246,595,311,316
572,235,598,311,316
573,223,601,311,316
574,208,606,311,316
575,192,611,311,316
576,179,615,311,316
577,168,619,311,316
578,159,622,311,316
579,156,625,311,316
580,159,623,311,316
581,164,623,311,316
582,171,617,311,316
583,177,620,311,316
584,185,615,311,316
585,195,612,311,316
586,205,609,311,316
587,213,608,311,316
588,222,605,311,316
589,231,601,311,316
590,236,601,311,316
591,240,600,311,316
592,240,600,311,316
593,236,601,311,316
594,229,603,311,316
595,219,605,311,316
596,211,610,311,316
597,202,615,311,316
598,194,618,311,316
599,189,618,311,316
600,185,620,311,316
601,181,621,311,316
602,180,621,311,316
603,184,620,311,316
604,189,618,311,316
605,194,616,311,316
606,199,614,311,316
607,204,613,311,316
608,210,611,311,316
609,216,609,311,316
610,222,607,311,316
611,227,605,311,316
612,232,604,311,316
613,236,603,311,316
614,240,602,311,316
615,244,601,311,316
616,247,600,311,316
617,249,599,311,316
618,250,599,311,316
619,251,599,311,316
620,251,599,311,316
621,251,600,311,316
622,251,600,311,316
623,251,600,311,316
624,251,600,311,316
625,252,599,311,316
626,252,599,311,316
627,252,599,311,316
628,253,599,311,316
629,253,599,311,316
630,254,600,311,316
631,255,599,311,316
632,256,598,311,316
633,258,598,311,316
634,261,598,311,316
635,264,596,311,316
636,267,595,311,316
637,270,594,311,316
638,272,594,311,316
639,275,594,311,316
640,277,594,311,316
641,279,593,311,316
642,281,593,311,316
643,283,593,311,316
644,284,593,311,316
645,286,592,311,316
646,288,591,311,316
647,290,591,311,316
648,292,591,311,316
649,295,591,311,316
650,297,590,311,316
651,301,589,311,316
652,306,588,311,316
653,310,587,311,316
654,315,586,311,316
655,319,585,311,316
656,322,584,311,316
657,326,584,311,316
658,330,584,311,316
659,333,583,311,316
660,335,583,311,316
661,337,583,311,316
662,337,582,311,316
663,336,583,311,316
664,335,583,311,316
665,333,583,311,316
666,330,584,311,316
667,328,585,311,316
668,327,585,311,316
669,326,585,311,316
670,324,585,311,316
671,321,586,311,316
672,318,587,311,316
673,316,587,311,316
674,317,587,311,316
675,319,586,311,316
676,320,586,311,316
677,321,585,311,316
678,322,585,311,316
679,323,586,311,316
680,325,585,311,316
681,327,585,311,316
682,329,585,311,316
683,332,584,311,316
684,336,583,311,316
685,339,583,311,316
686,343,583,311,316
687,346,582,311,316
688,349,582,311,316
689,352,582,311,316
690,354,581,311,316
691,356,581,311,316
692,359,582,311,316
693,361,579,311,316
694,360,582,311,316
695,360,580,311,316
696,360,581,311,316
697,360,583,311,316
698,361,580,311,316
699,364,582,311,316
700,362,582,311,316
701,363,581,311,316
702,365,581,311,316
703,363,581,311,316
704,362,581,311,316
705,359,581,311,316
706,359,582,311,316
707,358,582,311,316
708,356,581,311,316
709,356,581,311,316
710,355,582,311,316
711,354,583,311,316
712,354,580,311,316
713,353,582,311,316
714,353,581,311,316
715,351,583,311,316
716,350,583,311,316
717,350,584,311,316
718,349,583,311,316
719,348,582,311,316
720,346,583,311,316
721,345,584,311,316
722,345,583,311,316
723,344,583,311,316
724,342,584,311,316
725,340,584,311,316
726,338,583,311,316
727,338,584,311,316
728,338,584,311,316
729,338,584,311,316
730,338,584,311,316
731,339,584,311,316
732,339,584,311,316
733,340,584,311,316
734,341,583,311,316
735,340,583,311,316
736,339,583,311,316
737,338,582,311,316
738,336,583,311,316
739,333,585,311,316
740,337,584,311,316
741,340,583,311,316
742,340,583,311,316
743,341,583,311,316
744,341,583,311,316
745,341,583,311,316
746,343,583,311,316
747,344,583,311,316
748,345,583,311,316
749,347,583,311,316
750,348,582,311,316
751,348,582,311,316
752,348,582,311,316
753,348,583,311,316
754,347,582,311,316
755,347,582,311,316
756,347,582,311,316
757,346,582,311,316
758,346,582,311,316
759,346,582,311,316
760,345,582,311,316
761,344,582,311,316
762,343,581,311,316
763,342,582,311,316
764,341,583,311,316
765,340,582,311,316
766,339,582,311,316
767,339,582,311,316
768,339,583,311,316
769,339,582,311,316
770,340,582,311,316
771,341,582,311,316
772,341,582,311,316
773,341,582,311,316
774,341,582,311,316
775,341,582,311,316
776,342,583,311,316
777,343,583,311,316
778,344,582,311,316
779,345,583,311,316
780,345,583,311,316
781,345,583,311,316
782,345,582,311,316
783,345,583,311,316
784,345,584,311,316
785,346,583,311,316
786,346,582,311,316
787,346,583,311,316
788,347,583,311,316
789,348,583,311,316
790,348,583,311,316
791,344,584,311,316
792,343,584,311,316
793,342,584,311,316
794,341,584,311,316
795,340,584,311,316
796,339,584,311,316
797,338,585,311,316
798,338,584,311,316
799,337,584,311,316
800,337,584,311,316
801,338,584,311,316
802,339,583,311,316
803,340,584,311,316
804,342,584,311,316
805,342,584,311,316
806,342,583,311,316
807,342,583,311,316
808,342,583,311,316
809,341,583,311,316
810,340,583,311,316
811,339,583,311,316
812,337,583,311,316
813,335,583,311,316
814,336,583,311,316
815,336,583,311,316
816,335,583,311,316
817,333,584,311,316
818,331,585,311,316
819,331,585,311,316
820,332,585,311,316
821,330,585,311,316
822,328,585,311,316
823,328,584,311,316
824,329,585,311,316
825,328,585,311,316
826,328,585,311,316
827,328,585,311,316
828,328,585,311,316
829,328,586,311,316
830,327,585,311,316
831,326,586,311,316
832,326,587,311,316
833,326,586,311,316
834,326,587,311,316
835,327,587,311,316
836,325,587,311,316
837,323,588,311,316
838,321,588,311,316
839,320,589,311,316
840,316,589,311,316
841,311,590,311,316
842,307,591,311,316
843,305,591,311,316
844,304,591,311,316
845,301,592,311,316
846,297,593,311,316
847,293,593,311,316
848,290,594,311,316
849,288,595,311,316
850,287,595,311,316
851,287,595,311,316
852,287,595,311,316
853,286,596,311,316
854,285,596,311,316
855,285,596,311,316
856,283,596,311,316
857,280,597,311,316
858,276,598,311,316
859,272,599,311,316
860,269,599,311,316
861,266,600,311,316
862,263,601,311,316
863,259,601,311,316
864,255,602,311,316
865,251,603,311,316
866,247,604,311,316
867,244,605,311,316
868,243,605,311,316
869,243,605,311,316
870,244,605,311,316
871,246,604,311,316
872,249,603,311,316
873,253,602,311,316
874,257,600,311,316
875,261,599,311,316
876,266,598,311,316
877,271,596,311,316
878,276,595,311,316
879,281,595,311,316
880,285,594,311,316
881,289,593,311,316
882,291,593,311,316
883,292,593,311,316
884,291,593,311,316
885,288,594,311,316
886,286,595,311,316
887,283,596,311,316
888,280,596,311,316
889,276,597,311,316
890,273,599,311,316
891,271,599,311,316
892,269,599,311,316
893,268,600,311,316
894,268,600,311,316
895,267,601,311,316
896,266,596,311,316
897,263,600,311,316
898,261,601,311,316
899,259,602,311,316
900,258,603,311,316
901,257,602,311,316
902,257,603,311,316
903,258,602,311,316
904,259,602,311,316
905,263,602,311,316
906,265,601,311,316
907,267,601,311,316
908,268,600,311,316
909,270,599,311,316
910,269,599,311,316
911,268,601,311,316
912,270,599,311,316
913,271,600,311,316
914,272,600,311,316
915,275,599,311,316
916,277,599,311,316
917,278,599,311,316
918,280,598,311,316
919,281,597,311,316
920,282,597,311,316
921,284,597,311,316
922,285,596,311,316
923,287,594,311,316
924,288,594,311,316
925,289,595,311,316
926,290,594,311,316
927,293,594,311,316
928,297,593,311,316
929,301,591,311,316
930,305,590,311,316
931,306,590,311,316
932,307,592,311,316
933,310,589,311,316
934,313,590,311,316
935,318,590,311,316
936,321,587,311,316
937,322,590,311,316
938,321,590,311,316
939,323,588,311,316
940,321,588,311,316
941,320,587,311,316
942,320,588,311,316
943,318,590,311,316
944,317,590,311,316
945,317,591,311,316
946,317,589,311,316
947,318,590,311,316
948,320,590,311,316
949,320,590,311,316
950,323,589,311,316
951,325,589,311,316
952,328,590,311,316
953,327,577,311,316
954,329,586,311,316
955,328,586,311,316
956,330,586,311,316
957,337,588,311,316
958,333,590,311,316
959,342,589,311,316
960,337,589,311,316
961,340,586,311,316
962,335,587,311,316
963,335,587,311,316
964,335,587,311,316
965,333,588,311,316
966,333,588,311,316
967,334,589,311,316
968,334,590,311,316
969,335,589,311,316
970,334,588,311,316
971,333,588,311,316
972,335,585,311,316
973,332,587,311,316
974,332,588,311,316
975,334,587,311,316
976,333,588,311,316
977,331,588,311,316
978,332,588,311,316
979,332,588,311,316
980,334,588,311,316
981,335,589,311,316
982,335,588,311,316
983,337,586,311,316
984,338,587,311,316
985,340,587,311,316
986,343,588,311,316
987,343,589,311,316
988,345,588,311,316
989,345,587,311,316
990,343,588,311,316
991,342,588,311,316
992,343,588,311,316
993,342,588,311,316
994,341,587,311,316
995,341,587,311,316
996,341,588,311,316
997,342,588,311,316
998,342,588,311,316
999,340,588,311,316
1000,339,587,311,316
1001,339,587,311,316
1002,339,587,311,316
1003,338,588,311,316
1004,338,588,311,316
1005,339,587,311,316
1006,339,587,311,316
1007,338,587,311,316
1008,338,587,311,316
1009,339,587,311,316
1010,339,587,311,316
1011,338,586,311,316
1012,338,586,311,316
1013,338,586,311,316
1014,338,587,311,316
1015,338,586,311,316
1016,339,586,311,316
1017,339,586,311,316
1018,339,585,311,316
1019,338,586,311,316
1020,338,586,311,316
1021,338,586,311,316
1022,337,586,311,316
1023,337,586,311,316
1024,337,586,311,316
1025,337,585,311,316
1026,337,586,311,316
1027,337,587,311,316
1028,337,587,311,316
1029,337,588,311,316
1030,338,587,311,316
1031,338,588,311,316
1032,338,587,311,316
1033,338,587,311,316
1034,338,587,311,316
1035,339,588,311,316
1036,339,587,311,316
1037,340,587,311,316
1038,339,587,311,316
1039,338,587,311,316
1040,337,587,311,316
1041,337,589,311,316
1042,338,589,311,316
1043,338,588,311,316
1044,338,588,311,316
1045,339,589,311,316
1046,338,588,311,316
1047,336,586,311,316
1048,338,587,311,316
1049,337,587,311,316
1050,331,588,311,316
1051,329,590,311,316
1052,331,589,311,316
1053,329,589,311,316
1054,333,589,311,316
1055,336,589,311,316
1056,336,590,311,316
1057,336,590,311,316
1058,337,589,311,316
1059,338,587,311,316
1060,336,588,311,316
1061,335,589,311,316
1062,335,589,311,316
1063,336,590,311,316
1064,335,590,311,316
1065,335,590,311,316
1066,336,590,311,316
1067,336,595,311,316
1068,333,592,311,316
1069,333,588,311,316
1070,333,593,311,316
1071,334,594,311,316
1072,335,590,311,316
1073,333,589,311,316
1074,334,592,311,316
1075,334,592,311,316
1076,334,591,311,316
1077,333,591,311,316
1078,332,590,311,316
1079,332,588,311,316
1080,332,592,311,316
1081,333,592,311,316
1082,332,590,311,316
1083,332,592,311,316
1084,332,592,311,316
1085,333,593,311,316
1086,332,595,311,316
1087,333,587,311,316
1088,334,589,311,316
1089,334,596,311,316
1090,336,597,311,316
1091,335,589,311,316
1092,336,591,311,316
1093,337,593,311,316
1094,335,590,311,316
1095,335,592,311,316
1096,335,596,311,316
1097,334,594,311,316
1098,335,593,311,316
1099,334,594,311,316
1100,335,594,311,316
1101,336,592,311,316
1102,334,593,311,316
1103,334,594,311,316
1104,336,594,311,316
1105,337,593,311,316
1106,335,591,311,316
1107,334,594,311,316
1108,333,594,311,316
1109,334,593,311,316
1110,334,594,311,316
1111,333,595,311,316
1112,329,596,311,316
1113,328,594,311,316
1114,330,592,311,316
1115,330,593,311,316
1116,329,593,311,316
1117,333,593,311,316
1118,333,593,311,316
1119,332,595,311,316
1120,333,593,311,316
1121,333,592,311,316
1122,333,594,311,316
1123,334,594,311,316
1124,332,594,311,316
1125,331,594,311,316
1126,330,593,311,316
1127,330,594,311,316
1128,331,594,311,316
1129,332,594,311,316
1130,331,594,311,316
1131,332,593,311,316
1132,334,592,311,316
1133,331,593,311,316
1134,328,596,311,316
1135,329,594,311,316
1136,331,592,311,316
1137,332,592,311,316
1138,330,593,311,316
1139,330,592,311,316
1140,331,592,311,316
1141,331,592,311,316
1142,331,590,311,316
1143,332,591,311,316
1144,331,592,311,316
1145,332,593,311,316
1146,332,591,311,316
1147,333,592,311,316
1148,332,595,311,316
1149,330,594,311,316
1150,333,591,311,316
1151,331,592,311,316
1152,329,593,311,316
1153,330,593,311,316
1154,329,593,311,316
1155,331,593,311,316
1156,333,591,311,316
1157,331,592,311,316
1158,331,593,311,316
1159,330,593,311,316
1160,331,594,311,316
1161,334,593,311,316
1162,333,593,311,316
1163,331,593,311,316
1164,329,593,311,316
1165,328,594,311,316
1166,329,594,311,316
1167,330,594,311,316
1168,331,591,311,316
1169,331,594,311,316
1170,329,594,311,316
1171,330,592,311,316
1172,333,594,311,316
1173,333,593,311,316
1174,333,592,311,316
1175,330,593,311,316
1176,328,594,311,316
1177,329,594,311,316
1178,329,594,311,316
1179,330,593,311,316
1180,330,594,311,316
1181,330,594,311,316
1182,332,592,311,316
1183,331,594,311,316
1184,330,593,311,316
1185,331,594,311,316
1186,328,595,311,316
1187,329,595,311,316
1188,330,594,311,316
1189,330,594,311,316
1190,331,595,311,316
1191,330,594,311,316
1192,330,594,311,316
1193,331,592,311,316
1194,329,592,311,316
1195,326,594,311,316
1196,326,595,311,316
1197,328,594,311,316
1198,332,589,311,316
1199,331,592,311,316
1200,328,595,311,316
1201,330,594,311,316
1202,328,592,311,316
1203,327,591,311,316
1204,327,593,311,316
1205,328,596,311,316
1206,329,595,311,316
1207,328,593,311,316
1208,326,593,311,316
1209,326,593,311,316
1210,326,594,311,316
1211,327,595,311,316
1212,327,594,311,316
1213,327,593,311,316
1214,327,593,311,316
1215,327,594,311,316
1216,328,593,311,316
1217,327,593,311,316
1218,326,594,311,316
1219,327,594,311,316
1220,326,594,311,316
1221,325,594,311,316
1222,326,594,311,316
1223,325,593,311,316
1224,325,594,311,316
1225,325,594,311,316
1226,324,593,311,316
1227,325,593,311,316
1228,326,594,311,316
1229,325,592,311,316
1230,325,592,311,316
1231,326,593,311,316
1232,325,593,311,316
1233,326,594,311,316
1234,326,594,311,316
1235,325,593,311,316
1236,326,592,311,316
1237,326,594,311,316
1238,326,593,311,316
1239,326,592,311,316
1240,327,593,311,316
1241,327,593,311,316
1242,326,592,311,316
1243,326,594,311,316
1244,325,593,311,316
1245,326,594,311,316
1246,325,593,311,316
1247,327,593,311,316
1248,327,594,311,316
1249,327,593,311,316
1250,327,593,311,316
1251,328,592,311,316
1252,328,593,311,316
1253,328,594,311,316
1254,328,593,311,316
1255,328,594,311,316
1256,328,594,311,316
1257,327,593,311,316
1258,327,596,311,316
1259,327,595,311,316
1260,327,594,311,316
1261,327,595,311,316
1262,327,594,311,316
1263,326,595,311,316
1264,326,595,311,316
1265,325,595,311,316
1266,324,595,311,316
1267,325,595,311,316
1268,325,595,311,316
1269,326,595,311,316
1270,326,595,311,316
1271,325,595,311,316
1272,325,595,311,316
1273,325,595,311,316
1274,324,596,311,316
1275,325,595,311,316
1276,324,595,311,316
1277,323,595,311,316
1278,325,595,311,316
1279,325,595,311,316
1280,325,595,311,316
1281,326,595,311,316
1282,325,594,311,316
1283,325,595,311,316
1284,324,593,311,316
1285,326,598,311,316
1286,322,594,311,316
1287,323,594,311,316
1288,323,597,311,316
1289,327,597,311,316
1290,324,597,311,316
1291,323,595,311,316
1292,324,594,311,316
1293,326,594,311,316
1294,327,595,311,316
1295,325,594,311,316
1296,324,593,311,316
1297,323,594,311,316
1298,323,594,311,316
1299,324,596,311,316
1300,324,594,311,316
1301,324,597,311,316
1302,323,598,311,316
1303,324,596,311,316
1304,323,594,311,316
1305,324,594,311,316
1306,323,594,311,316
1307,324,595,311,316
1308,326,595,311,316
1309,326,593,311,316
1310,325,595,311,316
1311,326,594,311,316
1312,325,596,311,316
1313,325,596,311,316
1314,325,595,311,316
1315,324,595,311,316
1316,323,596,311,316
1317,324,596,311,316
1318,324,596,311,316
1319,323,596,311,316
1320,323,597,311,316
1321,324,596,311,316
1322,324,597,311,316
1323,324,597,311,316
1324,324,598,311,316
1325,325,597,311,316
1326,324,596,311,316
1327,325,596,311,316
1328,325,597,311,316
1329,325,596,311,316
1330,325,595,311,316
1331,325,596,311,316
1332,325,596,311,316
1333,326,595,311,316
1334,326,597,311,316
1335,327,596,311,316
1336,327,596,311,316
1337,327,596,311,316
1338,327,596,311,316
1339,327,596,311,316
1340,327,596,311,316
1341,328,595,311,316
1342,328,596,311,316
1343,327,596,311,316
1344,327,597,311,316
1345,327,596,311,316
1346,327,596,311,316
1347,327,596,311,316
1348,328,596,311,316
1349,327,596,311,316
1350,327,596,311,316
1351,327,595,311,316
1352,326,595,311,316
1353,326,595,311,316
1354,326,594,311,316
1355,326,595,311,316
1356,326,595,311,316
1357,326,594,311,316
1358,326,594,311,316
1359,327,595,311,316
1360,327,595,311,316
1361,326,595,311,316
1362,326,596,311,316
1363,326,594,311,316
1364,324,596,311,316
1365,325,596,311,316
1366,325,596,311,316
1367,325,596,311,316
1368,327,596,311,316
1369,327,596,311,316
1370,327,596,311,316
1371,327,595,311,316
1372,328,596,311,316
1373,326,596,311,316
1374,326,596,311,316
1375,327,596,311,316
1376,326,596,311,316
1377,326,596,311,316
1378,326,595,311,316
1379,326,595,311,316
1380,325,596,311,316
1381,325,596,311,316
1382,327,594,311,316
1383,326,596,311,316
1384,327,596,311,316
1385,327,595,311,316
1386,326,595,311,316
1387,326,595,311,316
1388,326,596,311,316
1389,327,595,311,316
1390,326,595,311,316
1391,326,594,311,316
1392,326,593,311,316
1393,324,594,311,316
1394,324,595,311,316
1395,324,594,311,316
1396,325,594,311,316
1397,325,594,311,316
1398,325,594,311,316
1399,325,596,311,316
1400,326,595,311,316
1401,326,594,311,316
1402,325,595,311,316
1403,325,596,311,316
1404,326,596,311,316
1405,327,595,311,316
1406,326,596,311,316
1407,326,597,311,316
1408,326,597,311,316
1409,326,597,311,316
1410,326,597,311,316
1411,326,597,311,316
1412,325,597,311,316
1413,324,598,311,316
1414,326,597,311,316
1415,327,598,311,316
1416,327,598,311,316
1417,328,598,311,316
1418,329,596,311,316
1419,330,597,311,316
1420,331,597,311,316
1421,333,598,311,316
1422,333,597,311,316
1423,331,597,311,316
1424,330,597,311,316
1425,329,597,311,316
1426,327,596,311,316
1427,326,597,311,316
1428,326,598,311,316
1429,326,597,311,316
1430,325,597,311,316
1431,325,597,311,316
1432,326,597,311,316
1433,325,597,311,316
1434,325,598,311,316
1435,324,598,311,316
1436,323,598,311,316
1437,323,598,311,316
1438,322,598,311,316
1439,320,598,311,316
1440,320,599,311,316
1441,320,599,311,316
1442,320,599,311,316
1443,320,599,311,316
1444,320,598,311,316
1445,320,599,311,316
1446,320,599,311,316
1447,321,598,311,316
1448,322,598,311,316
1449,322,597,311,316
1450,323,597,311,316
1451,324,596,311,316
1452,324,595,311,316
1453,324,595,311,316
1454,325,595,311,316
1455,325,595,311,316
1456,325,596,311,316
1457,325,595,311,316
1458,325,595,311,316
1459,324,597,311,316
1460,324,596,311,316
1461,325,598,311,316
1462,323,597,311,316
1463,324,597,311,316
1464,325,598,311,316
1465,325,596,311,316
1466,325,596,311,316
1467,325,596,311,316
1468,325,597,311,316
1469,325,597,311,316
1470,325,597,311,316
1471,325,596,311,316
1472,325,596,311,316
1473,325,596,311,316
1474,325,596,311,316
1475,325,596,311,316
1476,325,596,311,316
1477,325,598,311,316
1478,326,597,311,316
1479,328,596,311,316
1480,327,596,311,316
1481,325,596,311,316
1482,326,597,311,316
1483,327,596,311,316
1484,326,597,311,316
1485,327,597,311,316
1486,329,596,311,316
1487,329,595,311,316
1488,328,596,311,316
1489,328,596,311,316
1490,326,596,311,316
1491,325,597,311,316
1492,326,596,311,316
1493,326,596,311,316
1494,324,597,311,316
1495,325,596,311,316
1496,325,595,311,316
1497,324,597,311,316
1498,325,598,311,316
1499,327,598,311,316
1500,327,597,311,316
1501,326,599,311,316
1502,326,598,311,316
1503,325,597,311,316
1504,324,598,311,316
1505,324,598,311,316
1506,324,599,311,316
1507,324,598,311,316
1508,324,598,311,316
1509,325,598,311,316
1510,325,599,311,316
1511,325,598,311,316
1512,325,598,311,316
1513,325,598,311,316
1514,325,598,311,316
1515,325,598,311,316
1516,325,598,311,316
1517,325,598,311,316
1518,325,598,311,316
1519,324,598,311,316
1520,323,598,311,316
1521,323,598,311,316
1522,323,598,311,316
1523,323,597,311,316
1524,323,597,311,316
1525,324,597,311,316
1526,324,597,311,316
1527,323,597,311,316
1528,324,596,311,316
1529,324,596,311,316
1530,324,597,311,316
1531,324,597,311,316
1532,324,597,311,316
1533,323,596,311,316
1534,323,595,311,316
1535,323,595,311,316
1536,323,596,311,316
1537,323,596,311,316
1538,323,595,311,316
1539,322,596,311,316
1540,322,596,311,316
1541,323,596,311,316
1542,322,596,311,316
1543,322,597,311,316
1544,322,597,311,316
1545,322,597,311,316
1546,322,596,311,316
1547,322,596,311,316
1548,322,596,311,316
1549,322,596,311,316
1550,322,596,311,316
1551,322,598,311,316
1552,322,596,311,316
1553,323,597,311,316
1554,323,596,311,316
1555,322,596,311,316
1556,322,595,311,316
1557,323,595,311,316
1558,323,594,311,316
1559,323,594,311,316
1560,323,595,311,316
1561,322,595,311,316
1562,320,595,311,316
1563,320,596,311,316
1564,320,594,311,316
1565,321,594,311,316
1566,321,596,311,316
1567,322,596,311,316
1568,322,595,311,316
1569,322,596,311,316
1570,321,597,311,316
1571,321,596,311,316
1572,321,596,311,316
1573,320,597,311,316
1574,320,596,311,316
1575,321,596,311,316
1576,321,597,311,316
1577,321,597,311,316
1578,322,595,311,316
1579,323,596,311,316
1580,322,596,311,316
1581,322,595,311,316
1582,322,595,311,316
1583,322,597,311,316
1584,322,596,311,316
1585,322,596,311,316
1586,322,596,311,316
1587,323,595,311,316
1588,324,595,311,316
1589,324,595,311,316
1590,324,595,311,316
1591,322,594,311,316
1592,321,595,311,316
1593,319,596,311,316
1594,320,597,311,316
1595,320,596,311,316
1596,318,596,311,316
1597,318,596,311,316
1598,319,596,311,316
1599,320,596,311,316
1600,320,596,311,316
1601,320,596,311,316
1602,321,596,311,316
1603,322,595,311,316
1604,321,595,311,316
1605,321,595,311,316
1606,322,595,311,316
1607,321,596,311,316
1608,321,596,311,316
1609,322,596,311,316
1610,322,596,311,316
1611,322,596,311,316
1612,321,596,311,316
1613,321,596,311,316
1614,321,596,311,316
1615,320,596,311,316
1616,320,597,311,316
1617,320,597,311,316
1618,320,597,311,316
1619,320,597,311,316
14-LongDuration 6
1619,322,595,311,316
1620,322,595,311,316
1621,320,594,311,316
1622,323,594,311,316
1623,324,594,311,316
1624,324,594,311,316
1625,325,593,311,316
1626,325,593,311,316
1627,324,593,311,316
1628,323,593,311,316
1629,322,593,311,316
1630,322,594,311,316
1631,322,594,311,316
1632,323,593,311,316
1633,323,594,311,316
1634,323,594,311,316
1635,324,594,311,316
1636,324,594,311,316
1637,324,594,311,316
1638,324,595,311,316
1639,323,594,311,316
1640,323,594,311,316
1641,322,595,311,316
1642,322,594,311,316
1643,322,594,311,316
1644,322,595,311,316
1645,322,594,311,316
1646,322,594,311,316
1647,321,594,311,316
1648,322,595,311,316
1649,322,594,311,316
1650,323,594,311,316
1651,323,594,311,316
1652,323,594,311,316
1653,322,594,311,316
1654,323,594,311,316
1655,323,595,311,316
1656,322,595,311,316
1657,322,593,311,316
1658,323,595,311,316
1659,322,595,311,316
1660,322,593,311,316
1661,324,595,311,316
1662,323,597,311,316
1663,323,596,311,316
1664,324,593,311,316
1665,323,592,311,316
1666,322,594,311,316
1667,323,594,311,316
1668,323,595,311,316
1669,323,594,311,316
1670,323,593,311,316
1671,323,594,311,316
1672,323,594,311,316
1673,323,592,311,316
1674,324,595,311,316
1675,324,595,311,316
1676,324,594,311,316
1677,325,594,311,316
1678,324,592,311,316
1679,324,593,311,316
1680,324,593,311,316
1681,325,593,311,316
1682,325,594,311,316
1683,325,594,311,316
1684,327,593,311,316
1685,327,593,311,316
1686,327,593,311,316
1687,328,593,311,316
1688,328,593,311,316
1689,327,593,311,316
1690,326,593,311,316
1691,326,593,311,316
1692,324,592,311,316
1693,324,593,311,316
1694,321,593,311,316
1695,320,594,311,316
1696,319,594,311,316
1697,319,595,311,316
1698,320,594,311,316
1699,320,595,311,316
1700,318,594,311,316
1701,318,594,311,316
1702,319,593,311,316
1703,319,593,311,316
1704,319,594,311,316
1705,319,594,311,316
1706,320,593,311,316
1707,321,593,311,316
1708,320,592,311,316
1709,321,593,311,316
1710,322,594,311,316
1711,320,594,311,316
1712,320,592,311,316
1713,320,594,311,316
1714,318,594,311,316
1715,319,595,311,316
1716,319,595,311,316
1717,318,595,311,316
1718,318,595,311,316
1719,318,594,311,316
1720,316,595,311,316
1721,314,595,311,316
1722,314,595,311,316
1723,310,594,311,316
1724,309,596,311,316
1725,307,596,311,316
1726,306,598,311,316
1727,307,597,311,316
1728,307,597,311,316
1729,306,597,311,316
1730,306,597,311,316
1731,305,597,311,316
1732,305,597,311,316
1733,305,598,311,316
1734,305,598,311,316
1735,305,599,311,316
1736,304,598,311,316
1737,304,599,311,316
1738,303,601,311,316
1739,302,600,311,316
1740,300,599,311,316
1741,299,601,311,316
1742,297,599,311,316
1743,295,600,311,316
1744,294,601,311,316
1745,292,601,311,316
1746,291,600,311,316
1747,292,601,311,316
1748,292,601,311,316
1749,295,600,311,316
1750,298,598,311,316
1751,302,597,311,316
1752,306,597,311,316
1753,310,595,311,316
1754,315,596,311,316
1755,318,593,311,316
1756,322,593,311,316
1757,324,593,311,316
1758,326,594,311,316
1759,326,592,311,316
1760,326,592,311,316
1761,326,592,311,316
1762,326,591,311,316
1763,326,593,311,316
1764,326,592,311,316
1765,327,594,311,316
1766,326,593,311,316
1767,327,592,311,316
1768,327,594,311,316
1769,327,593,311,316
1770,328,594,311,316
1771,328,593,311,316
1772,329,593,311,316
1773,330,593,311,316
1774,331,592,311,316
1775,334,592,311,316
1776,338,593,311,316
1777,338,591,311,316
1778,343,591,311,316
1779,343,591,311,316
1780,344,591,311,316
1781,342,592,311,316
1782,342,590,311,316
1783,338,591,311,316
1784,336,589,311,316
1785,333,590,311,316
1786,330,592,311,316
1787,329,592,311,316
1788,329,592,311,316
1789,329,593,311,316
1790,331,591,311,316
1791,332,592,311,316
1792,331,591,311,316
1793,333,590,311,316
1794,334,590,311,316
1795,335,590,311,316
1796,336,590,311,316
1797,337,590,311,316
1798,339,590,311,316
1799,340,590,311,316
1800,339,590,311,316
1801,339,591,311,316
1802,338,591,311,316
1803,337,592,311,316
1804,336,592,311,316
1805,335,591,311,316
1806,334,593,311,316
1807,333,593,311,316
1808,330,592,311,316
1809,328,593,311,316
1810,325,593,311,316
1811,321,594,311,316
1812,318,595,311,316
1813,315,596,311,316
1814,312,597,311,316
1815,308,595,311,316
1816,308,596,311,316
1817,307,596,311,316
1818,308,596,311,316
1819,309,595,311,316
1820,309,597,311,316
1821,311,596,311,316
1822,314,595,311,316
1823,313,595,311,316
1824,316,597,311,316
1825,316,594,311,316
1826,317,593,311,316
1827,316,590,311,316
1828,316,594,311,316
1829,315,594,311,316
1830,317,594,311,316
1831,315,591,311,316
1832,314,593,311,316
1833,314,592,311,316
1834,315,593,311,316
1835,316,593,311,316
1836,317,594,311,316
1837,315,593,311,316
1838,310,594,311,316
1839,313,596,311,316
1840,313,596,311,316
1841,309,595,311,316
1842,312,592,311,316
1843,316,594,311,316
1844,316,595,311,316
1845,317,595,311,316
1846,318,594,311,316
1847,320,593,311,316
1848,321,594,311,316
1849,321,595,311,316
1850,321,595,311,316
1851,320,593,311,316
1852,319,593,311,316
1853,318,596,311,316
1854,319,596,311,316
1855,320,595,311,316
1856,320,595,311,316
1857,320,595,311,316
1858,321,592,311,316
1859,322,593,311,316
1860,320,595,311,316
1861,318,597,311,316
1862,318,595,311,316
1863,317,594,311,316
1864,315,595,311,316
1865,315,595,311,316
1866,314,595,311,316
1867,314,594,311,316
1868,315,594,311,316
1869,316,594,311,316
1870,316,594,311,316
1871,315,592,311,316
1872,314,592,311,316
1873,314,592,311,316
1874,313,593,311,316
1875,312,594,311,316
1876,313,594,311,316
1877,314,594,311,316
1878,315,593,311,316
1879,315,591,311,316
1880,315,592,311,316
1881,315,592,311,316
1882,315,593,311,316
1883,315,593,311,316
1884,316,593,311,316
1885,317,594,311,316
1886,319,593,311,316
1887,320,593,311,316
1888,320,594,311,316
1889,318,593,311,316
1890,315,592,311,316
1891,312,592,311,316
1892,309,595,311,316
1893,310,595,311,316
1894,313,594,311,316
1895,315,591,311,316
1896,318,592,311,316
1897,318,591,311,316
1898,317,592,311,316
1899,316,593,311,316
1900,317,593,311,316
1901,316,591,311,316
1902,316,593,311,316
1903,317,591,311,316
1904,316,591,311,316
1905,314,591,311,316
1906,312,594,311,316
1907,313,594,311,316
1908,314,593,311,316
1909,314,593,311,316
1910,314,594,311,316
1911,314,594,311,316
1912,315,594,311,316
1913,316,593,311,316
1914,317,593,311,316
1915,315,593,311,316
1916,314,594,311,316
1917,315,593,311,316
1918,314,592,311,316
1919,313,593,311,316
1920,313,593,311,316
1921,313,593,311,316
1922,313,593,311,316
1923,314,593,311,316
1924,313,593,311,316
1925,312,593,311,316
1926,312,594,311,316
1927,312,594,311,316
1928,312,594,311,316
1929,311,594,311,316
1930,311,593,311,316
1931,310,594,311,316
1932,310,594,311,316
1933,311,594,311,316
1934,310,594,311,316
1935,312,594,311,316
1936,314,593,311,316
1937,313,593,311,316
1938,313,594,311,316
1939,314,595,311,316
1940,314,595,311,316
1941,314,593,311,316
1942,316,594,311,316
1943,317,595,311,316
1944,318,594,311,316
1945,317,594,311,316
1946,314,594,311,316
1947,310,594,311,316
1948,310,595,311,316
1949,312,595,311,316
1950,312,595,311,316
1951,312,595,311,316
1952,312,595,311,316
1953,313,595,311,316
1954,313,596,311,316
1955,313,596,311,316
1956,313,595,311,316
1957,313,594,311,316
1958,313,594,311,316
1959,313,596,311,316
1960,314,596,311,316
1961,315,596,311,316
1962,315,595,311,316
1963,314,595,311,316
1964,314,595,311,316
1965,313,595,311,316
1966,313,595,311,316
1967,313,596,311,316
1968,313,595,311,316
1969,313,595,311,316
1970,313,594,311,316
1971,313,595,311,316
1972,313,595,311,316
1973,313,596,311,316
1974,313,595,311,316
1975,313,596,311,316
1976,313,596,311,316
1977,313,596,311,316
1978,311,596,311,316
1979,311,597,311,316
1980,312,597,311,316
1981,312,598,311,316
1982,312,597,311,316
1983,313,598,311,316
1984,313,596,311,316
1985,312,596,311,316
1986,311,596,311,316
1987,312,596,311,316
1988,311,597,311,316
1989,312,596,311,316
1990,313,596,311,316
1991,312,596,311,316
1992,311,596,311,316
1993,309,598,311,316
1994,308,597,311,316
1995,308,597,311,316
1996,309,597,311,316
1997,310,597,311,316
1998,310,597,311,316
1999,312,597,311,316
2000,313,597,311,316
2001,312,598,311,316
2002,312,598,311,316
2003,311,597,311,316
2004,310,597,311,316
2005,310,596,311,316
2006,309,596,311,316
2007,309,597,311,316
2008,310,596,311,316
2009,310,597,311,316
2010,310,597,311,316
2011,311,597,311,316
2012,312,597,311,316
2013,311,597,311,316
2014,311,598,311,316
2015,312,598,311,316
2016,311,598,311,316
2017,310,598,311,316
2018,311,598,311,316
2019,311,598,311,316
2020,310,598,311,316
2021,309,598,311,316
2022,310,598,311,316
2023,310,598,311,316
2024,309,598,311,316
2025,310,597,311,316
2026,310,598,311,316
2027,310,597,311,316
2028,310,597,311,316
2029,310,598,311,316
2030,310,599,311,316
2031,310,599,311,316
2032,310,598,311,316
2033,311,598,311,316
2034,311,598,311,316
2035,311,599,311,316
2036,312,599,311,316
2037,312,599,311,316
2038,312,598,311,316
2039,312,598,311,316
2040,312,599,311,316
2041,313,600,311,316
2042,313,599,311,316
2043,312,599,311,316
2044,312,599,311,316
2045,312,598,311,316
2046,311,598,311,316
2047,311,599,311,316
2048,312,598,311,316
2049,310,598,311,316
2050,310,598,311,316
2051,312,598,311,316
2052,312,598,311,316
2053,313,598,311,316
2054,313,599,311,316
2055,313,599,311,316
2056,314,598,311,316
2057,314,598,311,316
2058,314,598,311,316
2059,315,599,311,316
2060,314,599,311,316
2061,313,599,311,316
2062,313,599,311,316
2063,313,599,311,316
2064,313,599,311,316
2065,313,599,311,316
2066,313,599,311,316
2067,313,600,311,316
2068,312,599,311,316
2069,312,599,311,316
2070,313,600,311,316
2071,313,599,311,316
2072,313,599,311,316
2073,313,600,311,316
2074,313,599,311,316
2075,313,599,311,316
2076,314,599,311,316
2077,313,599,311,316
2078,312,600,311,316
2079,313,600,311,316
2080,312,601,311,316
2081,311,601,311,316
2082,312,600,311,316
2083,313,600,311,316
2084,314,599,311,316
2085,313,599,311,316
2086,312,600,311,316
2087,312,598,311,316
2088,312,598,311,316
2089,311,599,311,316
2090,312,599,311,316
2091,314,597,311,316
2092,314,597,311,316
2093,313,599,311,316
2094,314,599,311,316
2095,316,599,311,316
2096,317,597,311,316
2097,317,597,311,316
2098,318,597,311,316
2099,318,597,311,316
2100,317,597,311,316
2101,317,597,311,316
2102,316,597,311,316
2103,314,597,311,316
2104,312,597,311,316
2105,312,598,311,316
2106,313,597,311,316
2107,314,597,311,316
2108,315,597,311,316
2109,317,597,311,316
2110,316,597,311,316
2111,317,597,311,316
2112,318,597,311,316
2113,316,599,311,316
2114,314,599,311,316
2115,314,599,311,316
2116,314,600,311,316
2117,314,600,311,316
2118,315,599,311,316
2119,316,599,311,316
2120,318,600,311,316
2121,318,600,311,316
2122,317,600,311,316
2123,317,600,311,316
2124,316,601,311,316
2125,317,599,311,316
2126,317,601,311,316
2127,315,601,311,316
2128,314,598,311,316
2129,315,599,311,316
2130,314,598,311,316
2131,314,597,311,316
2132,314,598,311,316
2133,313,599,311,316
2134,314,599,311,316
2135,315,598,311,316
2136,316,598,311,316
2137,317,599,311,316
2138,320,599,311,316
2139,320,597,311,316
2140,320,598,311,316
2141,320,598,311,316
2142,320,600,311,316
2143,318,599,311,316
2144,319,600,311,316
2145,318,595,311,316
2146,318,599,311,316
2147,317,599,311,316
2148,317,601,311,316
2149,317,602,311,316
2150,316,602,311,316
2151,315,602,311,316
2152,314,602,311,316
2153,313,602,311,316
2154,313,602,311,316
2155,313,602,311,316
2156,313,603,311,316
2157,314,603,311,316
2158,315,603,311,316
2159,315,602,311,316
2160,315,603,311,316
2161,315,602,311,316
2162,314,602,311,316
2163,314,603,311,316
2164,314,603,311,316
2165,314,603,311,316
2166,314,603,311,316
2167,315,603,311,316
2168,316,603,311,316
2169,317,604,311,316
2170,318,604,311,316
2171,319,603,311,316
2172,319,603,311,316
2173,318,603,311,316
2174,318,603,311,316
2175,318,603,311,316
2176,318,603,311,316
2177,318,604,311,316
2178,318,604,311,316
2179,317,604,311,316
2180,317,604,311,316
2181,317,604,311,316
2182,317,604,311,316
2183,316,605,311,316
2184,317,605,311,316
2185,318,605,311,316
2186,319,605,311,316
2187,319,605,311,316
2188,319,605,311,316
2189,317,606,311,316
2190,317,606,311,316
2191,319,606,311,316
2192,320,606,311,316
2193,320,606,311,316
2194,320,606,311,316
2195,320,606,311,316
2196,320,606,311,316
2197,320,606,311,316
2198,319,606,311,316
2199,319,606,311,316
2200,319,606,311,316
2201,319,605,311,316
2202,318,606,311,316
2203,318,606,311,316
2204,317,605,311,316
2205,317,605,311,316
2206,317,605,311,316
2207,317,605,311,316
2208,317,605,311,316
2209,317,605,311,316
2210,317,605,311,316
2211,317,605,311,316
2212,317,605,311,316
2213,317,606,311,316
2214,317,606,311,316
2215,317,606,311,316
2216,318,606,311,316
2217,319,606,311,316
2218,319,606,311,316
2219,319,606,311,316
2220,319,606,311,316
2221,320,606,311,316
2222,320,606,311,316
2223,320,606,311,316
2224,319,606,311,316
2225,318,606,311,316
2226,317,606,311,316
2227,317,606,311,316
2228,316,606,311,316
2229,314,606,311,316
2230,312,607,311,316
2231,310,607,311,316
2232,308,607,311,316
2233,308,607,311,316
2234,308,607,311,316
2235,308,607,311,316
2236,308,607,311,316
2237,307,608,311,316
2238,307,608,311,316
2239,307,608,311,316
2240,308,608,311,316
2241,308,608,311,316
2242,309,608,311,316
2243,310,608,311,316
2244,310,608,311,316
2245,310,608,311,316
2246,310,609,311,316
2247,310,608,311,316
2248,310,608,311,316
2249,310,609,311,316
2250,310,608,311,316
2251,310,608,311,316
2252,309,609,311,316
2253,308,610,311,316
2254,307,610,311,316
2255,306,611,311,316
2256,304,612,311,316
2257,302,612,311,316
2258,300,613,311,316
2259,298,614,311,316
2260,296,615,311,316
2261,294,615,311,316
2262,293,615,311,316
2263,293,614,311,316
2264,293,616,311,316
2265,292,616,311,316
2266,292,614,311,316
2267,292,614,311,316
2268,292,612,311,316
2269,293,617,311,316
2270,293,616,311,316
2271,295,613,311,316
2272,298,612,311,316
2273,300,613,311,316
2274,303,613,311,316
2275,307,610,311,316
2276,310,612,311,316
2277,314,614,311,316
2278,313,612,311,316
2279,317,608,311,316
2280,319,610,311,316
2281,321,609,311,316
2282,321,609,311,316
2283,321,607,311,316
2284,326,608,311,316
2285,328,608,311,316
2286,328,608,311,316
2287,334,604,311,316
2288,335,610,311,316
2289,334,610,311,316
2290,337,608,311,316
2291,338,607,311,316
2292,340,607,311,316
2293,340,606,311,316
2294,341,607,311,316
2295,341,605,311,316
2296,343,604,311,316
2297,344,605,311,316
2298,343,605,311,316
2299,345,604,311,316
2300,346,602,311,316
2301,349,605,311,316
2302,349,604,311,316
2303,350,604,311,316
2304,350,603,311,316
2305,350,604,311,316
2306,350,603,311,316
2307,348,604,311,316
2308,347,603,311,316
2309,347,604,311,316
2310,346,603,311,316
2311,345,603,311,316
2312,345,604,311,316
2313,344,604,311,316
2314,344,603,311,316
2315,342,604,311,316
2316,341,604,311,316
2317,341,604,311,316
2318,341,604,311,316
2319,342,605,311,316
2320,344,603,311,316
2321,346,605,311,316
2322,345,604,311,316
2323,346,604,311,316
2324,346,604,311,316
2325,346,604,311,316
2326,344,605,311,316
2327,343,606,311,316
2328,341,605,311,316
2329,339,606,311,316
2330,337,606,311,316
2331,335,607,311,316
2332,333,606,311,316
2333,331,606,311,316
2334,328,607,311,316
2335,326,608,311,316
2336,324,608,311,316
2337,322,608,311,316
2338,320,610,311,316
2339,318,610,311,316
2340,317,610,311,316
2341,316,612,311,316
2342,314,610,311,316
2343,312,606,311,316
2344,314,608,311,316
2345,313,613,311,316
2346,310,611,311,316
2347,311,610,311,316
2348,309,611,311,316
2349,308,612,311,316
2350,304,613,311,316
2351,301,613,311,316
2352,298,613,311,316
2353,294,614,311,316
2354,294,615,311,316
2355,294,615,311,316
2356,294,614,311,316
2357,296,613,311,316
2358,296,614,311,316
2359,297,614,311,316
2360,299,613,311,316
2361,300,612,311,316
2362,302,612,311,316
2363,302,612,311,316
2364,302,613,311,316
2365,303,611,311,316
2366,302,611,311,316
2367,302,613,311,316
2368,303,612,311,316
2369,303,611,311,316
2370,304,612,311,316
2371,305,612,311,316
2372,305,612,311,316
2373,305,612,311,316
2374,307,612,311,316
2375,310,612,311,316
2376,309,612,311,316
2377,307,613,311,316
2378,303,613,311,316
2379,304,613,311,316
2380,304,612,311,316
2381,304,613,311,316
2382,306,612,311,316
2383,308,612,311,316
2384,310,611,311,316
2385,312,611,311,316
2386,312,611,311,316
2387,313,611,311,316
2388,315,611,311,316
2389,315,610,311,316
2390,315,610,311,316
2391,315,610,311,316
2392,315,612,311,316
2393,315,612,311,316
2394,315,613,311,316
2395,315,613,311,316
2396,317,615,311,316
2397,316,616,311,316
2398,315,607,311,316
2399,315,614,311,316
2400,313,610,311,316
2401,314,614,311,316
2402,315,615,311,316
2403,315,613,311,316
2404,315,613,311,316
2405,314,614,311,316
2406,316,613,311,316
2407,315,613,311,316
2408,315,613,311,316
2409,315,613,311,316
2410,316,612,311,316
2411,317,612,311,316
2412,317,611,311,316
2413,317,611,311,316
2414,317,611,311,316
2415,317,611,311,316
2416,317,611,311,316
2417,317,611,311,316
2418,317,611,311,316
2419,318,610,311,316
2420,318,610,311,316
2421,317,611,311,316
2422,318,611,311,316
2423,319,611,311,316
2424,320,611,311,316
2425,321,611,311,316
2426,321,611,311,316
2427,321,611,311,316
2428,321,612,311,316
2429,320,612,311,316
2430,319,612,311,316
2431,318,612,311,316
2432,317,613,311,316
2433,317,612,311,316
2434,317,612,311,316
2435,317,612,311,316
2436,318,612,311,316
2437,318,612,311,316
2438,318,612,311,316
2439,318,612,311,316
2440,319,612,311,316
2441,319,613,311,316
2442,319,613,311,316
2443,320,613,311,316
2444,321,613,311,316
2445,321,613,311,316
2446,321,613,311,316
2447,321,613,311,316
2448,321,613,311,316
2449,320,613,311,316
2450,320,613,311,316
2451,320,613,311,316
2452,320,613,311,316
2453,320,612,311,316
2454,319,614,311,316
2455,319,614,311,316
2456,319,613,311,316
2457,318,614,311,316
2458,317,615,311,316
2459,318,614,311,316
2460,319,614,311,316
2461,318,614,311,316
2462,318,614,311,316
2463,319,614,311,316
2464,319,614,311,316
2465,318,615,311,316
2466,318,615,311,316
2467,319,615,311,316
2468,319,616,311,316
2469,318,616,311,316
2470,318,616,311,316
2471,318,615,311,316
2472,318,615,311,316
2473,318,615,311,316
2474,317,615,311,316
2475,317,615,311,316
2476,318,615,311,316
2477,318,615,311,316
2478,317,616,311,316
2479,318,616,311,316
2480,319,616,311,316
2481,319,616,311,316
2482,320,616,311,316
2483,320,616,311,316
2484,320,617,311,316
2485,320,617,311,316
2486,320,616,311,316
2487,319,616,311,316
2488,319,616,311,316
2489,319,616,311,316
2490,318,616,311,316
2491,318,616,311,316
2492,318,617,311,316
2493,318,617,311,316
2494,318,617,311,316
2495,318,617,311,316
2496,318,617,311,316
2497,318,617,311,316
2498,319,617,311,316
2499,319,616,311,316
2500,318,617,311,316
2501,318,616,311,316
2502,319,616,311,316
2503,319,616,311,316
2504,318,617,311,316
2505,318,617,311,316
2506,319,617,311,316
2507,319,617,311,316
2508,319,617,311,316
2509,320,617,311,316
2510,320,617,311,316
2511,320,617,311,316
2512,320,617,311,316
2513,320,617,311,316
2514,320,617,311,316
2515,321,617,311,316
2516,321,617,311,316
2517,320,617,311,316
2518,320,617,311,316
2519,320,617,311,316
2520,319,617,311,316
2521,319,617,311,316
2522,320,617,311,316
2523,320,617,311,316
2524,321,617,311,316
2525,321,617,311,316
2526,322,617,311,316
2527,322,617,311,316
2528,321,617,311,316
2529,320,617,311,316
2530,320,617,311,316
2531,319,617,311,316
2532,318,618,311,316
2533,318,617,311,316
2534,318,617,311,316
2535,318,618,311,316
2536,318,618,311,316
2537,319,618,311,316
2538,320,618,311,316
2539,321,616,311,316
2540,321,616,311,316
2541,320,619,311,316
2542,319,618,311,316
2543,320,617,311,316
2544,319,618,311,316
2545,318,618,311,316
2546,317,620,311,316
2547,318,618,311,316
2548,318,618,311,316
2549,318,618,311,316
2550,318,617,311,316
2551,317,618,311,316
2552,317,618,311,316
2553,317,618,311,316
2554,317,617,311,316
2555,317,618,311,316
2556,318,618,311,316
2557,320,616,311,316
2558,320,616,311,316
2559,318,619,311,316
2560,317,619,311,316
2561,319,619,311,316
2562,318,619,311,316
2563,317,619,311,316
2564,317,619,311,316
2565,318,619,311,316
2566,317,619,311,316
2567,317,619,311,316
2568,317,619,311,316
2569,317,619,311,316
2570,316,619,311,316
2571,317,618,311,316
2572,317,618,311,316
2573,316,619,311,316
2574,317,619,311,316
2575,318,618,311,316
2576,318,618,311,316
2577,317,619,311,316
2578,317,618,311,316
2579,318,618,311,316
2580,318,618,311,316
2581,318,618,311,316
2582,319,617,311,316
2583,319,617,311,316
2584,319,618,311,316
2585,319,618,311,316
2586,319,618,311,316
2587,319,618,311,316
2588,319,618,311,316
2589,320,618,311,316
2590,320,618,311,316
2591,320,619,311,316
2592,320,618,311,316
2593,320,618,311,316
2594,320,618,311,316
2595,320,618,311,316
2596,320,618,311,316
2597,320,618,311,316
2598,320,617,311,316
2599,320,618,311,316
2600,320,618,311,316
2601,321,618,311,316
2602,321,618,311,316
2603,321,618,311,316
2604,320,619,311,316
2605,320,619,311,316
2606,321,618,311,316
2607,321,620,311,316
2608,321,619,311,316
2609,321,618,311,316
2610,320,618,311,316
2611,319,619,311,316
2612,319,618,311,316
2613,319,618,311,316
2614,318,619,311,316
2615,318,619,311,316
2616,318,619,311,316
2617,318,619,311,316
2618,319,619,311,316
2619,319,619,311,316
2620,318,620,311,316
2621,318,620,311,316
2622,319,620,311,316
2623,320,619,311,316
2624,320,620,311,316
2625,321,619,311,316
2626,320,619,311,316
2627,318,619,311,316
2628,317,619,311,316
2629,317,619,311,316
2630,317,618,311,316
2631,317,618,311,316
2632,317,618,311,316
2633,318,618,311,316
2634,318,618,311,316
2635,318,618,311,316
2636,319,618,311,316
2637,320,618,311,316
2638,319,618,311,316
2639,319,618,311,316
2640,320,618,311,316
2641,321,619,311,316
2642,321,618,311,316
2643,321,619,311,316
2644,322,618,311,316
2645,322,618,311,316
2646,322,618,311,316
2647,322,618,311,316
2648,323,619,311,316
2649,323,618,311,316
2650,322,619,311,316
2651,322,619,311,316
2652,322,618,311,316
2653,321,619,311,316
2654,321,620,311,316
2655,321,619,311,316
2656,321,619,311,316
2657,321,619,311,316
2658,321,619,311,316
2659,321,619,311,316
2660,321,619,311,316
2661,321,618,311,316
2662,321,618,311,316
2663,321,618,311,316
2664,321,619,311,316
2665,321,620,311,316
2666,321,619,311,316
2667,321,619,311,316
2668,321,619,311,316
2669,321,619,311,316
2670,321,619,311,316
2671,321,619,311,316
2672,321,619,311,316
2673,321,620,311,316
2674,322,620,311,316
2675,322,620,311,316
2676,322,620,311,316
2677,322,620,311,316
2678,322,620,311,316
2679,322,621,311,316
2680,322,622,311,316
2681,321,621,311,316
2682,321,621,311,316
2683,322,621,311,316
2684,322,621,311,316
2685,322,621,311,316
2686,323,621,311,316
2687,323,621,311,316
2688,323,620,311,316
2689,323,621,311,316
2690,324,620,311,316
2691,323,620,311,316
2692,322,621,311,316
2693,323,621,311,316
2694,323,621,311,316
2695,323,621,311,316
2696,323,622,311,316
2697,323,621,311,316
2698,324,621,311,316
2699,325,622,311,316
2700,324,621,311,316
2701,324,621,311,316
2702,324,621,311,316
2703,324,621,311,316
2704,323,620,311,316
2705,323,620,311,316
2706,323,621,311,316
2707,323,620,311,316
2708,323,620,311,316
2709,323,620,311,316
2710,323,620,311,316
2711,323,620,311,316
2712,323,620,311,316
2713,323,619,311,316
2714,322,620,311,316
2715,322,620,311,316
2716,322,620,311,316
2717,322,620,311,316
2718,322,620,311,316
2719,322,620,311,316
2720,322,621,311,316
2721,322,621,311,316
2722,322,620,311,316
2723,321,620,311,316
2724,321,622,311,316
2725,321,620,311,316
2726,321,620,311,316
2727,321,620,311,316
2728,321,620,311,316
2729,321,620,311,316
2730,322,620,311,316
2731,322,621,311,316
2732,321,621,311,316
2733,321,621,311,316
2734,321,621,311,316
2735,321,621,311,316
2736,321,621,311,316
2737,321,621,311,316
2738,321,621,311,316
2739,321,621,311,316
2740,321,622,311,316
2741,320,622,311,316
2742,321,622,311,316
2743,322,621,311,316
2744,322,621,311,316
2745,322,621,311,316
2746,323,621,311,316
2747,323,620,311,316
2748,322,622,311,316
2749,323,621,311,316
2750,324,621,311,316
2751,324,621,311,316
2752,324,622,311,316
2753,324,621,311,316
2754,324,621,311,316
2755,323,621,311,316
2756,323,621,311,316
2757,323,620,311,316
2758,323,620,311,316
2759,323,621,311,316
2760,323,620,311,316
2761,323,620,311,316
2762,322,620,311,316
2763,322,620,311,316
2764,322,619,311,316
2765,322,620,311,316
2766,322,620,311,316
2767,322,620,311,316
2768,322,620,311,316
2769,322,620,311,316
2770,322,620,311,316
2771,322,620,311,316
2772,322,622,311,316
2773,322,621,311,316
2774,322,621,311,316
2775,322,622,311,316
2776,322,621,311,316
2777,322,621,311,316
2778,323,620,311,316
2779,323,620,311,316
2780,322,621,311,316
2781,322,620,311,316
2782,322,620,311,316
2783,322,621,311,316
2784,321,620,311,316
2785,321,619,311,316
2786,321,619,311,316
2787,323,620,311,316
2788,325,618,311,316
2789,324,618,311,316
2790,322,619,311,316
2791,322,619,311,316
2792,321,618,311,316
2793,320,619,311,316
2794,322,619,311,316
2795,322,619,311,316
2796,321,618,311,316
2797,321,618,311,316
2798,320,618,311,316
2799,320,619,311,316
2800,319,619,311,316
2801,319,619,311,316
2802,320,619,311,316
2803,320,620,311,316
2804,320,620,311,316
2805,320,619,311,316
2806,321,620,311,316
2807,320,620,311,316
2808,319,619,311,316
2809,319,619,311,316
2810,319,619,311,316
2811,319,619,311,316
2812,319,620,311,316
2813,319,620,311,316
2814,320,619,311,316
2815,321,619,311,316
2816,321,619,311,316
2817,321,618,311,316
2818,321,618,311,316
2819,321,619,311,316
2820,321,619,311,316
2821,321,619,311,316
2822,321,619,311,316
2823,321,620,311,316
2824,321,620,311,316
2825,321,619,311,316
2826,321,619,311,316
2827,321,619,311,316
2828,321,619,311,316
2829,322,619,311,316
2830,323,619,311,316
2831,322,618,311,316
2832,322,619,311,316
2833,322,617,311,316
2834,321,617,311,316
2835,321,618,311,316
2836,321,618,311,316
2837,321,618,311,316
2838,321,618,311,316
2839,321,618,311,316
2840,321,618,311,316
2841,321,618,311,316
2842,320,618,311,316
2843,318,618,311,316
2844,317,618,311,316
2845,316,619,311,316
2846,315,619,311,316
2847,315,618,311,316
2848,315,618,311,316
2849,315,618,311,316
2850,315,618,311,316
2851,315,617,311,316
2852,315,617,311,316
2853,315,618,311,316
2854,316,617,311,316
2855,316,617,311,316
2856,316,618,311,316
2857,316,617,311,316
2858,316,617,311,316
2859,316,617,311,316
2860,316,617,311,316
2861,316,617,311,316
2862,316,617,311,316
2863,316,617,311,316
2864,316,617,311,316
2865,317,617,311,316
2866,317,616,311,316
2867,317,617,311,316
2868,317,617,311,316
2869,317,617,311,316
2870,317,619,311,316
2871,317,618,311,316
2872,316,617,311,316
2873,316,618,311,316
2874,316,618,311,316
2875,315,619,311,316
2876,314,619,311,316
2877,314,619,311,316
2878,313,620,311,316
2879,313,621,311,316
2880,312,620,311,316
2881,311,621,311,316
2882,310,622,311,316
2883,311,621,311,316
2884,311,621,311,316
2885,311,621,311,316
2886,311,621,311,316
2887,311,621,311,316
2888,311,621,311,316
2889,311,620,311,316
2890,311,620,311,316
2891,312,620,311,316
2892,314,619,311,316
2893,314,619,311,316
2894,314,620,311,316
2895,315,619,311,316
2896,316,619,311,316
2897,316,620,311,316
2898,316,620,311,316
2899,315,620,311,316
2900,312,621,311,316
2901,312,621,311,316
2902,313,620,311,316
2903,314,620,311,316
2904,315,620,311,316
2905,316,619,311,316
2906,317,619,311,316
2907,317,619,311,316
2908,317,619,311,316
2909,317,619,311,316
2910,317,620,311,316
2911,317,620,311,316
2912,317,618,311,316
2913,316,619,311,316
2914,316,619,311,316
2915,316,618,311,316
2916,316,619,311,316
2917,316,620,311,316
2918,316,619,311,316
2919,316,619,311,316
2920,317,619,311,316
2921,316,618,311,316
2922,315,619,311,316
2923,315,618,311,316
2924,314,618,311,316
2925,313,618,311,316
2926,311,619,311,316
2927,309,620,311,316
2928,309,620,311,316
2929,308,620,311,316
2930,307,621,311,316
2931,308,620,311,316
2932,308,620,311,316
2933,308,621,311,316
2934,309,620,311,316
2935,310,621,311,316
2936,311,621,311,316
2937,312,621,311,316
2938,313,620,311,316
2939,314,620,311,316
2940,314,620,311,316
2941,314,621,311,316
2942,314,622,311,316
2943,313,622,311,316
2944,312,623,311,316
2945,312,623,311,316
2946,311,623,311,316
2947,311,623,311,316
2948,310,623,311,316
2949,310,623,311,316
2950,310,623,311,316
2951,309,623,311,316
2952,308,623,311,316
2953,308,623,311,316
2954,307,622,311,316
2955,306,622,311,316
2956,306,623,311,316
2957,306,622,311,316
2958,306,621,311,316
2959,307,621,311,316
2960,307,621,311,316
2961,307,621,311,316
2962,308,621,311,316
2963,308,621,311,316
2964,308,621,311,316
2965,310,621,311,316
2966,311,620,311,316
2967,312,620,311,316
2968,314,620,311,316
2969,315,620,311,316
2970,315,620,311,316
2971,315,620,311,316
2972,315,620,311,316
2973,315,619,311,316
2974,315,620,311,316
2975,314,620,311,316
2976,314,620,311,316
2977,313,620,311,316
2978,312,620,311,316
2979,310,620,311,316
2980,308,620,311,316
2981,305,621,311,316
2982,303,621,311,316
2983,301,621,311,316
2984,299,622,311,316
2985,297,623,311,316
2986,295,623,311,316
2987,294,623,311,316
2988,294,623,311,316
2989,294,623,311,316
2990,293,623,311,316
2991,292,623,311,316
2992,292,623,311,316
2993,292,623,311,316
2994,292,623,311,316
2995,292,623,311,316
2996,291,623,311,316
2997,291,623,311,316
2998,291,623,311,316
2999,291,623,311,316
3000,291,623,311,316
3001,291,623,311,316
3002,292,623,311,316
3003,293,622,311,316
3004,293,622,311,316
3005,294,622,311,316
3006,295,621,311,316
3007,296,621,311,316
3008,298,621,311,316
3009,300,620,311,316
3010,302,620,311,316
3011,305,620,311,316
3012,307,619,311,316
3013,309,618,311,316
3014,311,618,311,316
3015,313,618,311,316
3016,315,617,311,316
3017,317,616,311,316
3018,318,616,311,316
3019,318,616,311,316
3020,317,616,311,316
3021,316,616,311,316
3022,313,616,311,316
3023,310,616,311,316
3024,307,617,311,316
3025,304,618,311,316
3026,301,618,311,316
3027,300,619,311,316
3028,300,619,311,316
3029,299,619,311,316
3030,298,620,311,316
3031,297,620,311,316
3032,296,621,311,316
3033,296,621,311,316
3034,297,621,311,316
3035,299,621,311,316
3036,301,621,311,316
3037,303,620,311,316
3038,305,619,311,316
3039,306,619,311,316
3040,306,619,311,316
3041,306,619,311,316
3042,306,619,311,316
3043,306,619,311,316
3044,306,619,311,316
3045,305,620,311,316
3046,305,619,311,316
3047,304,618,311,316
3048,301,619,311,316
3049,300,619,311,316
3050,297,620,311,316
3051,294,620,311,316
3052,292,620,311,316
3053,290,621,311,316
3054,288,621,311,316
3055,287,621,311,316
3056,286,621,311,316
3057,286,621,311,316
3058,285,622,311,316
3059,285,622,311,316
3060,285,623,311,316
3061,284,623,311,316
3062,284,623,311,316
3063,284,623,311,316
3064,284,624,311,316
3065,284,624,311,316
3066,285,624,311,316
3067,286,624,311,316
3068,287,624,311,316
3069,289,624,311,316
3070,291,624,311,316
3071,292,624,311,316
3072,293,624,311,316
3073,295,624,311,316
3074,297,624,311,316
3075,299,623,311,316
3076,302,622,311,316
