05-Shape 1
35,177,335,64,142
36,183,337,64,142
37,190,339,64,142
38,194,340,64,142
39,203,342,64,142
40,213,344,64,142
41,223,345,64,142
42,234,347,64,142
43,245,349,64,142
44,256,350,64,142
45,268,351,64,142
46,281,352,64,142
47,295,354,64,142
48,310,356,64,142
49,325,358,64,142
50,341,360,64,142
51,358,361,64,142
52,374,362,64,142
53,389,364,64,142
54,400,365,64,142
55,409,364,64,142
56,412,362,64,142
57,414,361,64,142
58,413,361,64,142
59,405,360,64,142
60,387,359,64,142
61,365,358,64,142
62,341,357,64,142
63,319,357,64,142
64,295,358,64,142
65,270,359,64,142
66,246,361,64,142
67,216,363,64,142
68,190,366,64,142
69,159,368,64,142
70,130,370,64,142
71,100,373,64,142
72,70,376,64,142
73,41,380,64,142
74,12,385,64,142
75,0,393,64,142
76,0,403,64,142
77,0,415,64,142
78,1,429,64,142
79,0,443,64,142
80,0,458,64,142
81,1,473,64,142
82,0,488,64,142
83,0,504,64,142
84,12,522,64,142
85,1,536,64,142
86,0,548,64,142
87,0,557,64,142
88,0,565,64,142
89,0,571,64,142
90,3,573,64,142
91,3,571,64,142
92,0,566,64,142
93,0,562,64,142
94,2,558,64,142
95,0,553,64,142
96,0,548,64,142
97,1,543,64,142
98,0,535,64,142
99,0,529,64,142
100,0,522,64,142
101,41,517,64,142
102,30,510,64,142
103,18,503,64,142
104,8,497,64,142
105,0,491,64,142
106,0,485,64,142
107,0,480,64,142
108,0,478,64,142
109,0,474,64,142
110,0,470,64,142
111,0,468,64,142
112,0,466,64,142
113,0,465,64,142
114,0,465,64,142
115,0,465,64,142
116,0,465,64,142
117,0,464,64,142
118,0,463,64,142
119,0,462,64,142
120,0,461,64,142
121,0,460,64,142
122,0,460,64,142
123,1,460,64,142
124,2,459,64,142
125,2,458,64,142
126,1,458,64,142
127,1,457,64,142
128,0,456,64,142
129,0,455,64,142
130,0,455,64,142
131,0,454,64,142
132,0,454,64,142
133,0,455,64,142
134,0,456,64,142
135,2,457,64,142
136,4,458,64,142
137,6,459,64,142
138,8,460,64,142
139,9,461,64,142
140,10,462,64,142
141,11,464,64,142
142,12,465,64,142
143,12,466,64,142
144,12,466,64,142
145,12,466,64,142
146,11,466,64,142
147,9,467,64,142
148,7,466,64,142
149,5,466,64,142
150,4,465,64,142
151,2,464,64,142
152,1,464,64,142
