01-Light 23
1,140,59,87,90
2,157.5,52.5,87,90
3,168.75,48.75,87,90
4,176.25,45,87,90
5,180,45,87,90
6,168.75,48.75,87,90
7,153.75,56.25,87,90
8,150,60,87,90
9,135,63.75,87,90
10,120,67.5,87,90
11,120,75,87,90
12,123.75,78.75,87,90
13,131.25,67.5,87,90
14,153.75,63.75,87,90
15,176.25,56.25,87,90
16,187.5,48.75,87,90
17,180,45,87,90
18,183.75,41.25,87,90
19,195,45,87,90
20,210,41.25,87,90
21,225,48.75,87,90
22,255,60,87,90
23,273.75,63.75,87,90
24,266.25,67.5,87,90
25,262.5,78.75,87,90
26,273.75,86.25,87,90
27,273.75,90,87,90
28,247.5,90,87,90
29,217.5,82.5,87,90
30,210,71.25,87,90
31,206.25,63.75,87,90
32,198.75,67.5,87,90
33,195,78.75,87,90
34,198.75,86.25,87,90
35,195,86.25,87,90
36,198.75,97.5,87,90
37,202.5,105,87,90
38,195,108.75,87,90
39,217.5,123.75,87,90
40,243.75,138.75,87,90
41,262.5,146.25,87,90
42,270,150,87,90
43,281.25,150,87,90
44,277.5,142.5,87,90
45,266.25,135,87,90
46,258.75,127.5,87,90
47,251.25,131.25,87,90
48,243.75,131.25,87,90
49,228.75,127.5,87,90
50,210,127.5,87,90
51,195,123.75,87,90
52,183.75,120,87,90
53,172.5,120,87,90
54,165,123.75,87,90
55,161.25,131.25,87,90
56,157.5,135,87,90
57,153.75,135,87,90
58,157.5,135,87,90
59,161.25,135,87,90
60,161.25,135,87,90
61,165,135,87,90
62,165,135,87,90
63,165,135,87,90
64,168.75,135,87,90
65,172.5,138.75,87,90
66,176.25,142.5,87,90
67,176.25,146.25,87,90
68,176.25,150,87,90
69,180,153.75,87,90
70,183.75,161.25,87,90
71,183.75,165,87,90
72,183.75,165,87,90
73,180,165,87,90
74,176.25,165,87,90
75,176.25,168.75,87,90
76,183.75,176.25,87,90
77,187.5,183.75,87,90
78,187.5,187.5,87,90
79,183.75,191.25,87,90
80,176.25,191.25,87,90
81,168.75,187.5,87,90
82,168.75,187.5,87,90
83,168.75,191.25,87,90
84,165,195,87,90
85,161.25,198.75,87,90
86,157.5,202.5,87,90
87,150,210,87,90
88,146.25,217.5,87,90
89,142.5,225,87,90
90,138.75,232.5,87,90
91,138.75,236.25,87,90
92,135,236.25,87,90
93,135,236.25,87,90
94,138.75,236.25,87,90
95,138.75,236.25,87,90
96,138.75,236.25,87,90
97,135,232.5,87,90
98,138.75,228.75,87,90
99,146.25,221.25,87,90
100,150,210,87,90
101,150,202.5,87,90
102,146.25,198.75,87,90
103,142.5,191.25,87,90
104,138.75,191.25,87,90
105,131.25,195,87,90
106,123.75,202.5,87,90
107,120,206.25,87,90
108,116.25,206.25,87,90
109,108.75,206.25,87,90
110,105,206.25,87,90
111,108.75,202.5,87,90
112,108.75,202.5,87,90
113,112.5,198.75,87,90
114,123.75,187.5,87,90
115,127.5,176.25,87,90
116,127.5,161.25,87,90
117,131.25,153.75,87,90
118,142.5,146.25,87,90
119,150,142.5,87,90
120,157.5,138.75,87,90
121,168.75,131.25,87,90
122,172.5,127.5,87,90
123,172.5,127.5,87,90
124,176.25,127.5,87,90
125,183.75,127.5,87,90
126,191.25,127.5,87,90
127,195,127.5,87,90
128,198.75,123.75,87,90
129,202.5,123.75,87,90
130,202.5,123.75,87,90
131,198.75,123.75,87,90
132,195,127.5,87,90
133,191.25,131.25,87,90
134,191.25,138.75,87,90
135,191.25,146.25,87,90
136,191.25,150,87,90
137,191.25,150,87,90
138,191.25,150,87,90
139,191.25,150,87,90
140,191.25,150,87,90
141,195,146.25,87,90
142,198.75,142.5,87,90
143,198.75,138.75,87,90
144,198.75,135,87,90
145,198.75,131.25,87,90
146,198.75,131.25,87,90
147,198.75,131.25,87,90
148,198.75,131.25,87,90
149,198.75,131.25,87,90
150,198.75,135,87,90
151,198.75,138.75,87,90
152,198.75,142.5,87,90
153,198.75,146.25,87,90
154,198.75,146.25,87,90
155,202.5,146.25,87,90
156,206.25,146.25,87,90
157,210,146.25,87,90
158,213.75,142.5,87,90
159,217.5,138.75,87,90
160,225,135,87,90
161,236.25,131.25,87,90
162,243.75,131.25,87,90
163,243.75,135,87,90
164,236.25,138.75,87,90
165,232.5,142.5,87,90
166,236.25,142.5,87,90
167,240,138.75,87,90
168,240,135,87,90
169,240,135,87,90
170,240,135,87,90
171,240,135,87,90
172,240,135,87,90
173,240,135,87,90
174,240,135,87,90
175,240,135,87,90
176,240,135,87,90
177,240,135,87,90
178,240,138.75,87,90
179,240,142.5,87,90
180,236.25,142.5,87,90
181,232.5,142.5,87,90
182,232.5,146.25,87,90
183,232.5,150,87,90
184,232.5,150,87,90
185,232.5,150,87,90
186,232.5,150,87,90
187,232.5,150,87,90
188,232.5,150,87,90
189,232.5,146.25,87,90
190,236.25,146.25,87,90
191,236.25,142.5,87,90
192,236.25,138.75,87,90
193,240,138.75,87,90
194,243.75,138.75,87,90
195,247.5,138.75,87,90
196,247.5,138.75,87,90
197,251.25,138.75,87,90
198,251.25,138.75,87,90
199,255,142.5,87,90
200,255,146.25,87,90
201,255,150,87,90
