01-Light 4
1,546,130,76,92
2,549,129,76,92
3,552,126,76,92
4,555,120,76,92
5,558,113,76,92
6,561,105,76,92
7,565,96,76,92
8,570,87,76,92
9,575,78,76,92
10,581,69,76,92
11,588,62,76,92
12,594,59,76,92
13,600,56,76,92
14,606,54,76,92
15,612,53,76,92
16,617,53,76,92
17,621,53,76,92
18,624,52,76,92
19,626,51,76,92
20,627,49,76,92
21,629,47,76,92
22,630,45,76,92
23,630,43,76,92
24,630,42,76,92
25,630,42,76,92
26,630,45,76,92
27,630,50,76,92
28,630,54,76,92
29,629,59,76,92
30,628,64,76,92
31,627,69,76,92
32,626,73,76,92
33,624,77,76,92
34,622,80,76,92
35,620,84,76,92
36,619,87,76,92
37,617,90,76,92
38,615,93,76,92
39,613,96,76,92
40,611,100,76,92
41,609,105,76,92
42,607,109,76,92
43,605,113,76,92
44,604,116,76,92
45,602,120,76,92
46,601,123,76,92
47,599,125,76,92
48,597,127,76,92
49,595,128,76,92
50,594,128,76,92
51,593,128,76,92
52,593,129,76,92
53,592,129,76,92
54,592,129,76,92
55,592,131,76,92
56,592,132,76,92
57,592,132,76,92
58,592,132,76,92
59,592,132,76,92
60,592,132,76,92
61,593,131,76,92
62,594,130,76,92
63,595,127,76,92
64,596,122,76,92
65,598,117,76,92
66,600,114,76,92
67,602,111,76,92
68,605,109,76,92
69,608,107,76,92
70,611,105,76,92
71,613,101,76,92
72,616,99,76,92
73,621,96,76,92
74,625,94,76,92
75,630,92,76,92
76,636,89,76,92
77,642,87,76,92
78,647,84,76,92
79,653,83,76,92
80,659,84,76,92
81,665,89,76,92
82,671,96,76,92
83,678,104,76,92
84,683,114,76,92
85,688,122,76,92
86,697,119,76,92
87,707,116,76,92
88,716,114,76,92
89,725,111,76,92
90,734,108,76,92
91,742,105,76,92
92,749,102,76,92
93,756,99,76,92
94,762,97,76,92
95,768,95,76,92
96,774,93,76,92
97,780,91,76,92
98,785,89,76,92
99,790,87,76,92
100,795,86,76,92
101,799,84,76,92
102,803,84,76,92
103,807,84,76,92
104,811,84,76,92
105,815,84,76,92
106,819,83,76,92
107,823,83,76,92
108,827,82,76,92
109,830,82,76,92
110,832,83,76,92
111,834,85,76,92
112,835,86,76,92
113,836,87,76,92
114,837,70,76,92
115,837,73,76,92
116,836,76,76,92
117,835,79,76,92
118,834,82,76,92
119,832,85,76,92
120,830,88,76,92
