01-Light 10
50,71,245,44,101
51,72,245,44,101
52,74,246,44,101
53,75,246,44,101
54,77,246,44,101
55,79,246,44,101
56,81,247,44,101
57,83,248,44,101
58,88,250,44,101
59,91,250,44,101
60,94,250,44,101
61,97,252,44,101
62,105,256,44,101
63,109,256,44,101
64,112,255,44,101
65,115,256,44,101
66,122,263,44,101
67,126,265,44,101
68,133,266,44,101
69,137,268,44,101
70,142,271,44,101
71,148,274,44,101
72,153,274,44,101
73,157,274,44,101
74,164,278,44,101
75,168,282,44,101
76,172,285,44,101
77,176,285,44,101
78,180,285,44,101
79,185,286,44,101
80,190,289,44,101
81,195,293,44,101
82,201,295,44,101
83,206,295,44,101
84,210,295,44,101
85,218,300,44,101
86,222,304,44,101
87,226,306,44,101
88,230,307,44,101
89,239,309,44,101
90,244,312,44,101
91,250,315,44,101
92,256,317,44,101
93,261,318,44,101
94,269,322,44,101
95,274,327,44,101
96,279,331,44,101
97,283,332,44,101
98,287,332,44,101
99,291,332,44,101
100,295,334,44,101
101,306,341,44,101
102,312,342,44,101
103,322,343,44,101
104,327,346,44,101
105,333,350,44,101
106,339,355,44,101
107,346,357,44,101
108,353,357,44,101
109,369,361,44,101
110,378,366,44,101
111,397,370,44,101
112,403,371,44,101
113,410,375,44,101
114,502,356,44,101
115,504,356,44,101
116,507,357,44,101
117,512,359,44,101
118,520,358,44,101
119,525,358,44,101
120,539,363,44,101
121,546,363,44,101
122,553,363,44,101
123,559,364,44,101
124,571,369,44,101
125,577,370,44,101
126,584,372,44,101
127,590,372,44,101
128,596,373,44,101
129,602,374,44,101
130,609,377,44,101
