01-Light 16
8,147,71,60,84
9,144,69,60,84
10,143,65,60,84
11,142,61,60,84
12,141,58,60,84
13,141,58,60,84
14,138,58,60,84
15,132,58,60,84
16,125,60,60,84
17,118,62,60,84
18,114,61,60,84
19,114,60,60,84
20,114,57,60,84
21,116,57,60,84
22,119,59,60,84
23,123,62,60,84
24,127,66,60,84
25,128,69,60,84
26,128,70,60,84
27,129,70,60,84
28,129,71,60,84
29,130,71,60,84
30,130,69,60,84
31,132,65,60,84
32,135,60,60,84
33,140,55,60,84
34,145,51,60,84
35,149,50,60,84
36,153,50,60,84
37,157,50,60,84
38,159,52,60,84
39,160,54,60,84
40,159,55,60,84
41,157,53,60,84
42,155,50,60,84
43,151,48,60,84
44,148,47,60,84
45,145,49,60,84
46,138,53,60,84
47,132,58,60,84
48,128,60,60,84
49,124,60,60,84
50,122,62,60,84
51,121,63,60,84
52,120,63,60,84
53,120,60,60,84
54,121,54,60,84
55,123,49,60,84
56,126,48,60,84
57,130,49,60,84
58,132,52,60,84
59,134,58,60,84
60,138,62,60,84
61,147,58,60,84
62,149,61,60,84
63,153,58,60,84
64,158,53,60,84
65,161,48,60,84
66,166,43,60,84
67,166,41,60,84
68,168,41,60,84
69,168,46,60,84
70,164,51,60,84
71,162,51,60,84
72,160,53,60,84
73,160,53,60,84
74,157,53,60,84
75,157,49,60,84
76,157,46,60,84
77,157,46,60,84
78,157,48,60,84
79,155,52,60,84
80,154,52,60,84
81,154,52,60,84
82,154,53,60,84
83,154,54,60,84
84,151,55,60,84
85,147,52,60,84
86,142,49,60,84
87,141,46,60,84
88,142,45,60,84
89,140,50,60,84
90,139,55,60,84
91,141,58,60,84
92,143,62,60,84
93,146,65,60,84
94,149,65,60,84
95,151,59,60,84
96,155,50,60,84
97,159,44,60,84
98,164,41,60,84
99,167,39,60,84
100,167,42,60,84
101,168,45,60,84
102,170,46,60,84
103,172,46,60,84
104,173,46,60,84
105,173,45,60,84
106,172,44,60,84
107,172,43,60,84
108,170,42,60,84
109,168,40,60,84
110,167,41,60,84
111,163,46,60,84
112,160,49,60,84
113,157,49,60,84
114,154,52,60,84
115,149,55,60,84
116,145,53,60,84
117,145,49,60,84
118,146,46,60,84
119,147,45,60,84
120,147,45,60,84
121,147,45,60,84
122,147,45,60,84
123,148,47,60,84
124,150,50,60,84
125,152,51,60,84
126,154,50,60,84
127,157,47,60,84
128,159,44,60,84
129,162,41,60,84
130,166,39,60,84
131,171,37,60,84
132,175,37,60,84
133,177,37,60,84
134,178,39,60,84
135,179,40,60,84
136,179,40,60,84
137,179,39,60,84
138,177,38,60,84
139,175,36,60,84
140,174,34,60,84
141,175,30,60,84
142,177,28,60,84
143,176,27,60,84
144,174,27,60,84
145,170,27,60,84
146,168,29,60,84
147,164,31,60,84
148,161,33,60,84
149,157,33,60,84
150,156,32,60,84
151,154,28,60,84
152,152,23,60,84
153,149,20,60,84
154,148,18,60,84
155,145,18,60,84
156,146,19,60,84
157,146,21,60,84
158,146,26,60,84
159,146,31,60,84
160,147,33,60,84
161,148,32,60,84
162,150,30,60,84
163,150,26,60,84
164,150,22,60,84
165,152,18,60,84
166,152,15,60,84
167,152,14,60,84
168,150,15,60,84
169,148,17,60,84
170,146,20,60,84
171,145,24,60,84
172,144,28,60,84
173,144,31,60,84
174,145,33,60,84
175,144,31,60,84
176,145,27,60,84
177,145,23,60,84
178,144,19,60,84
179,143,16,60,84
180,143,14,60,84
181,142,14,60,84
182,143,17,60,84
183,145,20,60,84
184,147,21,60,84
185,147,23,60,84
186,146,26,60,84
187,143,28,60,84
188,140,30,60,84
189,136,30,60,84
190,132,28,60,84
191,131,26,60,84
192,128,24,60,84
193,125,23,60,84
194,122,23,60,84
195,122,23,60,84
196,123,24,60,84
197,124,24,60,84
198,128,23,60,84
199,131,18,60,84
200,135,14,60,84
201,136,11,60,84
202,137,6,60,84
203,143,8,60,84
204,149,12,60,84
205,151,16,60,84
206,156,18,60,84
207,160,20,60,84
208,162,20,60,84
209,165,21,60,84
210,166,22,60,84
211,168,25,60,84
212,170,28,60,84
213,171,30,60,84
214,172,31,60,84
215,172,32,60,84
216,172,33,60,84
217,170,32,60,84
218,165,30,60,84
219,162,32,60,84
220,158,32,60,84
221,154,32,60,84
222,148,31,60,84
223,146,30,60,84
224,144,30,60,84
225,142,29,60,84
226,143,30,60,84
227,145,34,60,84
228,147,37,60,84
229,152,39,60,84
230,157,40,60,84
231,162,40,60,84
232,168,40,60,84
233,173,39,60,84
234,177,39,60,84
235,180,38,60,84
236,183,37,60,84
237,185,37,60,84
238,185,39,60,84
239,182,41,60,84
240,181,44,60,84
241,179,46,60,84
242,178,47,60,84
243,178,47,60,84
244,178,47,60,84
245,178,46,60,84
246,179,45,60,84
247,182,44,60,84
248,184,44,60,84
249,185,44,60,84
250,188,46,60,84
251,188,48,60,84
252,189,49,60,84
253,189,49,60,84
254,188,49,60,84
255,184,46,60,84
256,181,41,60,84
257,179,38,60,84
258,177,35,60,84
259,176,32,60,84
260,174,29,60,84
261,174,27,60,84
262,174,27,60,84
263,174,31,60,84
264,173,38,60,84
265,173,44,60,84
266,175,47,60,84
267,177,46,60,84
268,179,42,60,84
269,182,36,60,84
270,183,31,60,84
271,185,28,60,84
272,185,26,60,84
273,184,24,60,84
274,182,23,60,84
275,181,26,60,84
276,180,29,60,84
277,180,32,60,84
278,180,33,60,84
279,176,33,60,84
280,170,31,60,84
281,164,29,60,84
282,159,27,60,84
283,154,22,60,84
284,145,18,60,84
285,140,17,60,84
286,136,17,60,84
287,135,19,60,84
288,133,23,60,84
289,133,29,60,84
290,132,34,60,84
291,132,36,60,84
292,135,35,60,84
293,141,36,60,84
294,146,36,60,84
295,152,34,60,84
296,160,32,60,84
297,161,31,60,84
298,160,30,60,84
299,156,29,60,84
300,152,30,60,84
301,147,31,60,84
302,141,33,60,84
303,134,34,60,84
304,127,33,60,84
305,121,30,60,84
306,115,25,60,84
307,109,20,60,84
308,104,17,60,84
309,103,16,60,84
310,102,17,60,84
311,101,23,60,84
312,99,30,60,84
313,97,35,60,84
314,94,39,60,84
315,88,41,60,84
316,82,40,60,84
317,76,38,60,84
318,70,34,60,84
319,70,30,60,84
320,70,26,60,84
321,72,26,60,84
322,77,26,60,84
323,82,30,60,84
324,84,34,60,84
325,85,37,60,84
326,90,39,60,84
327,94,41,60,84
328,99,42,60,84
329,104,39,60,84
330,109,34,60,84
331,114,26,60,84
332,123,19,60,84
333,132,15,60,84
334,140,16,60,84
335,145,21,60,84
336,146,24,60,84
337,149,26,60,84
338,151,27,60,84
339,153,29,60,84
340,153,29,60,84
341,152,27,60,84
342,154,25,60,84
343,154,23,60,84
344,153,20,60,84
345,154,20,60,84
346,153,22,60,84
347,153,23,60,84
348,153,25,60,84
349,153,26,60,84
350,154,27,60,84
351,154,27,60,84
352,156,26,60,84
353,158,22,60,84
354,161,17,60,84
355,166,14,60,84
356,169,14,60,84
357,171,20,60,84
358,170,28,60,84
359,168,34,60,84
360,168,39,60,84
361,167,41,60,84
362,163,37,60,84
363,162,31,60,84
364,166,26,60,84
365,171,23,60,84
366,175,25,60,84
367,175,28,60,84
368,174,33,60,84
369,169,36,60,84
370,162,38,60,84
371,156,38,60,84
372,150,38,60,84
373,142,34,60,84
374,137,30,60,84
375,135,24,60,84
376,138,22,60,84
377,139,24,60,84
378,139,26,60,84
379,139,29,60,84
380,139,31,60,84
381,138,32,60,84
382,135,33,60,84
383,132,33,60,84
384,130,30,60,84
385,133,26,60,84
386,136,24,60,84
387,140,23,60,84
388,149,27,60,84
389,153,30,60,84
390,159,30,60,84
391,167,27,60,84
392,171,25,60,84
393,175,23,60,84
394,177,22,60,84
395,178,21,60,84
396,178,17,60,84
397,179,14,60,84
398,179,12,60,84
399,177,12,60,84
400,176,14,60,84
401,178,21,60,84
402,175,28,60,84
403,171,32,60,84
