01-Light 31
59,471,343,84,69
60,470,341,84,69
61,469,341,84,69
62,467,340,84,69
63,465,335,84,69
64,464,339,84,69
65,462,337,84,69
66,461,334,84,69
67,460,336,84,69
68,458,337,84,69
69,456,337,84,69
70,454,335,84,69
71,452,341,84,69
72,449,339,84,69
73,447,336,84,69
74,445,340,84,69
75,444,337,84,69
76,442,333,84,69
77,440,332,84,69
78,438,336,84,69
79,435,331,84,69
80,432,332,84,69
81,431,337,84,69
82,429,332,84,69
83,427,330,84,69
84,425,334,84,69
85,424,330,84,69
86,422,328,84,69
87,420,329,84,69
88,418,329,84,69
89,416,327,84,69
90,413,327,84,69
91,409,329,84,69
92,407,328,84,69
93,404,328,84,69
94,401,328,84,69
95,398,327,84,69
96,395,326,84,69
97,391,328,84,69
98,388,328,84,69
99,385,326,84,69
100,382,328,84,69
101,378,325,84,69
102,375,327,84,69
103,371,329,84,69
104,367,325,84,69
105,363,327,84,69
106,359,329,84,69
107,353,326,84,69
108,348,325,84,69
109,343,329,84,69
110,337,325,84,69
111,332,324,84,69
112,326,327,84,69
113,320,326,84,69
114,313,327,84,69
115,306,327,84,69
116,299,331,84,69
117,291,330,84,69
