01-Light 11
4,338,97,40,113
5,338,97,40,113
6,338,97,40,113
7,338,97,40,113
8,338,97,40,113
9,338,97,40,113
10,338,97,40,113
11,337,97,40,113
12,337,97,40,113
13,337,98,40,113
14,336,98,40,113
15,335,98,40,113
16,334,98,40,113
17,333,98,40,113
18,332,98,40,113
19,331,98,40,113
20,330,98,40,113
21,329,98,40,113
22,329,98,40,113
23,328,98,40,113
24,328,98,40,113
25,327,98,40,113
26,326,98,40,113
27,325,99,40,113
28,324,99,40,113
29,323,99,40,113
30,322,99,40,113
31,321,99,40,113
32,320,99,40,113
33,319,100,40,113
34,318,100,40,113
35,317,101,40,113
36,317,102,40,113
37,316,103,40,113
38,315,103,40,113
39,315,103,40,113
40,315,103,40,113
41,315,103,40,113
42,315,103,40,113
43,315,103,40,113
44,315,103,40,113
45,315,103,40,113
46,315,103,40,113
47,315,103,40,113
48,315,103,40,113
49,315,103,40,113
50,315,104,40,113
51,315,105,40,113
52,315,106,40,113
53,315,107,40,113
54,315,108,40,113
55,315,109,40,113
56,314,110,40,113
57,314,110,40,113
58,313,110,40,113
59,312,110,40,113
60,312,110,40,113
61,311,110,40,113
62,311,110,40,113
63,311,110,40,113
64,311,110,40,113
65,311,110,40,113
66,311,110,40,113
67,311,110,40,113
68,311,111,40,113
69,311,112,40,113
70,311,113,40,113
71,311,114,40,113
72,311,115,40,113
73,311,115,40,113
74,311,115,40,113
75,311,115,40,113
76,311,115,40,113
77,311,115,40,113
78,311,115,40,113
79,311,115,40,113
80,311,115,40,113
81,311,115,40,113
82,311,116,40,113
83,311,117,40,113
84,311,118,40,113
85,311,119,40,113
86,311,120,40,113
87,311,121,40,113
88,311,122,40,113
89,311,123,40,113
90,311,123,40,113
91,311,123,40,113
92,311,123,40,113
93,311,123,40,113
94,311,123,40,113
95,311,123,40,113
96,311,123,40,113
97,311,123,40,113
98,311,124,40,113
99,311,125,40,113
100,311,126,40,113
101,311,127,40,113
102,311,128,40,113
103,311,129,40,113
104,311,130,40,113
105,311,130,40,113
106,311,130,40,113
107,311,130,40,113
108,311,130,40,113
109,311,130,40,113
110,311,130,40,113
111,311,130,40,113
112,311,130,40,113
113,311,131,40,113
114,311,132,40,113
115,310,133,40,113
116,309,134,40,113
117,308,135,40,113
118,307,136,40,113
119,306,137,40,113
120,306,137,40,113
121,305,137,40,113
122,304,137,40,113
123,304,137,40,113
124,303,137,40,113
125,302,137,40,113
126,301,137,40,113
127,300,137,40,113
128,299,138,40,113
129,298,139,40,113
130,297,140,40,113
131,297,141,40,113
132,297,142,40,113
133,297,143,40,113
134,297,144,40,113
135,297,144,40,113
136,297,144,40,113
137,297,144,40,113
138,297,144,40,113
139,297,144,40,113
140,297,144,40,113
141,296,145,40,113
142,296,146,40,113
143,295,147,40,113
144,294,148,40,113
145,293,149,40,113
146,292,150,40,113
147,291,151,40,113
148,290,151,40,113
149,289,151,40,113
150,288,151,40,113
151,287,151,40,113
152,286,151,40,113
153,285,151,40,113
154,284,151,40,113
155,284,152,40,113
156,284,153,40,113
157,284,154,40,113
158,284,155,40,113
159,284,156,40,113
160,284,157,40,113
161,284,158,40,113
162,284,159,40,113
163,284,159,40,113
164,284,159,40,113
165,284,159,40,113
166,284,159,40,113
167,284,159,40,113
168,284,159,40,113
169,284,159,40,113
170,284,159,40,113
171,284,160,40,113
172,284,161,40,113
173,284,162,40,113
174,284,163,40,113
175,284,165,40,113
176,284,166,40,113
177,284,167,40,113
178,283,168,40,113
179,282,168,40,113
180,281,168,40,113
181,280,168,40,113
182,279,168,40,113
183,279,168,40,113
184,278,168,40,113
185,278,168,40,113
186,278,168,40,113
187,278,168,40,113
188,278,169,40,113
189,278,171,40,113
