01-Light 20
1,151,117,62,81
2,153,117,62,81
3,156,115,62,81
4,158,112,62,81
5,160,110,62,81
6,162,109,62,81
7,164,110,62,81
8,166,113,62,81
9,168,118,62,81
10,169,123,62,81
11,170,128,62,81
12,171,132,62,81
13,171,133,62,81
14,171,131,62,81
15,170,127,62,81
16,168,123,62,81
17,165,119,62,81
18,163,116,62,81
19,160,115,62,81
20,157,116,62,81
21,154,119,62,81
22,151,123,62,81
23,148,129,62,81
24,146,135,62,81
25,145,139,62,81
26,146,143,62,81
27,146,145,62,81
28,147,145,62,81
29,147,144,62,81
30,147,142,62,81
31,146,135,62,81
32,143,130,62,81
33,141,127,62,81
34,138,125,62,81
35,134,125,62,81
36,130,127,62,81
37,125,131,62,81
38,120,136,62,81
39,115,141,62,81
40,110,142,62,81
41,106,142,62,81
42,103,142,62,81
43,100,142,62,81
44,98,141,62,81
45,96,140,62,81
46,95,138,62,81
47,94,136,62,81
48,95,134,62,81
49,97,133,62,81
50,96,132,62,81
51,96,131,62,81
52,98,130,62,81
53,101,130,62,81
54,104,130,62,81
55,107,130,62,81
56,109,130,62,81
57,113,130,62,81
58,113,130,62,81
59,113,130,62,81
60,115,130,62,81
61,122,129,62,81
62,124,126,62,81
63,125,120,62,81
64,125,117,62,81
65,125,117,62,81
66,126,118,62,81
67,126,120,62,81
68,126,124,62,81
69,126,130,62,81
70,126,135,62,81
71,127,138,62,81
72,129,138,62,81
73,131,135,62,81
74,133,128,62,81
75,136,120,62,81
76,138,114,62,81
77,138,111,62,81
78,137,113,62,81
79,135,117,62,81
80,138,117,62,81
81,135,123,62,81
82,129,134,62,81
83,130,138,62,81
84,130,140,62,81
85,131,140,62,81
86,131,138,62,81
87,130,134,62,81
88,128,127,62,81
89,127,122,62,81
90,127,114,62,81
91,129,106,62,81
92,131,101,62,81
93,133,99,62,81
94,136,100,62,81
95,138,104,62,81
96,140,111,62,81
97,143,119,62,81
98,146,126,62,81
99,148,130,62,81
100,148,130,62,81
101,147,124,62,81
102,145,114,62,81
103,144,103,62,81
104,142,93,62,81
105,140,84,62,81
106,138,78,62,81
107,138,76,62,81
108,135,79,62,81
109,133,86,62,81
110,132,93,62,81
111,132,99,62,81
112,133,105,62,81
113,134,109,62,81
114,135,111,62,81
115,136,110,62,81
116,137,106,62,81
117,138,100,62,81
118,138,92,62,81
119,140,85,62,81
120,143,79,62,81
121,146,77,62,81
122,147,78,62,81
123,148,84,62,81
124,146,92,62,81
125,141,97,62,81
126,135,102,62,81
127,128,105,62,81
128,122,105,62,81
129,117,102,62,81
130,114,95,62,81
131,111,88,62,81
132,110,80,62,81
133,108,74,62,81
