01-Light 15
4,150,83,21,39
5,150,84,21,39
6,150,86,21,39
7,151,88,21,39
8,152,90,21,39
9,153,92,21,39
10,154,93,21,39
11,155,94,21,39
12,156,94,21,39
13,157,94,21,39
14,157,94,21,39
15,157,94,21,39
16,157,94,21,39
17,156,94,21,39
18,155,94,21,39
19,154,95,21,39
20,153,95,21,39
21,152,95,21,39
22,151,95,21,39
23,150,95,21,39
24,149,95,21,39
25,147,95,21,39
26,145,95,21,39
27,143,95,21,39
28,143,96,21,39
29,144,97,21,39
30,147,98,21,39
31,151,99,21,39
32,155,101,21,39
33,159,103,21,39
34,163,105,21,39
35,167,107,21,39
36,170,110,21,39
37,171,113,21,39
38,169,116,21,39
39,165,118,21,39
40,160,119,21,39
41,160,119,21,39
42,155,118,21,39
43,150,117,21,39
44,144,115,21,39
45,139,112,21,39
46,134,108,21,39
47,131,104,21,39
48,130,100,21,39
49,131,96,21,39
50,134,93,21,39
51,139,91,21,39
52,145,90,21,39
53,151,90,21,39
54,157,90,21,39
55,163,90,21,39
56,169,90,21,39
57,175,90,21,39
58,181,89,21,39
59,187,88,21,39
60,194,88,21,39
61,200,88,21,39
62,204,90,21,39
63,208,93,21,39
64,214,96,21,39
65,219,99,21,39
66,221,102,21,39
67,220,105,21,39
68,216,107,21,39
69,209,108,21,39
70,201,108,21,39
71,193,107,21,39
72,186,106,21,39
73,179,106,21,39
74,173,106,21,39
75,168,105,21,39
76,163,104,21,39
77,158,102,21,39
78,154,100,21,39
79,150,98,21,39
80,147,96,21,39
81,144,95,21,39
82,142,94,21,39
83,140,94,21,39
84,138,94,21,39
85,136,94,21,39
86,135,94,21,39
87,134,94,21,39
88,132,94,21,39
89,131,94,21,39
90,130,93,21,39
91,129,92,21,39
92,128,92,21,39
93,126,91,21,39
94,124,90,21,39
95,123,89,21,39
96,122,88,21,39
97,121,87,21,39
98,120,87,21,39
99,119,87,21,39
100,119,87,21,39
101,119,87,21,39
102,119,87,21,39
103,118,87,21,39
104,117,87,21,39
105,116,87,21,39
106,115,87,21,39
107,115,87,21,39
108,116,87,21,39
109,118,87,21,39
110,120,87,21,39
111,122,87,21,39
112,124,87,21,39
113,126,87,21,39
114,128,87,21,39
115,130,87,21,39
116,132,87,21,39
117,134,87,21,39
118,136,87,21,39
119,137,86,21,39
120,138,85,21,39
121,139,85,21,39
122,140,85,21,39
123,141,84,21,39
124,142,83,21,39
125,142,82,21,39
126,142,81,21,39
127,142,80,21,39
128,142,79,21,39
129,142,78,21,39
130,142,77,21,39
131,142,76,21,39
132,141,74,21,39
133,141,72,21,39
134,141,70,21,39
135,141,68,21,39
136,142,67,21,39
137,143,66,21,39
138,143,66,21,39
139,144,66,21,39
140,145,66,21,39
141,146,66,21,39
142,147,66,21,39
143,148,66,21,39
144,148,66,21,39
145,148,66,21,39
146,148,66,21,39
147,147,66,21,39
148,146,66,21,39
149,145,66,21,39
150,143,67,21,39
151,141,67,21,39
152,140,68,21,39
153,139,69,21,39
154,138,70,21,39
155,137,71,21,39
156,136,72,21,39
157,135,73,21,39
158,135,74,21,39
159,136,76,21,39
160,138,78,21,39
161,140,80,21,39
162,143,83,21,39
163,146,86,21,39
164,150,89,21,39
165,155,92,21,39
166,160,95,21,39
167,165,97,21,39
168,170,98,21,39
169,175,97,21,39
170,179,95,21,39
171,182,91,21,39
172,183,86,21,39
173,183,81,21,39
174,181,76,21,39
175,177,71,21,39
176,171,67,21,39
177,164,65,21,39
178,156,65,21,39
179,148,67,21,39
180,142,72,21,39
181,137,78,21,39
182,133,85,21,39
183,131,91,21,39
184,131,96,21,39
185,132,100,21,39
186,134,104,21,39
187,138,108,21,39
188,142,111,21,39
189,147,114,21,39
190,152,115,21,39
191,158,115,21,39
192,164,114,21,39
193,170,112,21,39
194,176,109,21,39
195,180,106,21,39
196,181,102,21,39
197,179,98,21,39
198,175,94,21,39
199,170,91,21,39
200,164,88,21,39
201,158,86,21,39
202,152,84,21,39
203,146,83,21,39
204,139,81,21,39
205,133,80,21,39
206,127,80,21,39
207,122,81,21,39
208,117,82,21,39
209,113,82,21,39
210,110,82,21,39
211,107,82,21,39
212,105,83,21,39
213,104,84,21,39
214,105,85,21,39
215,107,87,21,39
216,111,89,21,39
217,118,92,21,39
218,125,95,21,39
219,133,98,21,39
220,141,100,21,39
221,148,101,21,39
222,154,100,21,39
223,159,98,21,39
224,162,95,21,39
225,163,91,21,39
226,162,88,21,39
227,160,86,21,39
228,157,85,21,39
229,154,84,21,39
230,151,84,21,39
231,149,84,21,39
232,147,84,21,39
233,146,84,21,39
234,147,84,21,39
235,149,84,21,39
236,152,84,21,39
237,155,84,21,39
238,158,83,21,39
239,161,82,21,39
240,163,80,21,39
241,165,78,21,39
242,166,75,21,39
243,166,72,21,39
244,166,69,21,39
245,166,67,21,39
246,166,66,21,39
247,166,66,21,39
248,167,68,21,39
249,168,71,21,39
250,168,76,21,39
251,167,81,21,39
252,165,87,21,39
253,163,93,21,39
254,162,100,21,39
255,162,108,21,39
256,163,115,21,39
257,164,121,21,39
258,164,121,21,39
259,164,121,21,39
260,164,122,21,39
261,164,122,21,39
262,164,122,21,39
263,164,122,21,39
264,164,122,21,39
265,164,122,21,39
266,164,119,21,39
267,163,115,21,39
268,162,110,21,39
269,163,105,21,39
270,164,100,21,39
271,165,96,21,39
272,167,92,21,39
273,171,88,21,39
274,176,85,21,39
275,182,82,21,39
276,188,80,21,39
277,195,78,21,39
278,201,78,21,39
279,208,77,21,39
280,213,75,21,39
281,215,72,21,39
282,215,69,21,39
283,212,65,21,39
284,208,62,21,39
285,203,59,21,39
286,197,55,21,39
287,192,50,21,39
288,192,45,21,39
289,191,41,21,39
