02-SurfaceCover 14
1,222,42,273,417
2,445,43,273,417
3,440,44,273,417
4,439,44,273,417
5,439,44,273,417
6,438,44,273,417
7,438,44,273,417
8,439,44,273,417
9,439,44,273,417
10,439,44,273,417
11,439,44,273,417
12,431,0,273,417
13,431,3,273,417
14,431,3,273,417
15,431,3,273,417
16,431,3,273,417
17,431,4,273,417
18,431,4,273,417
19,431,5,273,417
20,431,5,273,417
21,431,5,273,417
22,434,0,273,417
23,434,0,273,417
24,434,1,273,417
25,434,1,273,417
26,434,2,273,417
27,434,2,273,417
28,434,2,273,417
29,434,2,273,417
30,434,2,273,417
31,434,3,273,417
32,443,47,273,417
33,443,47,273,417
34,443,47,273,417
35,443,47,273,417
36,443,47,273,417
37,442,47,273,417
38,442,47,273,417
39,442,47,273,417
40,441,47,273,417
41,441,47,273,417
42,434,2,273,417
43,434,2,273,417
44,434,2,273,417
45,434,2,273,417
46,434,2,273,417
47,434,2,273,417
48,434,2,273,417
49,434,2,273,417
50,434,2,273,417
51,434,3,273,417
52,435,5,273,417
53,435,5,273,417
54,435,5,273,417
55,435,5,273,417
56,435,5,273,417
57,435,5,273,417
58,435,5,273,417
59,435,5,273,417
60,435,5,273,417
61,435,5,273,417
62,434,53,273,417
63,434,53,273,417
64,434,53,273,417
65,434,53,273,417
66,434,53,273,417
67,434,53,273,417
68,434,53,273,417
69,434,53,273,417
70,434,53,273,417
71,434,53,273,417
72,434,53,273,417
73,423,6,273,417
74,423,6,273,417
75,423,6,273,417
76,423,6,273,417
77,423,6,273,417
78,423,6,273,417
79,423,6,273,417
80,423,6,273,417
81,423,6,273,417
82,439,58,273,417
83,440,58,273,417
84,440,58,273,417
85,440,58,273,417
86,439,58,273,417
87,439,58,273,417
88,439,58,273,417
89,439,58,273,417
90,439,58,273,417
91,439,58,273,417
92,424,6,273,417
93,424,6,273,417
94,424,6,273,417
95,424,7,273,417
96,424,7,273,417
97,424,7,273,417
98,424,7,273,417
99,424,7,273,417
100,424,7,273,417
101,424,7,273,417
102,444,59,273,417
103,442,59,273,417
104,442,59,273,417
105,442,59,273,417
106,441,59,273,417
107,441,59,273,417
108,441,59,273,417
109,442,59,273,417
110,442,59,273,417
111,442,59,273,417
112,428,8,273,417
113,428,8,273,417
114,428,8,273,417
115,428,8,273,417
116,428,8,273,417
117,428,8,273,417
118,428,8,273,417
119,428,8,273,417
120,428,8,273,417
121,428,8,273,417
122,429,9,273,417
123,429,8,273,417
124,429,6,273,417
125,429,6,273,417
126,429,5,273,417
127,429,5,273,417
128,429,5,273,417
129,429,5,273,417
130,429,5,273,417
131,429,5,273,417
132,432,3,273,417
133,432,3,273,417
134,432,3,273,417
135,432,3,273,417
136,432,3,273,417
137,432,3,273,417
138,432,3,273,417
139,432,3,273,417
140,432,3,273,417
141,432,3,273,417
142,431,1,273,417
143,431,1,273,417
144,431,1,273,417
145,431,1,273,417
146,431,1,273,417
147,431,1,273,417
148,431,1,273,417
149,431,1,273,417
150,431,1,273,417
151,431,1,273,417
152,439,5,273,417
153,439,5,273,417
154,439,5,273,417
155,439,5,273,417
156,439,5,273,417
157,439,5,273,417
158,439,5,273,417
159,439,5,273,417
160,439,6,273,417
161,438,6,273,417
162,444,4,273,417
163,444,4,273,417
164,444,4,273,417
165,444,4,273,417
166,444,4,273,417
167,444,4,273,417
168,444,5,273,417
169,444,5,273,417
170,444,5,273,417
171,444,5,273,417
172,444,5,273,417
173,443,5,273,417
174,443,5,273,417
175,443,5,273,417
176,443,5,273,417
177,443,5,273,417
178,443,5,273,417
179,443,5,273,417
180,443,5,273,417
181,442,6,273,417
182,436,11,273,417
183,436,11,273,417
184,436,11,273,417
185,437,11,273,417
186,437,11,273,417
187,437,11,273,417
188,437,11,273,417
189,437,11,273,417
190,437,11,273,417
191,437,11,273,417
192,440,5,273,417
193,440,5,273,417
194,440,5,273,417
195,440,5,273,417
196,440,5,273,417
197,440,5,273,417
198,440,5,273,417
199,440,5,273,417
200,440,5,273,417
201,440,5,273,417
202,441,5,273,417
203,441,5,273,417
204,441,5,273,417
205,441,5,273,417
206,441,5,273,417
207,441,5,273,417
208,441,5,273,417
209,441,5,273,417
210,441,5,273,417
211,441,5,273,417
212,409,1,273,417
213,409,1,273,417
214,409,1,273,417
215,409,1,273,417
216,409,1,273,417
217,409,1,273,417
218,409,1,273,417
219,409,1,273,417
220,409,1,273,417
221,409,1,273,417
