02-SurfaceCover 5
71,821,490,210,169
72,809,482,210,169
73,801,473,210,169
74,801,460,210,169
75,807,448,210,169
76,804,441,210,169
77,804,442,210,169
78,806,442,210,169
79,809,439,210,169
80,817,433,210,169
81,815,423,210,169
82,807,419,210,169
83,805,412,210,169
84,806,410,210,169
85,800,405,210,169
86,787,411,210,169
87,790,408,210,169
88,789,404,210,169
89,794,407,210,169
90,786,414,210,169
91,782,405,210,169
92,795,380,210,169
93,812,354,210,169
94,834,324,210,169
95,831,295,210,169
96,822,270,210,169
97,817,254,210,169
98,799,257,210,169
99,777,258,210,169
100,759,263,210,169
101,752,266,210,169
102,742,262,210,169
103,737,261,210,169
104,738,264,210,169
105,744,267,210,169
106,746,272,210,169
107,745,280,210,169
108,752,279,210,169
109,750,289,210,169
110,753,289,210,169
111,750,287,210,169
112,752,286,210,169
113,752,287,210,169
114,755,281,210,169
115,777,285,210,169
116,905,506,210,169
117,320,498,210,169
118,320,498,210,169
119,320,498,210,169
120,320,498,210,169
121,320,498,210,169
122,320,498,210,169
123,320,498,210,169
124,320,498,210,169
125,320,498,210,169
126,319,498,210,169
127,319,498,210,169
128,319,498,210,169
129,319,498,210,169
130,319,498,210,169
131,319,498,210,169
132,319,498,210,169
133,319,498,210,169
134,319,498,210,169
135,319,498,210,169
136,320,498,210,169
137,320,498,210,169
138,320,498,210,169
139,320,498,210,169
140,320,498,210,169
141,320,498,210,169
142,320,498,210,169
143,320,498,210,169
144,320,498,210,169
145,320,498,210,169
146,320,498,210,169
147,320,498,210,169
148,320,498,210,169
149,320,498,210,169
150,320,498,210,169
151,320,498,210,169
152,320,498,210,169
153,320,498,210,169
154,320,498,210,169
155,320,498,210,169
156,320,498,210,169
157,320,498,210,169
158,321,498,210,169
159,321,498,210,169
160,321,498,210,169
161,321,498,210,169
162,321,498,210,169
163,321,498,210,169
164,321,498,210,169
165,321,498,210,169
166,321,498,210,169
167,321,498,210,169
168,321,498,210,169
169,321,498,210,169
170,321,498,210,169
171,321,498,210,169
172,321,498,210,169
173,321,498,210,169
174,321,498,210,169
175,321,498,210,169
176,321,498,210,169
177,321,498,210,169
178,321,498,210,169
179,321,498,210,169
180,321,498,210,169
181,321,498,210,169
182,321,498,210,169
183,321,498,210,169
184,321,498,210,169
185,321,498,210,169
186,321,498,210,169
187,321,498,210,169
188,321,498,210,169
189,321,498,210,169
190,322,498,210,169
191,322,498,210,169
192,322,498,210,169
193,322,498,210,169
194,322,498,210,169
195,322,498,210,169
196,322,498,210,169
197,322,498,210,169
198,322,498,210,169
199,322,498,210,169
200,322,498,210,169
201,322,498,210,169
202,322,498,210,169
203,322,498,210,169
204,322,498,210,169
205,322,498,210,169
206,322,498,210,169
207,322,498,210,169
208,322,498,210,169
209,322,498,210,169
210,322,498,210,169
211,322,498,210,169
212,322,498,210,169
213,322,498,210,169
214,322,498,210,169
215,322,498,210,169
216,332,556,210,169
217,335,556,210,169
218,347,567,210,169
219,349,575,210,169
220,349,575,210,169
221,349,575,210,169
222,349,575,210,169
223,348,575,210,169
224,348,575,210,169
225,348,575,210,169
226,348,575,210,169
227,348,575,210,169
228,348,575,210,169
229,345,620,210,169
230,346,620,210,169
231,325,620,210,169
232,324,620,210,169
233,322,620,210,169
234,320,620,210,169
235,258,365,210,169
236,238,336,210,169
237,236,327,210,169
238,268,360,210,169
239,262,375,210,169
240,242,405,210,169
241,228,408,210,169
242,218,422,210,169
243,1502,224,210,169
244,1502,224,210,169
245,1502,224,210,169
246,1502,224,210,169
247,1502,224,210,169
248,1503,224,210,169
249,1505,224,210,169
250,1560,231,210,169
251,1607,231,210,169
252,1146,845,210,169
253,1145,845,210,169
254,1146,845,210,169
255,1146,845,210,169
256,1146,845,210,169
257,1146,845,210,169
258,1146,845,210,169
259,1145,845,210,169
260,1145,845,210,169
261,1145,845,210,169
262,1144,845,210,169
263,1144,845,210,169
264,1144,845,210,169
265,1144,845,210,169
266,1144,845,210,169
267,1144,845,210,169
268,1144,845,210,169
269,1144,845,210,169
270,1144,845,210,169
271,1144,845,210,169
272,1144,845,210,169
273,1144,845,210,169
274,1144,845,210,169
275,1143,845,210,169
276,1143,845,210,169
277,1143,845,210,169
278,1143,845,210,169
279,1143,845,210,169
280,1143,845,210,169
281,1141,845,210,169
