03-Specularity 12
91,132,148,218,212
92,133,147,218,212
93,133,147,218,212
94,132,146,218,212
95,130,146,218,212
96,128,145,218,212
97,125,142,218,212
98,122,139,218,212
99,120,135,218,212
100,119,129,218,212
101,118,121,218,212
102,118,113,218,212
103,119,103,218,212
104,121,93,218,212
105,123,82,218,212
106,127,70,218,212
107,132,59,218,212
108,137,50,218,212
109,140,42,218,212
110,145,34,218,212
111,152,26,218,212
112,157,21,218,212
113,160,20,218,212
114,163,23,218,212
115,164,28,218,212
116,164,38,218,212
117,162,50,218,212
118,161,63,218,212
119,159,77,218,212
120,153,91,218,212
121,147,105,218,212
122,141,118,218,212
123,139,130,218,212
124,136,140,218,212
125,133,147,218,212
126,131,146,218,212
127,126,147,218,212
128,117,147,218,212
129,117,147,218,212
130,114,147,218,212
131,107,145,218,212
132,99,142,218,212
133,94,138,218,212
134,88,131,218,212
135,81,122,218,212
136,77,112,218,212
137,75,109,218,212
138,69,110,218,212
139,65,111,218,212
140,70,115,218,212
141,71,121,218,212
142,70,127,218,212
143,72,133,218,212
144,75,137,218,212
145,74,139,218,212
146,76,142,218,212
147,80,146,218,212
148,85,147,218,212
149,90,147,218,212
150,97,146,218,212
151,99,147,218,212
152,101,147,218,212
153,106,145,218,212
154,112,145,218,212
155,115,147,218,212
156,116,147,218,212
157,118,146,218,212
158,121,144,218,212
159,123,139,218,212
160,124,133,218,212
161,125,127,218,212
162,125,120,218,212
163,123,113,218,212
164,121,107,218,212
165,120,102,218,212
166,120,96,218,212
167,122,91,218,212
168,121,87,218,212
169,121,82,218,212
170,122,77,218,212
171,122,73,218,212
172,122,71,218,212
173,125,69,218,212
174,129,69,218,212
175,131,69,218,212
176,133,70,218,212
177,137,71,218,212
178,140,71,218,212
179,143,72,218,212
180,145,73,218,212
181,146,74,218,212
182,149,76,218,212
183,151,78,218,212
184,153,80,218,212
185,153,80,218,212
186,153,81,218,212
187,153,82,218,212
188,153,83,218,212
189,153,83,218,212
190,153,82,218,212
191,153,81,218,212
192,153,81,218,212
193,154,81,218,212
194,155,82,218,212
195,155,83,218,212
196,156,85,218,212
197,157,86,218,212
198,157,88,218,212
199,157,89,218,212
200,156,89,218,212
201,154,89,218,212
202,154,89,218,212
203,153,89,218,212
204,152,89,218,212
205,152,89,218,212
206,152,89,218,212
207,151,88,218,212
208,151,87,218,212
209,151,86,218,212
210,151,85,218,212
211,151,84,218,212
212,151,83,218,212
213,151,83,218,212
214,151,83,218,212
215,151,83,218,212
216,151,83,218,212
217,151,83,218,212
218,151,83,218,212
219,151,83,218,212
220,151,83,218,212
221,151,83,218,212
222,151,84,218,212
223,151,84,218,212
224,151,84,218,212
225,152,84,218,212
226,152,83,218,212
227,152,82,218,212
228,152,82,218,212
229,152,81,218,212
230,152,80,218,212
231,152,79,218,212
232,152,78,218,212
233,152,77,218,212
234,153,76,218,212
235,155,75,218,212
236,157,74,218,212
237,158,73,218,212
238,158,73,218,212
239,159,73,218,212
240,160,73,218,212
241,161,73,218,212
242,163,72,218,212
243,165,71,218,212
244,167,70,218,212
245,169,69,218,212
246,169,68,218,212
247,171,67,218,212
248,172,67,218,212
249,173,67,218,212
250,173,67,218,212
251,175,66,218,212
252,177,67,218,212
253,179,67,218,212
254,180,68,218,212
255,181,69,218,212
256,181,71,218,212
257,184,73,218,212
258,186,75,218,212
259,189,77,218,212
260,191,79,218,212
261,194,80,218,212
262,198,81,218,212
263,202,82,218,212
264,207,83,218,212
265,213,83,218,212
266,219,81,218,212
267,227,80,218,212
268,238,77,218,212
269,251,75,218,212
270,258,75,218,212
271,261,75,218,212
272,260,71,218,212
273,260,71,218,212
274,261,73,218,212
275,261,75,218,212
276,0,77,218,212
277,2,79,218,212
278,4,83,218,212
279,9,88,218,212
280,11,94,218,212
281,10,97,218,212
282,10,97,218,212
283,11,97,218,212
284,5,98,218,212
285,1,98,218,212
286,3,101,218,212
287,4,104,218,212
288,4,105,218,212
289,3,105,218,212
290,2,106,218,212
291,2,106,218,212
292,1,99,218,212
293,0,99,218,212
294,0,99,218,212
295,0,89,218,212
296,0,78,218,212
297,0,67,218,212
298,0,55,218,212
299,0,49,218,212
300,0,51,218,212
301,1,52,218,212
302,0,53,218,212
