04-Transparency 18
1,868,409,91,269
2,867,409,91,269
3,867,411,91,269
4,867,411,91,269
5,867,411,91,269
6,867,411,91,269
7,867,411,91,269
8,867,411,91,269
9,867,411,91,269
10,867,411,91,269
11,867,411,91,269
12,867,411,91,269
13,867,411,91,269
14,867,411,91,269
15,867,411,91,269
16,867,411,91,269
17,867,410,91,269
18,867,410,91,269
19,867,410,91,269
20,867,410,91,269
21,867,410,91,269
22,867,410,91,269
23,867,410,91,269
24,867,409,91,269
25,867,409,91,269
26,867,409,91,269
27,867,409,91,269
28,867,410,91,269
29,867,410,91,269
30,867,410,91,269
31,867,410,91,269
32,867,410,91,269
33,867,410,91,269
34,867,410,91,269
35,867,410,91,269
36,867,411,91,269
37,867,411,91,269
38,867,411,91,269
39,867,411,91,269
40,867,411,91,269
41,867,412,91,269
42,867,411,91,269
43,867,411,91,269
44,867,411,91,269
45,867,411,91,269
46,867,411,91,269
47,867,411,91,269
48,867,411,91,269
49,867,411,91,269
50,867,411,91,269
51,867,411,91,269
52,867,411,91,269
53,867,411,91,269
54,867,411,91,269
55,867,411,91,269
56,867,411,91,269
57,867,411,91,269
58,867,413,91,269
59,867,413,91,269
60,867,413,91,269
61,867,413,91,269
62,867,413,91,269
63,867,413,91,269
64,867,413,91,269
65,867,413,91,269
66,867,413,91,269
67,867,413,91,269
68,867,413,91,269
69,867,413,91,269
70,867,413,91,269
71,867,413,91,269
72,867,413,91,269
73,867,413,91,269
74,867,413,91,269
75,867,413,91,269
76,867,413,91,269
77,867,413,91,269
78,867,413,91,269
79,867,412,91,269
80,867,412,91,269
81,867,412,91,269
82,865,412,91,269
83,863,412,91,269
84,860,409,91,269
85,854,401,91,269
86,846,385,91,269
87,836,366,91,269
88,823,344,91,269
89,807,318,91,269
90,792,295,91,269
91,777,273,91,269
92,761,255,91,269
93,742,239,91,269
94,725,221,91,269
95,709,206,91,269
96,696,195,91,269
97,683,185,91,269
98,668,178,91,269
99,651,174,91,269
100,633,169,91,269
101,611,167,91,269
102,587,168,91,269
103,560,170,91,269
104,532,179,91,269
105,502,192,91,269
106,471,206,91,269
107,440,224,91,269
108,444,242,91,269
109,444,242,91,269
110,443,243,91,269
111,443,244,91,269
112,443,244,91,269
113,443,245,91,269
114,443,246,91,269
115,442,248,91,269
116,441,248,91,269
117,440,248,91,269
118,440,248,91,269
119,440,248,91,269
120,440,248,91,269
