04-Transparency 20
4,348,269,49,58
5,348,269,49,58
6,348,269,49,58
7,348,269,49,58
8,349,269,49,58
9,349,269,49,58
10,350,269,49,58
11,351,269,49,58
12,352,269,49,58
13,353,269,49,58
14,353,269,49,58
15,353,269,49,58
16,353,269,49,58
17,353,269,49,58
18,353,269,49,58
19,353,269,49,58
20,353,269,49,58
21,353,269,49,58
22,353,269,49,58
23,353,269,49,58
24,353,269,49,58
25,353,269,49,58
26,353,269,49,58
27,353,269,49,58
28,352,268,49,58
29,351,267,49,58
30,350,266,49,58
31,349,265,49,58
32,349,264,49,58
33,349,263,49,58
34,349,263,49,58
35,348,262,49,58
36,348,262,49,58
37,348,262,49,58
38,347,261,49,58
39,346,260,49,58
40,345,259,49,58
41,344,258,49,58
42,343,257,49,58
43,341,255,49,58
44,340,254,49,58
45,339,252,49,58
46,338,250,49,58
47,337,248,49,58
48,336,244,49,58
49,336,242,49,58
50,336,240,49,58
51,336,238,49,58
52,336,237,49,58
53,336,235,49,58
54,336,235,49,58
55,336,235,49,58
56,336,235,49,58
57,336,235,49,58
58,336,235,49,58
59,336,235,49,58
60,336,235,49,58
61,336,235,49,58
62,336,235,49,58
63,335,235,49,58
64,335,235,49,58
65,335,235,49,58
66,335,235,49,58
67,335,235,49,58
68,334,236,49,58
69,334,236,49,58
70,334,236,49,58
71,334,236,49,58
72,334,236,49,58
73,334,236,49,58
74,334,236,49,58
75,334,236,49,58
76,334,236,49,58
77,334,236,49,58
78,334,236,49,58
79,334,236,49,58
80,334,236,49,58
81,334,236,49,58
82,334,236,49,58
83,334,236,49,58
84,334,237,49,58
85,334,237,49,58
86,334,237,49,58
87,334,237,49,58
88,334,237,49,58
89,334,237,49,58
90,334,237,49,58
91,334,237,49,58
92,334,237,49,58
93,334,237,49,58
94,334,238,49,58
95,334,238,49,58
96,334,238,49,58
97,334,238,49,58
98,334,238,49,58
99,334,238,49,58
100,334,238,49,58
101,334,238,49,58
102,334,238,49,58
103,334,238,49,58
104,334,238,49,58
105,334,238,49,58
106,334,238,49,58
107,334,238,49,58
108,334,238,49,58
109,334,238,49,58
110,334,238,49,58
111,334,238,49,58
112,334,238,49,58
113,334,238,49,58
114,334,238,49,58
115,334,238,49,58
116,334,238,49,58
117,334,238,49,58
