04-Transparency 9
3,804,209,56,59
4,804,210,56,59
5,803,211,56,59
6,799,211,56,59
7,795,210,56,59
8,794,208,56,59
9,794,205,56,59
10,794,204,56,59
11,794,204,56,59
12,794,205,56,59
13,794,206,56,59
14,794,205,56,59
15,794,201,56,59
16,794,198,56,59
17,795,197,56,59
18,796,198,56,59
19,796,199,56,59
20,795,200,56,59
21,794,200,56,59
22,793,200,56,59
23,792,200,56,59
24,792,200,56,59
25,792,200,56,59
26,793,200,56,59
27,793,201,56,59
28,793,202,56,59
29,793,203,56,59
30,793,204,56,59
31,793,204,56,59
32,793,204,56,59
33,793,204,56,59
34,793,203,56,59
35,793,201,56,59
36,793,197,56,59
37,793,193,56,59
38,793,190,56,59
39,793,190,56,59
40,793,190,56,59
41,793,191,56,59
42,793,195,56,59
43,793,195,56,59
44,793,195,56,59
45,793,195,56,59
46,793,195,56,59
47,793,195,56,59
48,793,195,56,59
49,793,196,56,59
50,793,197,56,59
51,793,197,56,59
52,793,197,56,59
53,793,197,56,59
54,793,194,56,59
55,793,193,56,59
56,793,192,56,59
57,793,192,56,59
58,793,193,56,59
59,793,193,56,59
60,793,192,56,59
61,793,189,56,59
62,794,188,56,59
63,795,188,56,59
64,795,188,56,59
65,795,189,56,59
66,795,191,56,59
67,794,191,56,59
68,793,191,56,59
69,793,191,56,59
70,793,190,56,59
71,793,190,56,59
72,793,190,56,59
73,793,191,56,59
74,793,192,56,59
75,793,193,56,59
76,793,194,56,59
77,793,195,56,59
78,793,195,56,59
79,793,195,56,59
80,793,195,56,59
81,793,194,56,59
82,793,189,56,59
83,793,183,56,59
84,793,178,56,59
85,793,175,56,59
86,793,175,56,59
87,793,175,56,59
88,793,179,56,59
89,793,184,56,59
90,793,184,56,59
91,793,184,56,59
92,793,184,56,59
93,793,184,56,59
94,793,184,56,59
95,793,184,56,59
96,793,184,56,59
97,793,184,56,59
98,793,184,56,59
99,793,184,56,59
100,793,184,56,59
101,793,184,56,59
102,793,184,56,59
103,793,184,56,59
104,793,184,56,59
105,793,184,56,59
106,794,184,56,59
107,794,184,56,59
108,794,184,56,59
109,794,184,56,59
110,793,184,56,59
111,793,183,56,59
112,793,183,56,59
113,793,183,56,59
114,793,183,56,59
115,793,183,56,59
116,793,183,56,59
117,793,183,56,59
118,793,183,56,59
119,793,183,56,59
120,793,183,56,59
121,793,183,56,59
122,793,183,56,59
123,793,183,56,59
124,793,183,56,59
125,793,183,56,59
126,793,183,56,59
127,793,183,56,59
128,793,183,56,59
129,793,183,56,59
130,793,183,56,59
131,793,183,56,59
132,793,183,56,59
133,793,183,56,59
134,793,183,56,59
135,793,183,56,59
136,793,183,56,59
137,793,183,56,59
138,793,183,56,59
139,793,183,56,59
140,793,183,56,59
141,793,183,56,59
142,793,183,56,59
143,793,183,56,59
144,793,183,56,59
145,793,183,56,59
146,793,183,56,59
147,793,183,56,59
148,793,183,56,59
149,793,183,56,59
150,793,183,56,59
151,793,183,56,59
152,793,183,56,59
153,793,183,56,59
154,793,183,56,59
155,793,183,56,59
156,793,183,56,59
157,793,183,56,59
158,793,183,56,59
159,793,183,56,59
160,793,183,56,59
161,793,183,56,59
162,793,183,56,59
163,793,183,56,59
164,793,183,56,59
165,793,183,56,59
166,793,183,56,59
167,793,183,56,59
168,793,183,56,59
169,793,183,56,59
170,793,183,56,59
171,793,183,56,59
172,793,183,56,59
173,793,183,56,59
174,793,183,56,59
175,793,183,56,59
176,793,183,56,59
177,793,182,56,59
178,793,178,56,59
179,793,175,56,59
180,793,175,56,59
181,793,175,56,59
182,793,177,56,59
183,793,182,56,59
184,793,187,56,59
185,793,191,56,59
186,793,192,56,59
187,793,192,56,59
188,793,192,56,59
189,793,192,56,59
190,793,192,56,59
191,793,191,56,59
192,793,190,56,59
193,793,189,56,59
194,793,188,56,59
195,793,188,56,59
196,793,189,56,59
197,793,190,56,59
198,793,190,56,59
199,793,190,56,59
200,793,190,56,59
201,793,190,56,59
202,793,190,56,59
203,793,190,56,59
204,793,190,56,59
205,793,190,56,59
206,793,190,56,59
207,793,190,56,59
208,793,190,56,59
209,793,190,56,59
210,793,190,56,59
211,793,190,56,59
212,793,190,56,59
213,793,190,56,59
214,793,190,56,59
215,793,190,56,59
216,793,190,56,59
217,794,190,56,59
218,795,191,56,59
219,795,192,56,59
220,795,193,56,59
221,794,193,56,59
222,794,193,56,59
223,794,191,56,59
224,794,189,56,59
225,795,189,56,59
226,796,189,56,59
227,797,190,56,59
228,798,193,56,59
229,798,196,56,59
230,796,198,56,59
231,794,198,56,59
232,793,198,56,59
233,792,197,56,59
234,792,196,56,59
235,791,192,56,59
236,791,187,56,59
237,791,182,56,59
238,791,181,56,59
239,791,181,56,59
240,791,182,56,59
241,791,187,56,59
242,791,193,56,59
243,791,197,56,59
244,791,200,56,59
245,791,201,56,59
246,791,203,56,59
247,791,204,56,59
248,791,205,56,59
249,791,205,56,59
250,791,205,56,59
251,791,203,56,59
252,792,198,56,59
253,793,192,56,59
254,793,188,56,59
255,793,187,56,59
256,793,187,56,59
257,793,191,56,59
258,793,195,56,59
259,792,196,56,59
260,792,196,56,59
261,791,196,56,59
262,790,196,56,59
263,789,196,56,59
264,788,196,56,59
265,787,196,56,59
266,787,196,56,59
267,787,196,56,59
268,787,196,56,59
269,787,196,56,59
270,787,195,56,59
271,787,188,56,59
272,787,181,56,59
273,787,180,56,59
274,787,180,56,59
275,787,180,56,59
276,787,181,56,59
277,787,182,56,59
278,787,183,56,59
279,787,183,56,59
280,787,183,56,59
281,787,183,56,59
282,787,183,56,59
283,787,183,56,59
284,787,183,56,59
285,787,183,56,59
286,787,177,56,59
287,787,169,56,59
288,787,164,56,59
289,787,164,56,59
290,788,171,56,59
291,789,177,56,59
292,789,178,56,59
293,789,178,56,59
294,789,178,56,59
295,789,178,56,59
296,789,178,56,59
297,789,178,56,59
298,789,178,56,59
299,789,178,56,59
300,789,178,56,59
301,789,178,56,59
302,789,178,56,59
303,789,178,56,59
304,789,178,56,59
305,789,178,56,59
306,789,178,56,59
307,789,178,56,59
308,789,178,56,59
309,789,178,56,59
310,789,178,56,59
311,789,178,56,59
312,789,178,56,59
313,789,178,56,59
314,789,178,56,59
315,789,178,56,59
316,789,178,56,59
317,789,178,56,59
318,789,178,56,59
319,789,178,56,59
320,789,178,56,59
321,789,178,56,59
322,789,178,56,59
323,789,178,56,59
324,789,178,56,59
325,789,178,56,59
326,789,178,56,59
327,789,178,56,59
328,789,178,56,59
329,789,178,56,59
330,789,178,56,59
331,789,178,56,59
332,789,178,56,59
333,789,178,56,59
334,789,178,56,59
335,789,178,56,59
336,789,178,56,59
337,789,178,56,59
338,789,178,56,59
339,789,178,56,59
340,789,178,56,59
341,789,178,56,59
342,789,178,56,59
343,789,178,56,59
344,789,178,56,59
345,789,178,56,59
346,789,178,56,59
347,789,178,56,59
348,789,178,56,59
349,789,178,56,59
350,789,178,56,59
351,789,178,56,59
352,789,178,56,59
353,789,178,56,59
354,789,178,56,59
355,789,178,56,59
356,789,178,56,59
357,789,178,56,59
358,789,178,56,59
359,789,178,56,59
360,789,178,56,59
361,789,178,56,59
362,789,178,56,59
363,789,178,56,59
364,789,178,56,59
365,789,178,56,59
366,789,178,56,59
367,789,178,56,59
368,789,178,56,59
369,789,178,56,59
370,789,178,56,59
371,789,178,56,59
372,789,178,56,59
373,789,178,56,59
374,789,178,56,59
375,789,178,56,59
376,789,178,56,59
377,789,178,56,59
378,789,178,56,59
379,789,178,56,59
380,789,178,56,59
381,789,178,56,59
382,789,178,56,59
383,789,178,56,59
384,789,178,56,59
385,789,178,56,59
386,789,178,56,59
387,789,178,56,59
388,789,178,56,59
389,789,178,56,59
390,789,178,56,59
391,789,178,56,59
392,789,178,56,59
393,789,178,56,59
394,789,178,56,59
395,789,178,56,59
