05-Shape 3
1,221,191,76,50
2,219,183,76,50
3,224,176,76,50
4,226,179,76,50
5,223,185,76,50
6,217,192,76,50
7,217,207,76,50
8,220,219,76,50
9,229,236,76,50
10,237,233,76,50
11,233,240,76,50
12,254,226,76,50
13,246,186,76,50
14,219,168,76,50
15,221,171,76,50
16,230,171,76,50
17,242,168,76,50
18,245,166,76,50
19,232,171,76,50
20,225,182,76,50
21,230,182,76,50
22,223,192,76,50
23,218,216,76,50
24,219,224,76,50
25,216,228,76,50
26,211,223,76,50
27,199,208,76,50
28,192,205,76,50
29,199,198,76,50
30,207,187,76,50
31,212,183,76,50
32,218,178,76,50
33,222,173,76,50
34,224,179,76,50
35,230,187,76,50
36,224,200,76,50
37,205,218,76,50
38,209,222,76,50
39,204,212,76,50
40,197,203,76,50
41,183,180,76,50
42,170,151,76,50
43,154,143,76,50
44,142,149,76,50
45,129,147,76,50
46,117,140,76,50
47,109,132,76,50
48,100,129,76,50
49,90,131,76,50
50,85,132,76,50
51,92,136,76,50
52,97,150,76,50
53,93,158,76,50
54,89,166,76,50
55,104,174,76,50
56,113,166,76,50
57,112,156,76,50
58,113,141,76,50
59,124,120,76,50
60,128,106,76,50
61,124,106,76,50
62,120,106,76,50
63,123,103,76,50
64,130,110,76,50
65,128,128,76,50
66,131,147,76,50
67,140,156,76,50
68,161,156,76,50
69,153,146,76,50
70,147,131,76,50
71,170,119,76,50
72,164,123,76,50
73,156,146,76,50
74,167,152,76,50
75,182,150,76,50
76,186,159,76,50
77,181,170,76,50
78,177,191,76,50
79,172,202,76,50
80,155,201,76,50
81,146,203,76,50
82,163,205,76,50
83,163,190,76,50
84,148,177,76,50
85,148,163,76,50
86,155,151,76,50
87,157,142,76,50
88,161,134,76,50
89,167,131,76,50
90,163,136,76,50
91,159,140,76,50
92,163,141,76,50
93,168,148,76,50
94,164,160,76,50
95,158,164,76,50
96,162,166,76,50
97,173,161,76,50
98,173,159,76,50
99,178,166,76,50
100,187,166,76,50
101,186,158,76,50
102,188,150,76,50
103,191,142,76,50
104,197,138,76,50
105,202,137,76,50
106,207,139,76,50
107,214,140,76,50
108,216,141,76,50
109,207,150,76,50
110,205,153,76,50
111,214,153,76,50
112,222,146,76,50
113,214,130,76,50
114,205,124,76,50
115,200,125,76,50
116,192,120,76,50
117,185,121,76,50
118,185,121,76,50
119,182,118,76,50
120,169,121,76,50
121,165,126,76,50
122,168,128,76,50
123,165,131,76,50
124,156,137,76,50
125,147,146,76,50
126,145,156,76,50
127,155,160,76,50
128,154,163,76,50
129,148,169,76,50
130,144,169,76,50
131,131,163,76,50
132,131,161,76,50
133,139,161,76,50
134,141,161,76,50
135,140,160,76,50
136,143,163,76,50
137,147,167,76,50
138,149,171,76,50
139,148,174,76,50
140,149,183,76,50
141,150,198,76,50
142,144,210,76,50
143,121,213,76,50
144,108,215,76,50
145,102,214,76,50
146,94,214,76,50
147,98,211,76,50
148,106,203,76,50
149,108,200,76,50
150,114,197,76,50
151,125,191,76,50
152,142,184,76,50
153,160,176,76,50
154,174,164,76,50
155,188,160,76,50
156,197,162,76,50
157,199,160,76,50
158,196,155,76,50
159,192,154,76,50
160,187,155,76,50
161,188,148,76,50
162,190,139,76,50
163,188,130,76,50
164,185,125,76,50
165,187,120,76,50
166,189,116,76,50
167,187,108,76,50
168,191,100,76,50
169,199,95,76,50
170,198,94,76,50
171,190,102,76,50
172,184,111,76,50
173,182,116,76,50
174,181,121,76,50
175,182,119,76,50
176,177,117,76,50
177,171,122,76,50
178,168,124,76,50
179,168,118,76,50
180,171,114,76,50
181,167,112,76,50
182,161,109,76,50
183,161,109,76,50
184,166,111,76,50
185,170,114,76,50
186,172,116,76,50
187,174,121,76,50
188,180,125,76,50
189,188,125,76,50
190,191,128,76,50
191,195,128,76,50
192,204,108,76,50
193,207,82,76,50
194,217,72,76,50
195,229,63,76,50
196,231,56,76,50
197,222,61,76,50
198,214,65,76,50
199,212,65,76,50
200,215,65,76,50
201,217,70,76,50
202,213,76,76,50
203,210,83,76,50
204,208,90,76,50
205,206,95,76,50
206,204,104,76,50
207,204,110,76,50
208,210,105,76,50
209,217,92,76,50
210,221,80,76,50
211,227,70,76,50
212,235,61,76,50
213,243,53,76,50
214,252,51,76,50
215,254,51,76,50
216,252,56,76,50
217,250,67,76,50
218,253,76,76,50
219,257,84,76,50
220,261,93,76,50
221,270,98,76,50
222,281,106,76,50
223,294,111,76,50
224,308,107,76,50
225,318,103,76,50
226,322,101,76,50
227,329,101,76,50
228,341,100,76,50
229,347,97,76,50
230,346,97,76,50
231,347,99,76,50
232,348,98,76,50
233,348,98,76,50
234,344,101,76,50
235,337,108,76,50
236,330,114,76,50
237,326,114,76,50
238,320,115,76,50
239,308,120,76,50
240,296,121,76,50
