05-Shape 5
1,419,510,104,160
2,413,510,104,160
3,413,510,104,160
4,404,509,104,160
5,404,509,104,160
6,403,509,104,160
7,397,509,104,160
8,381,509,104,160
9,381,509,104,160
10,374,508,104,160
11,374,508,104,160
12,374,508,104,160
13,360,505,104,160
14,343,500,104,160
15,343,500,104,160
16,327,497,104,160
17,327,497,104,160
18,327,497,104,160
19,323,496,104,160
20,313,495,104,160
21,313,495,104,160
22,311,495,104,160
23,311,495,104,160
24,311,495,104,160
25,307,495,104,160
26,306,496,104,160
27,306,496,104,160
28,305,497,104,160
29,305,497,104,160
30,305,497,104,160
31,305,498,104,160
32,306,497,104,160
33,306,497,104,160
34,309,496,104,160
35,310,496,104,160
36,310,495,104,160
37,313,495,104,160
38,329,494,104,160
39,329,494,104,160
40,334,495,104,160
41,334,495,104,160
42,334,495,104,160
43,347,499,104,160
44,363,500,104,160
45,364,500,104,160
46,381,500,104,160
47,382,500,104,160
48,382,500,104,160
49,392,501,104,160
50,408,499,104,160
51,408,499,104,160
52,414,497,104,160
53,414,497,104,160
54,414,497,104,160
55,430,495,104,160
56,443,497,104,160
57,443,497,104,160
58,450,500,104,160
59,450,500,104,160
60,450,500,104,160
61,463,511,104,160
62,480,520,104,160
63,480,520,104,160
64,503,519,104,160
65,502,519,104,160
66,502,519,104,160
67,504,519,104,160
68,528,519,104,160
69,528,519,104,160
70,530,519,104,160
71,530,519,104,160
72,530,519,104,160
73,552,519,104,160
74,580,518,104,160
75,580,518,104,160
76,608,518,104,160
77,608,518,104,160
78,608,518,104,160
79,627,518,104,160
80,652,518,104,160
81,652,518,104,160
82,654,518,104,160
83,654,518,104,160
84,654,518,104,160
85,674,518,104,160
86,692,518,104,160
87,692,518,104,160
88,695,518,104,160
89,695,518,104,160
90,695,518,104,160
91,709,517,104,160
92,710,517,104,160
93,711,517,104,160
94,712,517,104,160
95,712,517,104,160
96,712,518,104,160
97,713,518,104,160
98,713,518,104,160
99,713,518,104,160
100,713,518,104,160
101,714,518,104,160
102,714,518,104,160
103,714,518,104,160
104,714,518,104,160
105,714,518,104,160
106,714,518,104,160
107,714,518,104,160
108,714,518,104,160
109,714,518,104,160
110,715,518,104,160
111,715,518,104,160
112,715,518,104,160
113,715,518,104,160
114,715,518,104,160
115,716,518,104,160
116,716,518,104,160
117,716,518,104,160
118,716,518,104,160
119,716,518,104,160
120,716,518,104,160
121,716,518,104,160
122,716,518,104,160
123,716,518,104,160
124,716,518,104,160
125,715,518,104,160
126,714,518,104,160
127,714,518,104,160
128,629,517,104,160
129,628,517,104,160
130,630,517,104,160
131,630,517,104,160
132,630,517,104,160
133,631,517,104,160
134,631,517,104,160
135,631,517,104,160
136,631,517,104,160
137,631,517,104,160
138,631,517,104,160
139,631,517,104,160
140,631,517,104,160
141,631,517,104,160
142,629,517,104,160
143,629,517,104,160
144,629,517,104,160
145,626,517,104,160
146,625,516,104,160
147,625,516,104,160
148,625,515,104,160
149,625,515,104,160
150,625,515,104,160
151,625,514,104,160
152,625,514,104,160
153,625,514,104,160
154,628,515,104,160
155,628,515,104,160
156,628,515,104,160
157,628,516,104,160
158,629,517,104,160
159,629,517,104,160
160,647,516,104,160
161,647,516,104,160
162,647,516,104,160
163,655,515,104,160
164,676,515,104,160
165,676,515,104,160
166,691,515,104,160
167,691,515,104,160
168,691,515,104,160
169,720,515,104,160
170,738,513,104,160
171,738,513,104,160
172,750,513,104,160
173,750,513,104,160
174,750,513,104,160
175,776,514,104,160
176,794,513,104,160
177,793,513,104,160
178,803,513,104,160
179,803,513,104,160
180,803,513,104,160
181,820,513,104,160
182,836,513,104,160
183,836,513,104,160
184,851,514,104,160
185,851,514,104,160
186,851,514,104,160
187,856,514,104,160
188,870,514,104,160
189,869,514,104,160
190,879,513,104,160
191,879,513,104,160
192,879,513,104,160
193,883,513,104,160
194,889,512,104,160
195,889,512,104,160
196,890,512,104,160
197,890,512,104,160
198,890,512,104,160
199,892,511,104,160
200,894,511,104,160
201,894,511,104,160
202,893,511,104,160
203,893,511,104,160
204,893,511,104,160
205,894,511,104,160
206,872,511,104,160
207,872,511,104,160
208,872,511,104,160
209,872,511,104,160
210,872,511,104,160
211,876,511,104,160
212,876,511,104,160
213,876,511,104,160
214,876,511,104,160
215,872,511,104,160
216,872,511,104,160
217,869,511,104,160
218,859,511,104,160
219,859,511,104,160
220,843,511,104,160
221,843,511,104,160
222,843,511,104,160
223,827,511,104,160
224,808,511,104,160
225,803,511,104,160
