05-Shape 16
1,525,248,542,238
2,524,247,542,238
3,524,247,542,238
4,524,246,542,238
5,524,245,542,238
6,524,244,542,238
7,524,243,542,238
8,524,242,542,238
9,523,241,542,238
10,523,240,542,238
11,524,239,542,238
12,524,238,542,238
13,524,237,542,238
14,524,236,542,238
15,524,235,542,238
16,524,234,542,238
17,524,233,542,238
18,523,232,542,238
19,523,230,542,238
20,523,228,542,238
21,524,227,542,238
22,524,227,542,238
23,524,225,542,238
24,524,224,542,238
25,522,223,542,238
26,521,223,542,238
27,521,222,542,238
28,521,221,542,238
29,521,219,542,238
30,523,217,542,238
31,523,216,542,238
32,525,215,542,238
33,526,214,542,238
34,526,212,542,238
35,526,210,542,238
36,525,209,542,238
37,526,207,542,238
38,525,205,542,238
39,528,203,542,238
40,528,200,542,238
41,528,198,542,238
42,528,196,542,238
43,528,194,542,238
44,529,192,542,238
45,526,191,542,238
46,523,189,542,238
47,522,186,542,238
48,522,185,542,238
49,519,183,542,238
50,519,180,542,238
51,519,178,542,238
52,519,176,542,238
53,519,174,542,238
54,519,172,542,238
55,519,170,542,238
56,520,168,542,238
57,520,166,542,238
58,520,165,542,238
59,520,161,542,238
60,521,159,542,238
61,521,157,542,238
62,521,155,542,238
63,521,153,542,238
64,517,151,542,238
65,517,149,542,238
66,517,147,542,238
67,517,145,542,238
68,517,143,542,238
69,517,141,542,238
70,517,139,542,238
71,519,136,542,238
72,519,134,542,238
73,520,132,542,238
74,522,130,542,238
75,517,131,542,238
76,517,129,542,238
77,516,127,542,238
78,516,125,542,238
79,516,123,542,238
80,515,122,542,238
81,514,119,542,238
82,513,118,542,238
83,511,116,542,238
84,511,114,542,238
85,510,113,542,238
86,509,112,542,238
87,509,110,542,238
88,508,109,542,238
89,507,107,542,238
90,506,105,542,238
91,506,103,542,238
92,505,101,542,238
93,505,99,542,238
94,505,97,542,238
95,505,96,542,238
96,505,94,542,238
97,505,92,542,238
98,505,90,542,238
99,505,89,542,238
100,505,87,542,238
101,504,86,542,238
102,504,85,542,238
103,504,84,542,238
104,504,83,542,238
105,504,82,542,238
106,503,82,542,238
107,503,81,542,238
108,503,80,542,238
109,502,79,542,238
110,503,77,542,238
111,503,76,542,238
112,503,75,542,238
113,503,74,542,238
114,502,73,542,238
115,500,74,542,238
116,499,74,542,238
117,499,73,542,238
118,498,73,542,238
119,498,73,542,238
120,498,73,542,238
121,497,73,542,238
122,496,73,542,238
123,498,72,542,238
124,498,72,542,238
125,498,71,542,238
126,498,71,542,238
127,498,71,542,238
128,499,71,542,238
129,499,71,542,238
130,499,71,542,238
131,499,70,542,238
132,499,69,542,238
133,499,69,542,238
134,499,69,542,238
135,499,69,542,238
136,499,69,542,238
137,499,69,542,238
138,499,69,542,238
139,499,69,542,238
140,499,70,542,238
141,499,70,542,238
142,499,70,542,238
143,499,70,542,238
144,499,70,542,238
145,499,70,542,238
146,499,71,542,238
147,499,72,542,238
148,499,73,542,238
149,499,74,542,238
150,499,75,542,238
151,499,75,542,238
152,498,76,542,238
153,499,77,542,238
154,499,77,542,238
155,499,78,542,238
156,499,79,542,238
157,499,80,542,238
158,499,81,542,238
159,499,82,542,238
160,500,83,542,238
161,500,85,542,238
162,500,86,542,238
163,501,87,542,238
164,501,89,542,238
165,500,91,542,238
166,500,93,542,238
167,500,95,542,238
168,501,95,542,238
169,501,97,542,238
170,501,99,542,238
171,501,101,542,238
172,502,102,542,238
173,503,104,542,238
174,507,107,542,238
175,507,109,542,238
176,506,111,542,238
177,506,110,542,238
178,506,111,542,238
179,506,113,542,238
180,506,115,542,238
181,506,117,542,238
182,506,119,542,238
183,506,121,542,238
184,507,123,542,238
185,508,125,542,238
186,508,127,542,238
187,506,127,542,238
188,506,129,542,238
189,506,132,542,238
190,504,134,542,238
191,507,137,542,238
192,507,140,542,238
193,508,140,542,238
194,507,143,542,238
195,507,146,542,238
196,508,148,542,238
197,507,150,542,238
198,504,152,542,238
199,502,155,542,238
200,502,157,542,238
201,502,160,542,238
202,503,162,542,238
203,503,164,542,238
204,503,166,542,238
205,503,168,542,238
206,503,170,542,238
207,504,172,542,238
208,504,174,542,238
209,502,176,542,238
210,501,178,542,238
211,501,180,542,238
212,501,182,542,238
213,501,184,542,238
214,501,186,542,238
215,501,187,542,238
216,501,188,542,238
217,501,190,542,238
218,501,191,542,238
219,501,193,542,238
220,501,195,542,238
221,501,197,542,238
222,498,199,542,238
223,498,200,542,238
224,497,201,542,238
225,501,201,542,238
226,502,202,542,238
227,502,206,542,238
228,502,209,542,238
229,500,214,542,238
230,500,217,542,238
231,501,218,542,238
232,499,222,542,238
233,499,225,542,238
234,499,226,542,238
235,500,227,542,238
236,500,230,542,238
237,500,234,542,238
238,500,237,542,238
239,500,240,542,238
