05-Shape 13
34,314,142,112,118
35,281,135,112,118
36,275,132,112,118
37,288,118,112,118
38,297,98,112,118
39,298,89,112,118
40,289,93,112,118
41,285,94,112,118
42,289,98,112,118
43,298,108,112,118
44,307,108,112,118
45,308,116,112,118
46,297,129,112,118
47,284,147,112,118
48,286,152,112,118
49,286,152,112,118
50,284,146,112,118
51,271,147,112,118
52,264,146,112,118
53,253,137,112,118
54,242,127,112,118
55,236,120,112,118
56,232,122,112,118
57,220,131,112,118
58,211,136,112,118
59,212,137,112,118
60,214,143,112,118
61,212,154,112,118
62,211,165,112,118
63,204,179,112,118
64,198,187,112,118
65,205,192,112,118
66,209,196,112,118
67,204,203,112,118
68,203,208,112,118
69,210,206,112,118
70,214,193,112,118
71,211,180,112,118
72,215,176,112,118
73,218,173,112,118
74,218,166,112,118
75,221,157,112,118
76,228,155,112,118
77,234,156,112,118
78,233,157,112,118
79,238,150,112,118
80,242,143,112,118
81,240,138,112,118
82,229,138,112,118
83,230,117,112,118
84,222,102,112,118
85,215,100,112,118
86,213,93,112,118
87,219,73,112,118
88,225,66,112,118
89,220,72,112,118
90,213,73,112,118
91,220,71,112,118
92,222,80,112,118
93,216,100,112,118
94,213,112,112,118
95,209,121,112,118
96,207,133,112,118
97,205,131,112,118
98,188,134,112,118
99,176,127,112,118
100,171,107,112,118
101,161,96,112,118
102,147,103,112,118
103,131,114,112,118
104,118,110,112,118
105,118,101,112,118
106,121,98,112,118
107,120,97,112,118
108,121,100,112,118
109,119,112,112,118
110,123,115,112,118
111,131,118,112,118
112,135,121,112,118
113,134,114,112,118
114,130,125,112,118
115,125,139,112,118
116,120,135,112,118
117,123,123,112,118
118,128,121,112,118
119,131,125,112,118
120,134,126,112,118
121,138,129,112,118
122,145,132,112,118
123,152,137,112,118
124,155,144,112,118
125,162,152,112,118
126,166,157,112,118
127,175,161,112,118
128,183,164,112,118
129,177,177,112,118
130,173,187,112,118
131,175,182,112,118
132,178,171,112,118
133,170,166,112,118
134,161,163,112,118
135,159,160,112,118
136,159,160,112,118
137,157,164,112,118
138,155,167,112,118
139,151,172,112,118
140,147,181,112,118
141,148,181,112,118
142,157,172,112,118
143,172,164,112,118
144,164,160,112,118
145,153,153,112,118
146,150,139,112,118
147,145,123,112,118
148,126,112,112,118
149,107,106,112,118
150,104,98,112,118
151,114,93,112,118
152,118,103,112,118
153,105,113,112,118
154,91,120,112,118
155,96,134,112,118
156,109,146,112,118
157,116,152,112,118
158,119,157,112,118
159,119,155,112,118
160,123,154,112,118
161,136,153,112,118
162,146,147,112,118
163,147,146,112,118
164,144,150,112,118
165,144,150,112,118
166,148,148,112,118
167,149,147,112,118
168,144,147,112,118
169,141,145,112,118
170,146,146,112,118
171,150,151,112,118
172,150,156,112,118
173,152,164,112,118
174,159,170,112,118
175,166,171,112,118
176,166,162,112,118
177,173,158,112,118
178,191,149,112,118
179,195,148,112,118
180,184,152,112,118
181,177,155,112,118
182,187,156,112,118
183,196,161,112,118
184,194,171,112,118
185,190,181,112,118
186,190,186,112,118
187,198,191,112,118
188,208,198,112,118
189,218,203,112,118
190,209,205,112,118
191,195,215,112,118
192,204,216,112,118
193,220,207,112,118
194,226,197,112,118
195,216,189,112,118
196,206,191,112,118
197,210,196,112,118
198,222,197,112,118
199,230,194,112,118
200,232,193,112,118
201,232,193,112,118
202,230,196,112,118
203,222,198,112,118
204,216,204,112,118
205,215,206,112,118
206,210,206,112,118
207,208,211,112,118
208,210,215,112,118
209,211,214,112,118
210,206,212,112,118
211,204,211,112,118
212,212,208,112,118
213,220,205,112,118
214,222,206,112,118
215,219,207,112,118
216,220,204,112,118
217,222,202,112,118
218,219,203,112,118
219,215,202,112,118
220,215,199,112,118
221,217,198,112,118
222,217,200,112,118
223,216,203,112,118
224,213,207,112,118
225,211,212,112,118
226,213,213,112,118
227,214,214,112,118
228,214,215,112,118
229,215,214,112,118
