05-Shape 6
1,65,64,53,67
2,65,64,53,67
3,65,64,53,67
4,65,64,53,67
5,65,64,53,67
6,65,64,53,67
7,65,64,53,67
8,65,64,53,67
9,65,64,53,67
10,65,64,53,67
11,65,64,53,67
12,65,64,53,67
13,65,64,53,67
14,65,64,53,67
15,65,64,53,67
16,65,64,53,67
17,65,64,53,67
18,65,64,53,67
19,65,64,53,67
20,65,64,53,67
21,65,64,53,67
22,65,64,53,67
23,65,64,53,67
24,65,64,53,67
25,65,64,53,67
26,65,64,53,67
27,65,64,53,67
28,65,64,53,67
29,65,64,53,67
30,65,64,53,67
31,65,64,53,67
32,65,64,53,67
33,65,64,53,67
34,65,64,53,67
35,65,64,53,67
36,65,64,53,67
37,65,64,53,67
38,65,64,53,67
39,65,64,53,67
40,65,64,53,67
41,65,64,53,67
42,65,64,53,67
43,65,64,53,67
44,65,64,53,67
45,65,64,53,67
46,65,64,53,67
47,65,64,53,67
48,65,64,53,67
49,65,64,53,67
50,65,64,53,67
51,65,64,53,67
52,65,64,53,67
53,65,64,53,67
54,65,64,53,67
55,65,64,53,67
56,65,64,53,67
57,65,64,53,67
58,65,64,53,67
59,65,64,53,67
60,65,64,53,67
61,65,64,53,67
62,65,64,53,67
63,65,64,53,67
64,65,64,53,67
65,65,64,53,67
66,65,64,53,67
67,65,64,53,67
68,65,64,53,67
69,65,64,53,67
70,65,64,53,67
71,65,64,53,67
72,65,64,53,67
73,65,64,53,67
74,65,64,53,67
75,65,64,53,67
76,65,64,53,67
77,65,64,53,67
78,65,64,53,67
79,65,64,53,67
80,65,64,53,67
81,65,64,53,67
82,65,65,53,67
83,65,66,53,67
84,65,67,53,67
85,65,67,53,67
86,66,68,53,67
87,66,68,53,67
88,66,69,53,67
89,66,70,53,67
90,66,71,53,67
91,66,72,53,67
92,66,73,53,67
93,66,74,53,67
94,66,75,53,67
95,66,76,53,67
96,67,77,53,67
97,68,78,53,67
98,69,79,53,67
99,69,80,53,67
100,69,81,53,67
101,69,82,53,67
102,69,83,53,67
103,69,84,53,67
104,69,85,53,67
105,69,86,53,67
106,69,87,53,67
107,69,88,53,67
108,69,90,53,67
109,69,92,53,67
110,69,94,53,67
111,69,96,53,67
112,69,98,53,67
113,69,100,53,67
114,69,102,53,67
115,69,104,53,67
116,69,106,53,67
117,69,108,53,67
118,69,110,53,67
119,69,112,53,67
120,69,114,53,67
121,69,116,53,67
122,69,117,53,67
123,68,118,53,67
124,68,120,53,67
125,68,122,53,67
126,67,123,53,67
127,66,124,53,67
128,65,125,53,67
129,64,126,53,67
130,63,127,53,67
131,61,128,53,67
132,59,128,53,67
133,57,128,53,67
134,55,128,53,67
135,54,128,53,67
136,53,128,53,67
137,51,128,53,67
138,50,128,53,67
139,49,128,53,67
140,48,128,53,67
141,47,128,53,67
142,46,128,53,67
143,45,128,53,67
144,44,128,53,67
145,42,128,53,67
146,41,128,53,67
147,40,128,53,67
148,39,128,53,67
149,38,128,53,67
150,37,128,53,67
151,36,128,53,67
152,35,128,53,67
153,35,128,53,67
154,35,128,53,67
155,35,128,53,67
156,33,127,53,67
157,31,126,53,67
158,29,125,53,67
159,26,124,53,67
160,24,123,53,67
161,22,122,53,67
162,21,121,53,67
163,19,120,53,67
164,18,119,53,67
165,17,118,53,67
166,15,117,53,67
167,14,116,53,67
168,12,116,53,67
169,11,115,53,67
170,9,115,53,67
171,8,114,53,67
172,7,113,53,67
173,6,113,53,67
174,4,113,53,67
175,2,113,53,67
176,2,112,53,67
177,2,111,53,67
178,2,110,53,67
179,2,110,53,67
180,2,109,53,67
181,2,109,53,67
182,2,108,53,67
183,2,108,53,67
184,2,107,53,67
185,2,107,53,67
186,2,106,53,67
187,2,105,53,67
188,2,104,53,67
189,2,103,53,67
190,2,102,53,67
191,2,102,53,67
192,2,101,53,67
193,2,100,53,67
194,2,100,53,67
195,2,99,53,67
196,2,98,53,67
197,2,97,53,67
198,2,97,53,67
199,2,96,53,67
200,2,96,53,67
201,2,95,53,67
202,2,94,53,67
203,2,94,53,67
204,2,93,53,67
205,2,93,53,67
206,2,92,53,67
207,2,91,53,67
208,2,90,53,67
209,2,90,53,67
210,2,89,53,67
211,2,89,53,67
212,2,88,53,67
213,2,88,53,67
214,2,88,53,67
215,2,87,53,67
216,2,86,53,67
217,2,85,53,67
218,2,85,53,67
219,2,85,53,67
220,2,84,53,67
221,2,83,53,67
222,2,82,53,67
223,2,82,53,67
224,2,81,53,67
225,2,80,53,67
226,2,79,53,67
227,2,79,53,67
228,2,78,53,67
229,2,78,53,67
230,2,78,53,67
231,2,78,53,67
232,2,78,53,67
233,2,78,53,67
234,2,77,53,67
235,2,76,53,67
236,2,75,53,67
237,2,75,53,67
238,2,74,53,67
239,2,74,53,67
240,2,73,53,67
241,2,72,53,67
242,2,71,53,67
243,2,71,53,67
244,2,71,53,67
245,2,71,53,67
246,2,70,53,67
247,2,70,53,67
248,2,69,53,67
249,2,68,53,67
250,2,67,53,67
251,2,66,53,67
252,2,65,53,67
253,2,64,53,67
254,2,63,53,67
255,2,63,53,67
256,2,62,53,67
257,2,61,53,67
258,2,60,53,67
259,2,60,53,67
260,2,59,53,67
261,2,59,53,67
262,2,58,53,67
263,2,58,53,67
264,2,57,53,67
265,2,57,53,67
266,2,56,53,67
267,2,56,53,67
268,2,56,53,67
269,2,56,53,67
270,2,56,53,67
271,2,56,53,67
272,2,56,53,67
273,2,56,53,67
274,2,56,53,67
275,2,56,53,67
276,2,56,53,67
277,2,56,53,67
278,2,55,53,67
279,2,55,53,67
280,2,54,53,67
281,2,54,53,67
282,2,54,53,67
283,2,53,53,67
284,2,52,53,67
285,2,51,53,67
286,2,50,53,67
287,2,50,53,67
288,2,49,53,67
289,2,49,53,67
290,2,49,53,67
291,2,48,53,67
292,2,48,53,67
293,2,48,53,67
294,2,48,53,67
295,2,48,53,67
296,2,47,53,67
297,2,47,53,67
298,2,46,53,67
299,2,46,53,67
300,2,46,53,67
301,2,45,53,67
302,2,45,53,67
303,2,45,53,67
304,2,44,53,67
305,2,44,53,67
306,2,44,53,67
307,2,44,53,67
308,2,44,53,67
309,2,43,53,67
310,2,43,53,67
311,2,43,53,67
312,2,43,53,67
313,2,43,53,67
314,2,43,53,67
315,2,43,53,67
316,2,43,53,67
317,2,43,53,67
318,2,43,53,67
319,2,43,53,67
320,2,43,53,67
321,2,43,53,67
322,2,42,53,67
323,2,42,53,67
324,2,42,53,67
325,2,42,53,67
326,2,42,53,67
327,2,42,53,67
328,2,42,53,67
329,2,42,53,67
330,2,42,53,67
331,2,42,53,67
332,2,42,53,67
333,2,42,53,67
334,2,42,53,67
335,2,42,53,67
336,2,42,53,67
337,2,42,53,67
338,2,42,53,67
339,2,42,53,67
340,2,42,53,67
341,2,42,53,67
342,2,42,53,67
343,2,42,53,67
344,2,42,53,67
345,2,42,53,67
346,2,42,53,67
347,2,42,53,67
348,2,42,53,67
349,2,42,53,67
350,2,42,53,67
351,2,42,53,67
352,2,42,53,67
353,2,42,53,67
354,2,42,53,67
355,2,42,53,67
356,2,42,53,67
357,2,42,53,67
358,2,42,53,67
359,2,42,53,67
360,2,42,53,67
361,2,42,53,67
362,2,42,53,67
363,2,42,53,67
364,2,42,53,67
365,2,42,53,67
366,2,42,53,67
367,2,42,53,67
368,2,42,53,67
369,2,42,53,67
370,2,42,53,67
371,2,42,53,67
372,2,42,53,67
373,2,42,53,67
374,2,42,53,67
375,2,42,53,67
376,2,42,53,67
377,2,42,53,67
378,2,42,53,67
379,2,42,53,67
380,2,42,53,67
381,2,42,53,67
382,2,42,53,67
383,2,42,53,67
384,2,42,53,67
385,2,42,53,67
386,2,42,53,67
387,2,42,53,67
388,2,42,53,67
389,2,42,53,67
390,2,42,53,67
391,2,42,53,67
392,2,42,53,67
393,2,42,53,67
394,2,42,53,67
395,2,42,53,67
396,2,42,53,67
397,2,42,53,67
398,2,42,53,67
399,2,42,53,67
400,2,42,53,67
401,2,42,53,67
402,2,42,53,67
403,2,42,53,67
404,2,42,53,67
405,2,42,53,67
406,2,42,53,67
