05-Shape 11
1,479,195,209,332
2,482,197,209,332
3,484,201,209,332
4,486,203,209,332
5,488,202,209,332
6,489,201,209,332
7,490,198,209,332
8,491,195,209,332
9,493,197,209,332
10,495,201,209,332
11,497,202,209,332
12,504,204,209,332
13,511,207,209,332
14,516,207,209,332
15,523,214,209,332
16,528,220,209,332
17,536,227,209,332
18,542,235,209,332
19,549,244,209,332
20,555,253,209,332
21,563,262,209,332
22,571,271,209,332
23,577,280,209,332
24,585,291,209,332
25,593,301,209,332
26,601,311,209,332
27,611,321,209,332
28,619,330,209,332
29,626,338,209,332
30,633,344,209,332
31,640,355,209,332
32,647,366,209,332
33,652,379,209,332
34,660,387,209,332
35,661,387,209,332
36,676,387,209,332
37,688,387,209,332
38,700,387,209,332
39,719,387,209,332
40,721,387,209,332
41,733,387,209,332
42,764,386,209,332
43,765,387,209,332
44,787,387,209,332
45,793,387,209,332
46,803,387,209,332
47,800,387,209,332
48,797,387,209,332
49,777,384,209,332
50,766,387,209,332
51,766,387,209,332
52,751,387,209,332
53,739,387,209,332
54,738,387,209,332
55,730,386,209,332
56,724,385,209,332
57,722,387,209,332
58,718,387,209,332
59,713,384,209,332
60,715,387,209,332
61,713,386,209,332
62,710,386,209,332
63,710,387,209,332
64,709,386,209,332
65,703,386,209,332
66,701,386,209,332
67,697,385,209,332
68,694,386,209,332
69,693,387,209,332
70,693,387,209,332
71,693,387,209,332
72,692,385,209,332
73,693,386,209,332
74,693,387,209,332
75,693,387,209,332
76,691,387,209,332
77,692,387,209,332
78,690,386,209,332
79,689,386,209,332
80,691,387,209,332
81,691,387,209,332
82,687,386,209,332
83,692,386,209,332
84,693,387,209,332
85,694,387,209,332
86,691,387,209,332
87,691,387,209,332
88,691,387,209,332
89,693,387,209,332
90,694,387,209,332
91,693,387,209,332
92,696,387,209,332
93,701,387,209,332
94,707,387,209,332
95,713,386,209,332
96,718,387,209,332
97,726,387,209,332
98,729,387,209,332
99,731,386,209,332
100,737,387,209,332
101,738,387,209,332
102,739,387,209,332
103,739,385,209,332
104,739,387,209,332
105,747,387,209,332
106,749,386,209,332
107,755,387,209,332
108,767,386,209,332
109,775,387,209,332
110,786,387,209,332
111,795,387,209,332
112,798,386,209,332
113,806,387,209,332
114,810,386,209,332
115,816,386,209,332
116,824,387,209,332
117,827,386,209,332
118,835,386,209,332
119,842,386,209,332
120,847,386,209,332
121,849,387,209,332
122,852,386,209,332
123,856,387,209,332
124,865,386,209,332
125,870,387,209,332
126,876,387,209,332
127,883,386,209,332
128,883,386,209,332
129,885,387,209,332
130,895,387,209,332
131,898,387,209,332
132,901,387,209,332
133,902,387,209,332
134,903,386,209,332
135,902,386,209,332
136,906,387,209,332
137,906,387,209,332
138,906,387,209,332
139,907,387,209,332
140,907,386,209,332
141,907,386,209,332
142,908,387,209,332
143,907,386,209,332
144,910,386,209,332
145,909,385,209,332
146,914,387,209,332
147,917,387,209,332
148,923,386,209,332
149,923,386,209,332
150,926,386,209,332
151,929,387,209,332
152,931,387,209,332
153,932,386,209,332
154,936,387,209,332
155,938,387,209,332
156,938,387,209,332
157,938,386,209,332
158,940,387,209,332
159,941,387,209,332
160,940,387,209,332
161,940,386,209,332
162,940,386,209,332
163,938,387,209,332
164,936,386,209,332
165,937,386,209,332
166,936,386,209,332
167,934,386,209,332
168,934,386,209,332
169,931,385,209,332
170,930,386,209,332
171,929,387,209,332
172,927,387,209,332
173,923,387,209,332
174,921,387,209,332
175,918,387,209,332
176,919,387,209,332
177,918,387,209,332
178,919,387,209,332
179,920,386,209,332
180,918,386,209,332
181,915,386,209,332
182,913,387,209,332
183,911,386,209,332
184,911,387,209,332
185,911,386,209,332
186,910,385,209,332
187,911,385,209,332
188,911,385,209,332
189,912,387,209,332
190,914,387,209,332
191,914,386,209,332
192,914,386,209,332
193,914,386,209,332
194,914,385,209,332
195,914,385,209,332
196,915,385,209,332
197,918,384,209,332
198,920,384,209,332
199,920,382,209,332
200,922,381,209,332
201,924,380,209,332
202,926,379,209,332
203,931,377,209,332
204,934,376,209,332
205,934,377,209,332
206,937,376,209,332
207,939,375,209,332
208,947,374,209,332
209,947,374,209,332
210,950,373,209,332
211,955,375,209,332
212,958,375,209,332
213,961,374,209,332
214,964,373,209,332
215,967,372,209,332
216,970,371,209,332
217,973,370,209,332
218,976,370,209,332
219,979,370,209,332
220,982,370,209,332
221,983,370,209,332
222,986,372,209,332
223,992,375,209,332
224,996,377,209,332
225,999,379,209,332
226,1004,384,209,332
227,1007,385,209,332
228,1010,387,209,332
229,1014,387,209,332
230,1014,386,209,332
231,1015,386,209,332
232,1015,386,209,332
233,1016,385,209,332
234,1016,386,209,332
235,1016,386,209,332
236,1013,386,209,332
237,1012,386,209,332
238,1013,385,209,332
239,1013,385,209,332
240,1010,387,209,332
241,1009,387,209,332
242,1009,387,209,332
243,1008,387,209,332
244,1007,387,209,332
245,1004,386,209,332
246,1003,387,209,332
247,1003,386,209,332
248,1004,387,209,332
249,1003,387,209,332
250,1003,386,209,332
251,1002,387,209,332
252,1001,387,209,332
253,1000,387,209,332
254,999,386,209,332
255,999,385,209,332
256,999,384,209,332
257,1000,384,209,332
258,1001,384,209,332
259,1003,384,209,332
260,1005,384,209,332
261,1006,385,209,332
262,1007,386,209,332
263,1009,386,209,332
264,1009,386,209,332
265,1008,386,209,332
266,1009,385,209,332
267,1011,387,209,332
268,1011,385,209,332
269,1011,386,209,332
270,1010,386,209,332
271,1019,386,209,332
272,1017,384,209,332
273,1022,387,209,332
274,1023,387,209,332
275,1023,386,209,332
276,1027,386,209,332
277,1031,386,209,332
278,1035,386,209,332
279,1036,387,209,332
280,1034,387,209,332
281,1038,387,209,332
282,1042,386,209,332
283,1043,384,209,332
284,1049,384,209,332
285,1055,387,209,332
286,1054,387,209,332
287,1063,385,209,332
288,1068,386,209,332
289,1070,386,209,332
290,1070,386,209,332
291,1070,387,209,332
292,1070,387,209,332
293,1070,387,209,332
294,0,387,209,332
295,1,387,209,332
296,4,385,209,332
297,9,386,209,332
298,12,387,209,332
299,20,386,209,332
300,26,387,209,332
301,30,386,209,332
