06-MotionSmoothness 17
4,154,44,66,97
5,154,44,66,97
6,154,44,66,97
7,154,44,66,97
8,154,44,66,97
9,154,44,66,97
10,154,44,66,97
11,154,44,66,97
12,154,44,66,97
13,154,44,66,97
14,154,44,66,97
15,154,44,66,97
16,154,44,66,97
17,154,44,66,97
18,154,44,66,97
19,154,44,66,97
20,154,44,66,97
21,154,44,66,97
22,154,44,66,97
23,154,44,66,97
24,154,44,66,97
25,154,44,66,97
26,154,44,66,97
27,154,43,66,97
28,154,43,66,97
29,154,43,66,97
30,154,43,66,97
31,154,43,66,97
32,154,43,66,97
33,154,43,66,97
34,154,43,66,97
35,154,43,66,97
36,154,43,66,97
37,154,42,66,97
38,154,42,66,97
39,155,42,66,97
40,155,42,66,97
41,155,42,66,97
42,155,42,66,97
43,155,42,66,97
44,155,42,66,97
45,154,42,66,97
46,153,42,66,97
47,152,42,66,97
48,150,42,66,97
49,148,42,66,97
50,148,42,66,97
51,146,42,66,97
52,145,42,66,97
53,143,42,66,97
54,141,42,66,97
55,139,42,66,97
56,139,42,66,97
57,138,42,66,97
58,137,42,66,97
59,136,42,66,97
60,135,42,66,97
61,135,42,66,97
62,135,42,66,97
63,135,42,66,97
64,135,42,66,97
65,135,42,66,97
66,136,42,66,97
67,136,42,66,97
68,136,42,66,97
69,136,42,66,97
70,137,42,66,97
71,139,42,66,97
72,140,42,66,97
73,141,42,66,97
74,141,42,66,97
75,142,42,66,97
76,143,42,66,97
77,143,42,66,97
78,143,42,66,97
79,144,42,66,97
80,144,42,66,97
81,145,42,66,97
82,146,43,66,97
83,147,43,66,97
84,147,43,66,97
85,147,43,66,97
86,147,43,66,97
87,147,43,66,97
88,147,43,66,97
89,147,42,66,97
90,147,41,66,97
91,147,40,66,97
92,147,40,66,97
93,147,39,66,97
94,147,39,66,97
95,147,39,66,97
96,147,39,66,97
97,146,39,66,97
98,146,39,66,97
99,145,39,66,97
100,144,39,66,97
101,143,39,66,97
102,142,39,66,97
103,141,39,66,97
104,141,39,66,97
105,140,39,66,97
106,139,39,66,97
107,138,39,66,97
108,137,39,66,97
109,136,39,66,97
110,136,39,66,97
111,135,39,66,97
112,134,39,66,97
113,132,39,66,97
114,131,39,66,97
115,131,39,66,97
116,131,39,66,97
117,131,39,66,97
118,130,39,66,97
119,129,39,66,97
120,129,39,66,97
121,129,39,66,97
122,129,39,66,97
123,129,39,66,97
124,129,39,66,97
125,129,39,66,97
126,129,39,66,97
127,129,39,66,97
128,129,39,66,97
129,129,39,66,97
130,129,39,66,97
131,129,39,66,97
132,129,39,66,97
133,129,39,66,97
134,129,39,66,97
135,129,39,66,97
136,129,39,66,97
137,130,39,66,97
138,131,39,66,97
139,133,39,66,97
140,133,39,66,97
141,135,39,66,97
142,137,39,66,97
143,139,39,66,97
144,141,39,66,97
145,143,39,66,97
146,143,39,66,97
147,145,39,66,97
148,147,39,66,97
149,149,39,66,97
150,150,39,66,97
151,151,39,66,97
152,151,39,66,97
153,152,39,66,97
154,153,39,66,97
155,154,39,66,97
156,154,39,66,97
157,155,39,66,97
158,155,39,66,97
159,155,39,66,97
160,155,39,66,97
161,155,39,66,97
162,155,39,66,97
163,155,39,66,97
164,155,40,66,97
165,155,40,66,97
166,155,40,66,97
167,155,40,66,97
168,155,40,66,97
169,155,40,66,97
170,155,40,66,97
171,156,41,66,97
172,157,42,66,97
173,158,43,66,97
174,159,44,66,97
175,160,44,66,97
176,160,44,66,97
177,161,45,66,97
178,162,45,66,97
179,163,45,66,97
180,164,46,66,97
181,165,46,66,97
182,165,46,66,97
183,166,46,66,97
184,167,46,66,97
185,168,46,66,97
186,170,46,66,97
187,171,46,66,97
188,171,46,66,97
189,172,46,66,97
190,173,46,66,97
191,174,46,66,97
192,175,46,66,97
193,175,46,66,97
194,175,46,66,97
195,175,46,66,97
196,175,46,66,97
197,175,46,66,97
198,175,46,66,97
199,175,46,66,97
200,175,46,66,97
201,174,46,66,97
202,173,46,66,97
203,172,46,66,97
204,171,46,66,97
205,170,46,66,97
206,170,46,66,97
207,169,46,66,97
208,168,46,66,97
209,167,46,66,97
210,166,45,66,97
211,165,45,66,97
212,164,45,66,97
213,164,45,66,97
214,163,45,66,97
215,162,45,66,97
216,161,45,66,97
217,160,45,66,97
218,159,45,66,97
219,159,45,66,97
220,158,45,66,97
221,157,45,66,97
222,155,45,66,97
223,154,45,66,97
224,153,45,66,97
225,153,45,66,97
226,152,45,66,97
227,151,45,66,97
228,150,45,66,97
229,149,45,66,97
230,148,45,66,97
231,148,45,66,97
232,147,45,66,97
233,146,45,66,97
234,145,45,66,97
235,143,45,66,97
236,142,45,66,97
237,142,45,66,97
238,141,45,66,97
239,140,45,66,97
240,139,45,66,97
241,138,45,66,97
242,137,45,66,97
243,137,45,66,97
244,136,45,66,97
245,135,45,66,97
246,134,45,66,97
247,133,45,66,97
248,132,45,66,97
249,132,45,66,97
250,131,45,66,97
251,131,45,66,97
252,130,45,66,97
253,129,45,66,97
254,129,45,66,97
255,129,45,66,97
256,129,45,66,97
257,128,45,66,97
258,127,45,66,97
259,126,45,66,97
260,126,45,66,97
261,126,45,66,97
262,125,45,66,97
263,124,45,66,97
264,123,46,66,97
265,123,46,66,97
266,122,46,66,97
267,122,46,66,97
268,122,46,66,97
269,122,46,66,97
270,122,46,66,97
271,123,46,66,97
272,123,46,66,97
273,123,46,66,97
274,124,46,66,97
275,125,46,66,97
276,127,46,66,97
277,129,47,66,97
278,130,48,66,97
279,130,48,66,97
280,131,48,66,97
281,132,48,66,97
282,133,48,66,97
283,134,48,66,97
284,136,48,66,97
285,136,48,66,97
286,138,48,66,97
287,139,48,66,97
288,141,48,66,97
289,142,48,66,97
290,142,48,66,97
291,142,48,66,97
292,143,48,66,97
293,146,48,66,97
294,147,48,66,97
295,148,48,66,97
296,149,48,66,97
297,149,48,66,97
298,150,48,66,97
299,151,48,66,97
300,151,48,66,97
301,151,48,66,97
302,151,48,66,97
303,151,48,66,97
