06-MotionSmoothness 14
50,529,302,29,29
51,531,301,29,29
52,530,303,29,29
53,531,303,29,29
54,534,301,29,29
55,536,302,29,29
56,543,303,29,29
57,542,302,29,29
58,547,301,29,29
59,545,303,29,29
60,546,299,29,29
61,544,300,29,29
62,543,300,29,29
63,545,299,29,29
64,543,298,29,29
65,544,299,29,29
66,541,297,29,29
67,542,297,29,29
68,541,300,29,29
69,544,298,29,29
70,545,299,29,29
71,547,297,29,29
72,545,299,29,29
73,547,298,29,29
74,549,297,29,29
75,549,297,29,29
76,549,297,29,29
77,551,295,29,29
78,550,299,29,29
79,525,297,29,29
80,523,296,29,29
81,525,299,29,29
82,524,298,29,29
83,488,298,29,29
84,489,298,29,29
85,487,299,29,29
86,486,298,29,29
87,465,298,29,29
88,463,299,29,29
89,462,298,29,29
90,458,298,29,29
91,446,299,29,29
92,444,297,29,29
93,438,298,29,29
94,430,298,29,29
95,424,298,29,29
96,421,299,29,29
97,411,300,29,29
98,460,300,29,29
99,460,302,29,29
100,443,305,29,29
101,443,304,29,29
102,436,306,29,29
103,436,309,29,29
104,436,308,29,29
105,433,310,29,29
106,431,308,29,29
107,429,309,29,29
108,420,310,29,29
109,417,308,29,29
110,420,310,29,29
111,413,312,29,29
112,415,309,29,29
113,1074,625,29,29
114,1059,624,29,29
115,1050,624,29,29
116,1034,626,29,29
117,1021,624,29,29
118,1006,625,29,29
119,1019,627,29,29
120,1010,626,29,29
121,1002,624,29,29
122,990,626,29,29
123,981,625,29,29
124,975,623,29,29
125,964,623,29,29
126,955,623,29,29
127,945,621,29,29
128,935,621,29,29
129,923,623,29,29
130,918,619,29,29
131,904,620,29,29
132,894,619,29,29
133,886,616,29,29
134,880,614,29,29
135,866,613,29,29
136,855,608,29,29
137,842,609,29,29
138,835,605,29,29
139,826,605,29,29
140,815,604,29,29
141,806,603,29,29
142,798,603,29,29
143,788,600,29,29
144,783,601,29,29
145,771,598,29,29
146,767,597,29,29
147,753,599,29,29
148,749,597,29,29
149,738,597,29,29
150,729,599,29,29
151,723,597,29,29
152,715,599,29,29
153,704,599,29,29
154,697,598,29,29
155,689,598,29,29
156,681,600,29,29
157,673,601,29,29
158,662,599,29,29
159,654,601,29,29
160,643,601,29,29
161,638,601,29,29
162,626,602,29,29
163,617,605,29,29
164,607,602,29,29
165,596,604,29,29
166,592,603,29,29
167,581,604,29,29
168,572,605,29,29
169,567,607,29,29
170,559,606,29,29
171,554,607,29,29
172,544,608,29,29
173,542,608,29,29
174,531,607,29,29
175,522,609,29,29
176,517,607,29,29
177,512,606,29,29
178,505,607,29,29
179,495,606,29,29
180,493,603,29,29
181,480,605,29,29
182,475,603,29,29
183,467,601,29,29
184,462,602,29,29
185,455,599,29,29
186,448,597,29,29
187,441,597,29,29
188,436,596,29,29
189,427,593,29,29
190,424,593,29,29
191,421,594,29,29
192,412,592,29,29
193,409,589,29,29
194,403,589,29,29
195,398,586,29,29
196,392,584,29,29
197,386,581,29,29
198,380,576,29,29
199,374,575,29,29
200,374,569,29,29
201,373,560,29,29
202,375,558,29,29
203,371,549,29,29
204,361,544,29,29
205,367,537,29,29
206,368,537,29,29
207,380,529,29,29
208,387,531,29,29
209,361,532,29,29
210,369,532,29,29
211,386,532,29,29
212,400,531,29,29
213,415,529,29,29
214,436,529,29,29
215,444,531,29,29
216,494,525,29,29
217,500,527,29,29
218,475,530,29,29
219,485,528,29,29
220,488,527,29,29
221,497,528,29,29
222,505,524,29,29
223,515,522,29,29
224,526,521,29,29
225,535,519,29,29
226,512,518,29,29
227,524,519,29,29
228,532,515,29,29
229,529,515,29,29
230,540,513,29,29
231,557,511,29,29
232,565,508,29,29
233,577,504,29,29
234,593,499,29,29
235,605,499,29,29
236,614,496,29,29
237,619,492,29,29
238,630,490,29,29
239,635,489,29,29
240,639,483,29,29
241,644,480,29,29
242,652,480,29,29
243,664,473,29,29
244,677,471,29,29
245,683,470,29,29
246,688,465,29,29
247,698,464,29,29
248,665,464,29,29
249,674,465,29,29
250,678,463,29,29
251,693,463,29,29
252,718,461,29,29
253,748,458,29,29
254,773,459,29,29
255,784,456,29,29
256,804,454,29,29
257,750,460,29,29
258,735,459,29,29
259,733,459,29,29
260,729,460,29,29
261,770,461,29,29
262,734,462,29,29
263,734,464,29,29
264,739,465,29,29
265,777,465,29,29
266,677,469,29,29
267,705,473,29,29
268,707,473,29,29
269,710,475,29,29
270,713,480,29,29
271,683,481,29,29
272,693,484,29,29
273,652,486,29,29
274,1070,480,29,29
275,897,487,29,29
276,929,486,29,29
277,952,488,29,29
278,963,492,29,29
279,970,490,29,29
280,955,495,29,29
281,956,432,29,29
282,951,438,29,29
283,936,441,29,29
284,896,441,29,29
285,938,441,29,29
286,898,441,29,29
287,879,446,29,29
288,887,446,29,29
289,930,449,29,29
290,931,452,29,29
291,962,457,29,29
