06-MotionSmoothness 19
4,144,84,39,64
5,146,89,39,64
6,149,93,39,64
7,152,94,39,64
8,155,94,39,64
9,157,93,39,64
10,157,94,39,64
11,157,95,39,64
12,158,96,39,64
13,159,96,39,64
14,162,94,39,64
15,161,90,39,64
16,156,87,39,64
17,152,84,39,64
18,151,81,39,64
19,149,53,39,64
20,146,46,39,64
21,142,43,39,64
22,137,41,39,64
23,130,40,39,64
24,124,39,39,64
25,123,39,39,64
26,123,38,39,64
27,123,37,39,64
28,124,36,39,64
29,135,40,39,64
30,141,45,39,64
31,146,52,39,64
32,151,62,39,64
33,153,74,39,64
34,157,97,39,64
35,159,104,39,64
36,160,102,39,64
37,160,88,39,64
38,160,70,39,64
39,204,172,39,64
40,202,168,39,64
41,199,167,39,64
42,199,166,39,64
43,199,167,39,64
44,207,171,39,64
45,208,172,39,64
46,211,179,39,64
47,213,187,39,64
48,212,190,39,64
49,213,192,39,64
50,209,195,39,64
51,207,199,39,64
52,206,200,39,64
53,204,199,39,64
54,204,208,39,64
55,204,213,39,64
56,209,214,39,64
57,210,215,39,64
58,210,216,39,64
59,209,217,39,64
60,203,217,39,64
61,197,216,39,64
62,196,214,39,64
63,195,209,39,64
64,193,207,39,64
65,192,206,39,64
66,191,208,39,64
67,196,205,39,64
68,196,202,39,64
69,194,195,39,64
70,191,190,39,64
71,188,186,39,64
72,185,183,39,64
73,182,181,39,64
74,178,181,39,64
75,177,181,39,64
76,177,184,39,64
77,178,191,39,64
78,179,193,39,64
79,180,196,39,64
80,179,196,39,64
81,181,195,39,64
82,187,193,39,64
83,192,190,39,64
84,198,186,39,64
85,204,184,39,64
86,210,182,39,64
87,214,180,39,64
88,219,180,39,64
89,228,175,39,64
90,229,175,39,64
91,229,175,39,64
92,231,175,39,64
93,234,175,39,64
94,237,160,39,64
95,238,157,39,64
96,239,156,39,64
97,240,159,39,64
98,240,165,39,64
99,234,174,39,64
100,230,178,39,64
101,228,179,39,64
102,226,179,39,64
103,224,175,39,64
104,223,174,39,64
105,222,168,39,64
106,221,165,39,64
107,220,166,39,64
108,220,169,39,64
109,214,167,39,64
110,209,166,39,64
111,204,164,39,64
112,200,161,39,64
113,198,159,39,64
114,195,158,39,64
115,192,154,39,64
116,189,154,39,64
117,187,155,39,64
118,187,156,39,64
119,186,159,39,64
120,185,161,39,64
121,185,163,39,64
122,187,164,39,64
123,191,166,39,64
124,199,169,39,64
125,201,167,39,64
126,205,168,39,64
127,210,168,39,64
128,217,168,39,64
129,226,169,39,64
130,229,169,39,64
131,232,169,39,64
132,233,169,39,64
133,234,168,39,64
134,235,164,39,64
135,234,163,39,64
136,231,162,39,64
137,227,162,39,64
138,224,162,39,64
139,220,161,39,64
140,219,161,39,64
141,219,161,39,64
142,219,161,39,64
143,219,161,39,64
144,218,160,39,64
145,217,155,39,64
146,215,153,39,64
147,213,150,39,64
148,212,146,39,64
149,210,148,39,64
150,208,147,39,64
151,205,147,39,64
152,200,147,39,64
153,194,148,39,64
154,182,156,39,64
155,179,163,39,64
156,177,168,39,64
157,174,171,39,64
158,171,174,39,64
159,171,178,39,64
160,173,180,39,64
161,175,182,39,64
162,178,182,39,64
163,184,178,39,64
164,193,179,39,64
165,197,180,39,64
166,204,183,39,64
167,210,184,39,64
168,213,185,39,64
169,220,186,39,64
170,223,186,39,64
171,227,186,39,64
172,233,184,39,64
173,238,183,39,64
174,241,181,39,64
175,242,180,39,64
176,241,179,39,64
177,237,178,39,64
178,230,176,39,64
179,215,166,39,64
180,209,160,39,64
181,203,153,39,64
182,198,146,39,64
183,195,140,39,64
184,190,132,39,64
185,189,134,39,64
186,189,138,39,64
187,189,144,39,64
188,189,152,39,64
189,189,158,39,64
190,190,160,39,64
191,191,160,39,64
192,193,157,39,64
193,197,159,39,64
194,205,167,39,64
195,206,170,39,64
196,206,175,39,64
197,206,183,39,64
198,205,190,39,64
199,205,189,39,64
200,205,186,39,64
201,204,184,39,64
202,203,184,39,64
203,202,185,39,64
204,203,193,39,64
205,204,199,39,64
206,205,206,39,64
207,206,213,39,64
208,206,221,39,64
209,206,223,39,64
210,206,213,39,64
211,206,203,39,64
212,207,197,39,64
213,208,190,39,64
214,209,176,39,64
215,210,177,39,64
216,210,175,39,64
217,210,179,39,64
218,210,183,39,64
219,209,169,39,64
220,209,155,39,64
221,210,149,39,64
222,211,143,39,64
223,211,139,39,64
224,211,137,39,64
225,210,138,39,64
226,209,141,39,64
227,209,147,39,64
228,208,154,39,64
229,201,156,39,64
230,199,155,39,64
231,198,154,39,64
232,196,152,39,64
233,195,151,39,64
234,194,151,39,64
235,194,152,39,64
236,194,153,39,64
237,194,153,39,64
238,196,153,39,64
239,201,152,39,64
240,203,151,39,64
241,206,150,39,64
242,213,148,39,64
243,220,146,39,64
244,225,146,39,64
245,232,145,39,64
246,240,144,39,64
247,246,144,39,64
248,247,144,39,64
249,251,142,39,64
250,253,141,39,64
251,255,140,39,64
252,257,139,39,64
253,259,138,39,64
254,265,136,39,64
255,268,135,39,64
256,270,135,39,64
257,272,135,39,64
258,273,135,39,64
259,274,133,39,64
260,274,133,39,64
261,271,133,39,64
262,264,134,39,64
263,259,135,39,64
264,252,135,39,64
265,248,134,39,64
266,245,134,39,64
267,240,134,39,64
268,235,135,39,64
269,233,135,39,64
270,232,136,39,64
271,230,137,39,64
272,228,138,39,64
273,227,139,39,64
274,224,141,39,64
275,222,141,39,64
276,220,142,39,64
277,216,143,39,64
278,209,146,39,64
279,187,153,39,64
280,186,154,39,64
281,185,155,39,64
282,183,156,39,64
283,183,156,39,64
284,191,155,39,64
285,194,154,39,64
286,198,152,39,64
287,204,149,39,64
288,211,145,39,64
289,217,139,39,64
290,221,136,39,64
291,225,133,39,64
292,228,131,39,64
293,232,130,39,64
294,234,130,39,64
295,233,130,39,64
296,232,130,39,64
297,230,130,39,64
298,229,129,39,64
299,229,130,39,64
300,227,131,39,64
301,225,132,39,64
302,223,134,39,64
303,220,136,39,64
304,211,139,39,64
305,208,140,39,64
306,206,141,39,64
307,203,142,39,64
308,202,144,39,64
309,203,153,39,64
310,204,157,39,64
311,206,158,39,64
