06-MotionSmoothness 10
135,1320,377,59,97
136,1325,377,59,97
137,1329,369,59,97
138,1338,362,59,97
139,1341,357,59,97
140,1337,353,59,97
141,1332,350,59,97
142,1328,344,59,97
143,1326,337,59,97
144,1324,330,59,97
145,1325,323,59,97
146,1329,320,59,97
147,1333,318,59,97
148,1338,313,59,97
149,1342,307,59,97
150,1340,302,59,97
151,1336,300,59,97
152,1328,304,59,97
153,1319,310,59,97
154,1313,317,59,97
155,1305,325,59,97
156,1295,332,59,97
157,1284,337,59,97
158,1272,342,59,97
159,1258,351,59,97
160,1246,356,59,97
161,1237,361,59,97
162,1229,374,59,97
163,1225,394,59,97
164,1228,412,59,97
165,1228,425,59,97
166,1223,437,59,97
167,1217,449,59,97
168,1209,458,59,97
169,1199,468,59,97
170,1184,477,59,97
171,1170,482,59,97
172,1160,489,59,97
173,1150,496,59,97
174,1138,503,59,97
175,1126,509,59,97
176,1115,515,59,97
177,1102,521,59,97
178,1084,529,59,97
179,1062,537,59,97
180,1047,540,59,97
181,1026,547,59,97
182,1012,553,59,97
183,1010,559,59,97
184,1011,560,59,97
185,1004,560,59,97
186,994,562,59,97
187,986,564,59,97
188,984,566,59,97
189,981,568,59,97
190,975,570,59,97
191,967,570,59,97
192,959,566,59,97
193,949,562,59,97
194,938,560,59,97
195,930,560,59,97
196,919,559,59,97
197,911,553,59,97
198,901,546,59,97
199,885,544,59,97
200,870,546,59,97
201,861,549,59,97
202,850,551,59,97
203,837,553,59,97
204,827,557,59,97
205,815,559,59,97
206,809,557,59,97
207,795,553,59,97
208,779,548,59,97
209,763,545,59,97
210,748,549,59,97
211,737,551,59,97
212,724,550,59,97
213,711,549,59,97
214,697,539,59,97
215,677,530,59,97
216,649,533,59,97
217,625,537,59,97
218,606,534,59,97
219,592,526,59,97
220,606,555,59,97
221,591,549,59,97
222,573,544,59,97
223,552,542,59,97
224,529,538,59,97
225,507,534,59,97
226,487,537,59,97
227,475,538,59,97
228,469,538,59,97
229,460,538,59,97
230,450,535,59,97
231,450,522,59,97
232,453,510,59,97
233,444,505,59,97
234,432,502,59,97
235,430,495,59,97
236,435,489,59,97
237,442,486,59,97
238,446,489,59,97
239,452,491,59,97
240,460,491,59,97
241,465,493,59,97
242,469,498,59,97
243,474,507,59,97
244,481,513,59,97
245,491,517,59,97
246,505,523,59,97
247,511,525,59,97
248,511,522,59,97
249,504,525,59,97
250,491,529,59,97
251,481,527,59,97
252,477,525,59,97
253,478,524,59,97
254,484,523,59,97
255,494,524,59,97
256,504,530,59,97
257,516,535,59,97
258,538,535,59,97
259,572,541,59,97
260,588,552,59,97
261,601,559,59,97
262,614,561,59,97
263,628,564,59,97
264,639,561,59,97
265,652,559,59,97
266,665,556,59,97
267,674,559,59,97
268,675,559,59,97
269,678,556,59,97
270,686,550,59,97
271,693,553,59,97
272,694,568,59,97
273,695,579,59,97
274,701,587,59,97
275,707,595,59,97
276,718,600,59,97
277,735,598,59,97
278,757,606,59,97
279,768,614,59,97
280,769,619,59,97
281,764,625,59,97
282,758,633,59,97
283,751,639,59,97
284,747,643,59,97
285,749,645,59,97
286,748,647,59,97
287,751,653,59,97
288,759,657,59,97
289,761,663,59,97
290,758,670,59,97
291,756,679,59,97
292,755,689,59,97
293,753,699,59,97
294,752,710,59,97
295,754,719,59,97
296,753,723,59,97
297,747,724,59,97
298,734,721,59,97
299,717,709,59,97
300,701,696,59,97
301,673,683,59,97
302,643,680,59,97
303,620,667,59,97
304,602,654,59,97
305,567,645,59,97
306,522,636,59,97
307,490,632,59,97
308,467,628,59,97
309,445,620,59,97
310,420,614,59,97
311,404,611,59,97
312,391,606,59,97
313,372,596,59,97
314,348,586,59,97
315,324,574,59,97
