06-MotionSmoothness 15
1,973,329,77,50
2,961,333,77,50
3,948,330,77,50
4,936,331,77,50
5,924,333,77,50
6,910,331,77,50
7,894,333,77,50
8,885,332,77,50
9,872,334,77,50
10,864,333,77,50
11,856,335,77,50
12,850,335,77,50
13,848,334,77,50
14,838,337,77,50
15,830,335,77,50
16,823,335,77,50
17,820,338,77,50
18,814,338,77,50
19,814,338,77,50
20,806,340,77,50
21,799,343,77,50
22,790,343,77,50
23,785,346,77,50
24,780,348,77,50
25,773,351,77,50
26,766,352,77,50
27,757,358,77,50
28,747,359,77,50
29,748,362,77,50
30,747,369,77,50
31,742,371,77,50
32,742,376,77,50
33,749,377,77,50
34,750,382,77,50
35,745,386,77,50
36,742,386,77,50
37,745,389,77,50
38,725,392,77,50
39,723,391,77,50
40,725,397,77,50
41,724,395,77,50
42,708,398,77,50
43,699,401,77,50
44,700,401,77,50
45,692,401,77,50
46,669,403,77,50
47,653,405,77,50
48,641,406,77,50
49,808,517,77,50
50,637,528,77,50
51,710,534,77,50
52,714,540,77,50
53,714,540,77,50
54,686,548,77,50
55,686,560,77,50
56,664,568,77,50
57,719,573,77,50
58,776,581,77,50
59,776,584,77,50
60,836,595,77,50
61,821,598,77,50
62,821,598,77,50
63,829,606,77,50
64,766,611,77,50
65,743,598,77,50
66,809,598,77,50
67,801,593,77,50
68,889,591,77,50
69,706,131,77,50
70,645,128,77,50
71,581,126,77,50
72,525,122,77,50
73,584,128,77,50
74,618,141,77,50
75,595,147,77,50
76,662,154,77,50
77,623,165,77,50
78,657,177,77,50
79,900,184,77,50
80,855,197,77,50
81,859,208,77,50
82,959,203,77,50
83,996,192,77,50
84,1022,192,77,50
85,1049,193,77,50
86,1145,178,77,50
87,1180,177,77,50
88,1202,178,77,50
89,858,180,77,50
90,875,177,77,50
91,902,175,77,50
92,920,171,77,50
93,940,169,77,50
94,908,169,77,50
95,919,170,77,50
96,946,166,77,50
97,874,162,77,50
98,875,163,77,50
99,887,161,77,50
100,893,158,77,50
101,892,157,77,50
102,907,152,77,50
103,917,146,77,50
104,911,145,77,50
105,933,136,77,50
106,978,118,77,50
107,977,118,77,50
108,986,125,77,50
109,1006,115,77,50
110,1022,103,77,50
111,1017,101,77,50
112,1036,99,77,50
113,1056,93,77,50
114,1057,92,77,50
115,1059,95,77,50
116,1076,90,77,50
117,1086,86,77,50
118,1095,91,77,50
119,1112,96,77,50
120,1129,100,77,50
121,1129,105,77,50
