07-MotionCoherence 5
230,150,107,60,30
231,148,108,60,30
232,146,108,60,30
233,144,110,60,30
234,144,112,60,30
235,144,113,60,30
236,143,113,60,30
237,141,114,60,30
238,138,114,60,30
239,136,113,60,30
240,135,112,60,30
241,134,110,60,30
242,135,109,60,30
243,134,108,60,30
244,133,108,60,30
245,132,108,60,30
246,132,107,60,30
247,133,107,60,30
248,132,107,60,30
249,131,108,60,30
250,131,107,60,30
251,131,106,60,30
252,130,107,60,30
253,130,108,60,30
254,130,108,60,30
255,128,109,60,30
256,125,111,60,30
257,123,113,60,30
258,123,114,60,30
259,123,115,60,30
260,121,117,60,30
261,120,118,60,30
262,116,119,60,30
263,114,121,60,30
264,117,119,60,30
265,117,117,60,30
266,114,116,60,30
267,114,114,60,30
268,114,114,60,30
269,120,111,60,30
270,116,111,60,30
271,113,113,60,30
272,114,113,60,30
273,114,112,60,30
274,111,111,60,30
275,109,109,60,30
276,111,108,60,30
277,111,108,60,30
278,117,105,60,30
279,117,104,60,30
280,120,102,60,30
281,122,100,60,30
282,118,101,60,30
283,113,102,60,30
284,112,101,60,30
285,116,101,60,30
286,119,102,60,30
287,119,103,60,30
288,119,105,60,30
289,122,107,60,30
290,124,109,60,30
291,124,109,60,30
292,125,113,60,30
293,124,112,60,30
294,122,110,60,30
295,121,107,60,30
296,121,106,60,30
297,123,104,60,30
298,124,104,60,30
299,123,106,60,30
300,123,108,60,30
301,122,110,60,30
302,122,110,60,30
303,118,108,60,30
304,117,106,60,30
305,117,101,60,30
306,119,96,60,30
307,119,93,60,30
308,120,92,60,30
309,123,92,60,30
310,127,91,60,30
311,129,91,60,30
312,130,91,60,30
313,132,92,60,30
314,134,92,60,30
315,134,93,60,30
316,135,94,60,30
317,138,94,60,30
318,138,95,60,30
319,138,95,60,30
320,132,98,60,30
321,134,98,60,30
322,139,97,60,30
323,141,97,60,30
324,141,99,60,30
325,143,100,60,30
326,142,101,60,30
327,141,103,60,30
328,140,103,60,30
329,140,101,60,30
330,141,100,60,30
331,141,99,60,30
332,141,97,60,30
333,142,96,60,30
334,141,99,60,30
335,137,103,60,30
336,137,103,60,30
337,133,104,60,30
338,133,104,60,30
339,133,103,60,30
340,136,103,60,30
341,142,103,60,30
342,145,102,60,30
343,147,102,60,30
344,149,100,60,30
345,154,99,60,30
346,156,100,60,30
347,156,102,60,30
348,156,101,60,30
349,159,105,60,30
350,159,109,60,30
351,159,110,60,30
352,157,112,60,30
353,156,113,60,30
354,156,112,60,30
355,155,110,60,30
356,153,108,60,30
357,152,108,60,30
358,151,107,60,30
359,151,106,60,30
360,151,105,60,30
361,151,105,60,30
362,149,104,60,30
363,148,103,60,30
364,150,102,60,30
365,150,102,60,30
366,150,100,60,30
367,151,100,60,30
368,151,100,60,30
369,151,99,60,30
370,151,99,60,30
371,151,99,60,30
372,151,99,60,30
373,152,99,60,30
374,154,99,60,30
375,155,98,60,30
376,157,98,60,30
377,158,98,60,30
378,160,98,60,30
379,161,98,60,30
380,162,97,60,30
381,162,97,60,30
382,162,97,60,30
383,161,97,60,30
384,161,97,60,30
385,161,98,60,30
386,163,98,60,30
387,165,98,60,30
388,166,98,60,30
389,166,97,60,30
390,166,96,60,30
391,167,96,60,30
392,168,95,60,30
393,169,94,60,30
394,170,93,60,30
395,170,92,60,30
396,170,92,60,30
397,170,92,60,30
398,172,92,60,30
399,175,93,60,30
400,176,94,60,30
401,175,95,60,30
402,172,96,60,30
403,171,96,60,30
404,170,95,60,30
405,170,94,60,30
406,169,93,60,30
407,169,93,60,30
408,167,93,60,30
409,166,93,60,30
410,166,93,60,30
411,166,94,60,30
412,166,94,60,30
413,166,94,60,30
414,166,94,60,30
415,166,94,60,30
416,167,93,60,30
417,168,93,60,30
418,170,93,60,30
419,173,93,60,30
420,175,94,60,30
421,176,96,60,30
422,177,97,60,30
423,178,98,60,30
424,178,98,60,30
425,87,101,60,30
426,87,101,60,30
427,87,101,60,30
428,87,101,60,30
429,87,101,60,30
430,87,101,60,30
431,87,101,60,30
432,89,101,60,30
433,89,101,60,30
434,89,101,60,30
435,89,101,60,30
436,89,101,60,30
437,89,101,60,30
438,89,101,60,30
439,89,101,60,30
440,89,101,60,30
441,89,101,60,30
442,89,101,60,30
443,89,101,60,30
444,89,101,60,30
445,89,101,60,30
446,89,101,60,30
447,89,101,60,30
448,89,101,60,30
449,89,101,60,30
450,89,101,60,30
451,89,101,60,30
452,89,101,60,30
453,89,101,60,30
454,89,101,60,30
455,89,101,60,30
456,89,101,60,30
457,89,101,60,30
458,89,101,60,30
459,89,101,60,30
460,89,101,60,30
461,89,101,60,30
462,89,101,60,30
463,89,101,60,30
464,89,101,60,30
465,89,101,60,30
466,89,101,60,30
467,89,101,60,30
468,89,101,60,30
469,89,101,60,30
470,88,103,60,30
