07-MotionCoherence 9
35,257,233,223,175
36,259,233,223,175
37,260,233,223,175
38,260,233,223,175
39,261,233,223,175
40,261,233,223,175
41,261,233,223,175
42,261,233,223,175
43,261,233,223,175
44,261,233,223,175
45,261,233,223,175
46,261,233,223,175
47,261,233,223,175
48,261,233,223,175
49,261,233,223,175
50,261,233,223,175
51,261,233,223,175
52,261,233,223,175
53,261,233,223,175
54,261,234,223,175
55,260,234,223,175
56,259,234,223,175
57,258,235,223,175
58,257,236,223,175
59,256,237,223,175
60,255,238,223,175
61,254,239,223,175
62,253,240,223,175
63,252,240,223,175
64,251,241,223,175
65,250,242,223,175
66,248,241,223,175
67,245,241,223,175
68,243,242,223,175
69,242,243,223,175
70,241,244,223,175
71,240,245,223,175
72,239,246,223,175
73,239,247,223,175
74,239,248,223,175
75,239,249,223,175
76,239,250,223,175
77,238,251,223,175
78,237,252,223,175
79,237,253,223,175
80,237,254,223,175
81,236,255,223,175
82,236,256,223,175
83,236,257,223,175
84,236,258,223,175
85,236,259,223,175
86,236,260,223,175
87,237,261,223,175
88,237,262,223,175
89,238,263,223,175
90,239,264,223,175
91,239,265,223,175
92,239,266,223,175
93,240,267,223,175
94,240,268,223,175
95,240,269,223,175
96,240,270,223,175
97,240,271,223,175
98,240,272,223,175
99,240,273,223,175
100,240,274,223,175
101,240,275,223,175
102,240,276,223,175
103,240,277,223,175
104,239,278,223,175
105,239,279,223,175
106,239,280,223,175
107,239,281,223,175
108,239,282,223,175
109,238,283,223,175
110,238,284,223,175
111,238,285,223,175
112,238,286,223,175
113,237,288,223,175
114,237,289,223,175
115,237,290,223,175
116,237,291,223,175
117,237,292,223,175
118,237,293,223,175
119,237,294,223,175
120,237,295,223,175
121,237,296,223,175
122,237,297,223,175
123,238,298,223,175
124,237,299,223,175
125,237,299,223,175
126,237,300,223,175
127,236,301,223,175
128,236,302,223,175
129,236,303,223,175
130,236,304,223,175
131,237,304,223,175
132,237,305,223,175
133,237,306,223,175
134,237,307,223,175
135,237,308,223,175
136,238,309,223,175
137,239,310,223,175
138,239,311,223,175
139,240,311,223,175
140,241,311,223,175
141,242,311,223,175
142,242,311,223,175
143,244,311,223,175
144,244,312,223,175
145,244,313,223,175
146,244,314,223,175
147,241,315,223,175
148,241,315,223,175
149,240,316,223,175
150,241,316,223,175
151,241,316,223,175
152,242,316,223,175
153,243,316,223,175
154,244,316,223,175
155,244,317,223,175
156,245,317,223,175
157,246,317,223,175
158,247,317,223,175
159,248,317,223,175
160,248,317,223,175
161,248,317,223,175
162,248,317,223,175
163,247,318,223,175
164,247,318,223,175
165,247,318,223,175
166,247,318,223,175
167,247,318,223,175
168,247,318,223,175
169,247,318,223,175
170,247,318,223,175
171,247,318,223,175
172,247,318,223,175
173,247,318,223,175
174,246,318,223,175
175,245,318,223,175
176,245,318,223,175
177,245,318,223,175
178,245,318,223,175
179,245,318,223,175
180,245,318,223,175
181,245,318,223,175
182,245,318,223,175
183,245,318,223,175
184,244,318,223,175
185,244,318,223,175
186,243,318,223,175
187,243,318,223,175
188,243,318,223,175
189,243,318,223,175
190,243,318,223,175
191,243,318,223,175
192,243,318,223,175
193,243,318,223,175
194,243,318,223,175
195,243,318,223,175
196,243,318,223,175
197,243,318,223,175
198,243,318,223,175
199,243,318,223,175
200,243,318,223,175
201,243,318,223,175
202,243,318,223,175
203,243,318,223,175
204,243,318,223,175
205,243,318,223,175
206,243,318,223,175
207,243,318,223,175
208,243,318,223,175
209,243,318,223,175
210,243,318,223,175
211,243,318,223,175
212,243,318,223,175
213,243,318,223,175
214,243,318,223,175
215,243,318,223,175
216,244,318,223,175
217,244,318,223,175
218,244,318,223,175
219,244,318,223,175
220,244,318,223,175
221,244,318,223,175
222,244,318,223,175
223,244,318,223,175
224,244,318,223,175
225,243,318,223,175
226,243,318,223,175
227,243,318,223,175
228,243,318,223,175
229,243,318,223,175
230,242,318,223,175
231,241,318,223,175
232,241,318,223,175
233,240,318,223,175
234,240,318,223,175
235,240,318,223,175
236,240,318,223,175
237,240,318,223,175
238,240,318,223,175
239,240,318,223,175
240,240,318,223,175
241,240,318,223,175
242,240,318,223,175
243,240,318,223,175
244,240,318,223,175
245,240,318,223,175
246,240,318,223,175
247,240,318,223,175
248,240,318,223,175
249,240,318,223,175
250,240,318,223,175
251,241,318,223,175
252,240,318,223,175
253,241,318,223,175
254,241,318,223,175
255,241,318,223,175
256,241,318,223,175
257,242,318,223,175
258,242,318,223,175
259,242,318,223,175
260,242,318,223,175
261,242,318,223,175
262,242,318,223,175
263,242,318,223,175
264,242,318,223,175
265,242,318,223,175
266,243,318,223,175
267,243,318,223,175
268,244,318,223,175
269,244,318,223,175
270,243,318,223,175
271,243,318,223,175
272,244,318,223,175
273,244,318,223,175
274,244,318,223,175
275,244,318,223,175
