07-MotionCoherence 6
10,902,592,60,65
11,905,591,60,65
12,908,590,60,65
13,911,588,60,65
14,914,588,60,65
15,917,587,60,65
16,919,586,60,65
17,922,585,60,65
18,924,583,60,65
19,927,582,60,65
20,930,580,60,65
21,933,581,60,65
22,935,580,60,65
23,939,578,60,65
24,943,577,60,65
25,946,576,60,65
26,949,575,60,65
27,952,574,60,65
28,956,573,60,65
29,959,572,60,65
30,962,571,60,65
31,965,572,60,65
32,968,581,60,65
33,971,591,60,65
34,973,595,60,65
35,976,595,60,65
36,980,596,60,65
37,983,596,60,65
38,987,597,60,65
39,989,597,60,65
40,992,598,60,65
41,995,597,60,65
42,998,597,60,65
43,1001,598,60,65
44,1004,597,60,65
45,1007,597,60,65
46,1009,597,60,65
47,1013,597,60,65
48,1015,598,60,65
49,1018,598,60,65
50,1020,598,60,65
51,1022,598,60,65
52,1024,598,60,65
53,1026,599,60,65
54,1028,599,60,65
55,1030,599,60,65
56,1031,599,60,65
57,1032,599,60,65
58,1033,597,60,65
59,1034,597,60,65
60,1035,597,60,65
61,1035,595,60,65
62,1027,594,60,65
63,1020,593,60,65
64,1018,592,60,65
65,1015,592,60,65
66,1013,591,60,65
67,1012,591,60,65
68,1011,588,60,65
69,1008,586,60,65
70,1003,585,60,65
71,996,584,60,65
72,993,584,60,65
73,993,583,60,65
74,993,582,60,65
75,993,580,60,65
76,994,579,60,65
77,994,577,60,65
78,995,576,60,65
79,996,575,60,65
80,997,574,60,65
81,997,571,60,65
82,997,569,60,65
83,998,566,60,65
84,999,566,60,65
85,997,564,60,65
86,997,563,60,65
87,997,559,60,65
88,999,558,60,65
89,1000,557,60,65
90,1001,554,60,65
91,1002,551,60,65
92,1004,549,60,65
93,1004,546,60,65
94,1004,544,60,65
95,997,540,60,65
96,990,537,60,65
97,984,534,60,65
98,977,532,60,65
99,970,531,60,65
100,963,528,60,65
101,962,526,60,65
102,963,525,60,65
103,964,523,60,65
104,965,521,60,65
105,966,518,60,65
106,968,516,60,65
107,969,514,60,65
108,971,512,60,65
109,972,509,60,65
110,973,507,60,65
111,975,504,60,65
112,976,501,60,65
113,977,499,60,65
114,980,497,60,65
115,980,496,60,65
116,982,494,60,65
117,983,491,60,65
118,983,489,60,65
119,976,486,60,65
120,966,484,60,65
121,960,482,60,65
122,960,479,60,65
123,960,477,60,65
124,960,475,60,65
125,957,473,60,65
126,950,469,60,65
127,947,467,60,65
128,945,466,60,65
129,941,464,60,65
130,940,461,60,65
131,939,458,60,65
132,938,454,60,65
133,938,450,60,65
134,938,448,60,65
135,938,445,60,65
136,937,442,60,65
137,936,439,60,65
138,935,435,60,65
139,934,433,60,65
140,932,430,60,65
141,932,427,60,65
142,931,425,60,65
143,930,421,60,65
144,930,419,60,65
145,929,416,60,65
146,929,414,60,65
147,928,412,60,65
148,927,410,60,65
