07-MotionCoherence 4
1,258,88,382,131
2,2,225,382,131
3,4,225,382,131
4,6,225,382,131
5,8,225,382,131
6,9,224,382,131
7,11,224,382,131
8,13,224,382,131
9,15,224,382,131
10,17,224,382,131
11,19,223,382,131
12,20,223,382,131
13,22,223,382,131
14,23,223,382,131
15,23,223,382,131
16,24,223,382,131
17,24,222,382,131
18,24,222,382,131
19,24,222,382,131
20,24,222,382,131
21,24,222,382,131
22,24,222,382,131
23,24,222,382,131
24,24,222,382,131
25,24,222,382,131
26,23,222,382,131
27,23,222,382,131
28,23,222,382,131
29,23,222,382,131
30,23,222,382,131
31,23,222,382,131
32,23,222,382,131
33,23,222,382,131
34,23,222,382,131
35,23,222,382,131
36,23,222,382,131
37,23,222,382,131
38,23,222,382,131
39,23,222,382,131
40,23,222,382,131
41,23,222,382,131
42,23,222,382,131
43,23,222,382,131
44,23,222,382,131
45,23,222,382,131
46,23,222,382,131
47,23,222,382,131
48,23,222,382,131
49,23,222,382,131
50,22,222,382,131
51,22,222,382,131
52,21,222,382,131
53,21,222,382,131
54,20,222,382,131
55,20,222,382,131
56,19,222,382,131
57,19,222,382,131
58,19,222,382,131
59,18,222,382,131
60,18,222,382,131
61,17,222,382,131
62,17,222,382,131
63,16,222,382,131
64,15,222,382,131
65,15,222,382,131
66,15,222,382,131
67,15,222,382,131
68,15,222,382,131
69,15,222,382,131
70,15,222,382,131
71,16,222,382,131
72,16,222,382,131
73,16,222,382,131
74,16,222,382,131
75,16,222,382,131
76,16,222,382,131
77,16,222,382,131
78,16,222,382,131
79,16,222,382,131
80,16,222,382,131
81,16,222,382,131
82,16,222,382,131
83,16,222,382,131
84,16,222,382,131
85,16,222,382,131
86,15,222,382,131
87,15,222,382,131
88,14,222,382,131
89,14,222,382,131
90,14,222,382,131
91,14,222,382,131
92,14,222,382,131
93,14,222,382,131
94,14,222,382,131
95,14,222,382,131
96,14,222,382,131
97,14,222,382,131
98,14,222,382,131
99,14,222,382,131
100,14,222,382,131
