08-Clutter 6
4,448,131,23,97
5,448,131,23,97
6,448,131,23,97
7,448,131,23,97
8,448,131,23,97
9,448,131,23,97
10,448,131,23,97
11,448,131,23,97
12,448,131,23,97
13,448,131,23,97
14,448,131,23,97
15,448,131,23,97
16,448,131,23,97
17,448,131,23,97
18,448,131,23,97
19,448,131,23,97
20,448,131,23,97
21,448,131,23,97
22,448,131,23,97
23,448,131,23,97
24,448,131,23,97
25,448,131,23,97
26,448,131,23,97
27,448,131,23,97
28,448,131,23,97
29,448,131,23,97
30,448,131,23,97
31,448,131,23,97
32,448,131,23,97
33,448,131,23,97
34,448,131,23,97
35,448,131,23,97
36,448,131,23,97
37,448,131,23,97
38,448,131,23,97
39,448,131,23,97
40,448,131,23,97
41,448,131,23,97
42,448,131,23,97
43,448,131,23,97
44,446,131,23,97
45,445,131,23,97
46,445,131,23,97
47,445,131,23,97
48,445,131,23,97
49,445,131,23,97
50,445,131,23,97
51,445,131,23,97
52,443,131,23,97
53,442,131,23,97
54,441,131,23,97
55,440,131,23,97
56,439,131,23,97
57,439,131,23,97
58,439,131,23,97
59,439,131,23,97
60,439,131,23,97
61,439,131,23,97
62,439,131,23,97
63,439,131,23,97
64,439,131,23,97
65,437,131,23,97
66,437,131,23,97
67,437,131,23,97
68,437,131,23,97
69,437,131,23,97
70,437,131,23,97
71,437,131,23,97
72,437,131,23,97
73,437,131,23,97
74,437,131,23,97
75,437,131,23,97
76,437,131,23,97
77,437,131,23,97
78,437,131,23,97
79,437,131,23,97
80,437,131,23,97
81,437,131,23,97
82,437,131,23,97
83,437,131,23,97
84,437,131,23,97
85,437,131,23,97
86,437,131,23,97
87,437,131,23,97
88,437,131,23,97
89,437,131,23,97
90,437,131,23,97
91,437,131,23,97
92,437,131,23,97
93,437,131,23,97
94,437,131,23,97
95,437,131,23,97
96,437,131,23,97
97,437,131,23,97
98,437,131,23,97
99,437,131,23,97
100,437,131,23,97
101,437,131,23,97
102,437,131,23,97
103,437,131,23,97
104,437,131,23,97
105,437,131,23,97
106,437,131,23,97
107,437,131,23,97
108,437,131,23,97
109,437,131,23,97
110,437,131,23,97
111,437,131,23,97
112,437,131,23,97
113,437,131,23,97
114,437,131,23,97
115,437,131,23,97
116,437,131,23,97
117,437,131,23,97
118,437,131,23,97
119,437,131,23,97
120,437,131,23,97
121,437,131,23,97
122,437,131,23,97
123,437,131,23,97
124,437,131,23,97
125,437,131,23,97
126,437,131,23,97
127,438,131,23,97
128,438,131,23,97
129,438,131,23,97
130,438,131,23,97
131,438,131,23,97
132,438,131,23,97
133,438,131,23,97
134,438,131,23,97
135,438,131,23,97
136,438,131,23,97
137,438,131,23,97
138,438,131,23,97
139,438,131,23,97
140,438,131,23,97
141,438,131,23,97
142,438,131,23,97
143,438,131,23,97
144,438,131,23,97
145,438,131,23,97
146,438,131,23,97
147,438,131,23,97
148,438,131,23,97
149,438,131,23,97
150,438,131,23,97
151,438,131,23,97
152,438,131,23,97
153,438,131,23,97
154,438,131,23,97
155,438,131,23,97
156,438,131,23,97
157,438,131,23,97
158,438,131,23,97
159,438,131,23,97
160,438,131,23,97
161,438,131,23,97
162,438,131,23,97
163,438,131,23,97
164,438,131,23,97
165,438,131,23,97
166,438,131,23,97
167,438,131,23,97
168,438,131,23,97
169,438,131,23,97
170,438,131,23,97
171,438,131,23,97
172,438,131,23,97
173,438,131,23,97
174,438,131,23,97
175,438,131,23,97
176,438,131,23,97
177,438,131,23,97
178,438,131,23,97
179,438,131,23,97
180,438,131,23,97
181,438,130,23,97
182,438,130,23,97
183,438,130,23,97
184,438,130,23,97
185,438,130,23,97
186,438,130,23,97
187,438,130,23,97
188,438,130,23,97
189,438,130,23,97
190,438,130,23,97
191,438,130,23,97
192,438,130,23,97
193,438,130,23,97
194,438,130,23,97
195,438,130,23,97
196,438,130,23,97
197,438,130,23,97
198,438,130,23,97
199,438,130,23,97
200,438,130,23,97
201,438,130,23,97
202,438,130,23,97
203,438,130,23,97
204,438,130,23,97
205,438,130,23,97
206,438,130,23,97
207,438,130,23,97
208,438,130,23,97
209,438,130,23,97
210,438,130,23,97
211,438,130,23,97
212,438,130,23,97
213,438,130,23,97
214,438,130,23,97
215,438,130,23,97
216,438,130,23,97
217,438,130,23,97
218,438,130,23,97
219,438,130,23,97
220,438,130,23,97
221,438,130,23,97
222,438,130,23,97
223,438,130,23,97
224,438,130,23,97
225,438,130,23,97
226,438,130,23,97
227,438,130,23,97
228,438,130,23,97
229,438,130,23,97
230,438,130,23,97
231,438,130,23,97
232,438,130,23,97
233,438,130,23,97
234,438,130,23,97
235,438,130,23,97
236,438,130,23,97
237,438,130,23,97
238,438,130,23,97
239,438,130,23,97
240,438,130,23,97
241,438,130,23,97
242,438,130,23,97
243,438,130,23,97
244,438,130,23,97
245,438,130,23,97
246,438,130,23,97
247,438,130,23,97
248,438,130,23,97
249,438,130,23,97
250,438,130,23,97
251,438,130,23,97
252,438,130,23,97
253,438,130,23,97
