08-Clutter 1
1,463,632,29,39
2,464,630,29,39
3,465,630,29,39
4,464,630,29,39
5,465,630,29,39
6,465,630,29,39
7,467,630,29,39
8,467,630,29,39
9,467,631,29,39
10,467,631,29,39
11,467,632,29,39
12,467,632,29,39
13,467,632,29,39
14,466,633,29,39
15,466,633,29,39
16,467,634,29,39
17,468,633,29,39
18,469,634,29,39
19,469,633,29,39
20,469,633,29,39
21,468,635,29,39
22,468,635,29,39
23,469,634,29,39
24,469,637,29,39
25,469,636,29,39
26,469,636,29,39
27,469,638,29,39
28,468,639,29,39
29,470,639,29,39
30,470,640,29,39
31,470,640,29,39
32,469,642,29,39
33,470,643,29,39
34,470,643,29,39
35,471,643,29,39
36,472,645,29,39
37,472,645,29,39
38,472,646,29,39
39,474,646,29,39
40,474,647,29,39
41,474,648,29,39
42,475,648,29,39
43,475,650,29,39
44,475,650,29,39
45,475,651,29,39
46,475,651,29,39
47,476,651,29,39
48,476,652,29,39
49,476,652,29,39
50,476,652,29,39
51,477,653,29,39
52,477,653,29,39
53,477,653,29,39
54,477,654,29,39
55,477,654,29,39
56,479,653,29,39
57,479,653,29,39
58,480,654,29,39
59,481,652,29,39
60,482,652,29,39
61,483,652,29,39
62,482,652,29,39
63,483,650,29,39
64,482,650,29,39
65,482,649,29,39
66,480,648,29,39
67,480,647,29,39
68,481,645,29,39
69,480,645,29,39
70,479,644,29,39
71,479,643,29,39
72,478,643,29,39
73,476,642,29,39
74,475,641,29,39
75,474,640,29,39
76,474,639,29,39
77,474,638,29,39
78,474,639,29,39
79,474,638,29,39
80,475,637,29,39
81,476,638,29,39
82,477,638,29,39
83,479,637,29,39
84,480,638,29,39
85,482,638,29,39
86,482,639,29,39
87,483,639,29,39
88,483,640,29,39
89,483,641,29,39
90,484,642,29,39
91,486,642,29,39
92,486,643,29,39
93,486,643,29,39
94,487,643,29,39
95,488,642,29,39
96,488,642,29,39
97,488,641,29,39
98,489,639,29,39
99,488,638,29,39
100,488,636,29,39
101,487,636,29,39
102,487,634,29,39
103,488,632,29,39
104,488,632,29,39
105,488,631,29,39
106,488,632,29,39
107,488,631,29,39
108,490,631,29,39
109,490,631,29,39
110,490,631,29,39
111,491,630,29,39
112,491,630,29,39
113,490,630,29,39
114,490,630,29,39
115,490,631,29,39
116,490,629,29,39
117,490,630,29,39
118,489,631,29,39
119,488,629,29,39
120,488,630,29,39
121,487,631,29,39
122,488,630,29,39
123,489,630,29,39
124,489,631,29,39
125,490,630,29,39
126,491,631,29,39
127,491,631,29,39
128,491,633,29,39
129,490,632,29,39
130,491,632,29,39
131,491,631,29,39
132,491,633,29,39
133,492,630,29,39
134,492,632,29,39
135,492,631,29,39
136,491,631,29,39
137,492,631,29,39
138,491,630,29,39
139,490,631,29,39
140,490,631,29,39
141,491,630,29,39
142,492,630,29,39
143,491,631,29,39
144,492,631,29,39
145,492,630,29,39
146,492,631,29,39
147,491,632,29,39
148,492,631,29,39
149,492,631,29,39
150,491,632,29,39
151,492,630,29,39
152,492,630,29,39
153,491,631,29,39
154,492,629,29,39
155,492,630,29,39
156,491,630,29,39
157,492,629,29,39
158,492,630,29,39
159,492,628,29,39
160,492,628,29,39
161,491,629,29,39
162,492,628,29,39
163,492,629,29,39
164,491,629,29,39
165,490,629,29,39
166,491,629,29,39
167,490,629,29,39
168,489,630,29,39
169,488,628,29,39
170,487,630,29,39
171,487,629,29,39
172,488,630,29,39
173,486,631,29,39
174,487,631,29,39
175,487,632,29,39
176,487,632,29,39
177,486,631,29,39
178,486,633,29,39
179,487,632,29,39
180,487,633,29,39
181,488,634,29,39
182,489,634,29,39
183,490,635,29,39
184,492,634,29,39
185,493,635,29,39
186,493,636,29,39
187,493,634,29,39
188,493,634,29,39
189,493,634,29,39
190,492,634,29,39
191,491,634,29,39
192,492,634,29,39
193,491,636,29,39
194,490,636,29,39
195,490,636,29,39
196,490,637,29,39
197,489,637,29,39
198,488,639,29,39
199,488,639,29,39
200,488,640,29,39
201,487,641,29,39
202,486,640,29,39
203,485,641,29,39
204,484,642,29,39
205,483,642,29,39
206,482,643,29,39
207,482,642,29,39
208,482,642,29,39
209,481,643,29,39
210,480,642,29,39
211,478,643,29,39
212,478,642,29,39
213,478,642,29,39
214,475,642,29,39
215,474,642,29,39
216,474,642,29,39
217,474,641,29,39
218,472,641,29,39
219,472,641,29,39
220,472,641,29,39
221,473,641,29,39
222,473,641,29,39
223,472,641,29,39
224,474,640,29,39
225,474,640,29,39
226,473,640,29,39
227,473,639,29,39
228,474,639,29,39
229,474,639,29,39
230,474,640,29,39
231,476,639,29,39
232,476,639,29,39
233,476,639,29,39
234,475,639,29,39
235,475,638,29,39
236,475,638,29,39
237,475,638,29,39
238,474,638,29,39
239,473,639,29,39
240,474,638,29,39
241,473,639,29,39
242,474,638,29,39
243,475,638,29,39
244,475,639,29,39
245,474,640,29,39
246,474,639,29,39
247,473,639,29,39
248,472,639,29,39
249,472,639,29,39
250,470,639,29,39
251,470,638,29,39
252,470,639,29,39
253,470,639,29,39
254,470,638,29,39
255,471,638,29,39
256,470,639,29,39
257,469,638,29,39
258,468,638,29,39
259,469,638,29,39
260,468,639,29,39
261,467,639,29,39
262,468,639,29,39
263,468,639,29,39
264,467,641,29,39
265,467,641,29,39
266,467,641,29,39
267,468,642,29,39
268,467,642,29,39
269,467,643,29,39
270,467,644,29,39
271,467,644,29,39
272,467,644,29,39
273,467,645,29,39
274,467,646,29,39
275,467,646,29,39
276,467,646,29,39
277,466,646,29,39
278,466,646,29,39
279,466,644,29,39
280,465,645,29,39
281,464,644,29,39
282,464,643,29,39
283,464,643,29,39
284,462,642,29,39
285,462,642,29,39
286,462,641,29,39
287,463,640,29,39
288,463,640,29,39
289,463,639,29,39
290,463,639,29,39
291,464,639,29,39
292,463,639,29,39
293,463,639,29,39
294,464,637,29,39
295,463,637,29,39
296,462,637,29,39
297,463,636,29,39
298,462,636,29,39
299,462,637,29,39
300,461,637,29,39
