08-Clutter 9
16,207,75,69,89
17,209,76,69,89
18,210,78,69,89
19,213,79,69,89
20,216,80,69,89
21,219,81,69,89
22,222,83,69,89
23,227,87,69,89
24,233,88,69,89
25,235,88,69,89
26,234,88,69,89
27,232,88,69,89
28,228,90,69,89
29,223,93,69,89
30,218,98,69,89
31,211,102,69,89
32,201,105,69,89
33,194,108,69,89
34,188,111,69,89
35,183,115,69,89
36,181,122,69,89
37,182,125,69,89
38,185,124,69,89
39,190,119,69,89
40,200,114,69,89
41,208,111,69,89
42,219,108,69,89
43,228,105,69,89
44,237,100,69,89
45,250,94,69,89
46,264,90,69,89
47,276,91,69,89
48,287,95,69,89
49,299,101,69,89
50,308,107,69,89
51,314,110,69,89
52,317,109,69,89
53,317,108,69,89
54,316,107,69,89
55,313,107,69,89
56,307,107,69,89
57,296,107,69,89
58,282,107,69,89
59,270,104,69,89
60,259,102,69,89
61,246,102,69,89
62,233,105,69,89
63,223,111,69,89
64,218,116,69,89
65,213,117,69,89
66,209,117,69,89
67,208,117,69,89
68,211,118,69,89
69,217,119,69,89
70,223,118,69,89
71,228,115,69,89
72,234,114,69,89
73,240,111,69,89
74,242,110,69,89
75,244,110,69,89
76,249,112,69,89
77,255,116,69,89
78,256,120,69,89
79,260,125,69,89
80,267,130,69,89
81,271,135,69,89
82,274,140,69,89
83,280,144,69,89
84,288,146,69,89
85,292,148,69,89
86,299,150,69,89
87,303,152,69,89
88,305,154,69,89
89,307,156,69,89
90,310,159,69,89
91,313,158,69,89
92,315,154,69,89
93,317,157,69,89
94,318,159,69,89
95,321,153,69,89
96,325,150,69,89
97,330,148,69,89
98,338,145,69,89
99,348,143,69,89
100,357,141,69,89
101,365,140,69,89
102,375,139,69,89
103,390,139,69,89
104,406,141,69,89
105,422,145,69,89
106,435,152,69,89
107,445,160,69,89
108,456,166,69,89
109,467,174,69,89
110,477,181,69,89
111,489,187,69,89
112,500,190,69,89
113,510,192,69,89
114,520,195,69,89
115,529,196,69,89
116,539,197,69,89
117,546,200,69,89
118,554,205,69,89
119,562,209,69,89
120,569,213,69,89
