08-Clutter 8
5,234,169,44,47
6,231,169,44,47
7,227,169,44,47
8,223,169,44,47
9,219,169,44,47
10,215,169,44,47
11,211,169,44,47
12,207,169,44,47
13,203,169,44,47
14,198,169,44,47
15,194,169,44,47
16,190,169,44,47
17,186,170,44,47
18,182,170,44,47
19,178,171,44,47
20,175,171,44,47
21,171,172,44,47
22,168,173,44,47
23,165,173,44,47
24,163,173,44,47
25,161,173,44,47
26,160,173,44,47
27,159,174,44,47
28,159,174,44,47
29,159,174,44,47
30,159,174,44,47
31,159,174,44,47
32,159,173,44,47
33,159,173,44,47
34,159,173,44,47
35,160,172,44,47
36,161,171,44,47
37,162,171,44,47
38,164,171,44,47
39,168,171,44,47
40,172,171,44,47
41,176,171,44,47
42,180,171,44,47
43,183,171,44,47
44,186,171,44,47
45,191,170,44,47
46,195,170,44,47
47,200,170,44,47
48,203,170,44,47
49,206,169,44,47
50,209,168,44,47
51,212,168,44,47
52,215,168,44,47
53,218,168,44,47
54,220,168,44,47
55,222,168,44,47
56,223,168,44,47
57,224,168,44,47
58,224,168,44,47
59,224,168,44,47
60,224,168,44,47
61,224,168,44,47
62,224,167,44,47
63,224,166,44,47
64,223,166,44,47
65,222,165,44,47
66,220,164,44,47
67,217,162,44,47
68,213,161,44,47
69,209,161,44,47
70,204,161,44,47
71,199,162,44,47
72,192,163,44,47
73,186,164,44,47
74,179,164,44,47
75,172,164,44,47
76,164,164,44,47
77,156,163,44,47
78,148,163,44,47
79,139,163,44,47
80,130,162,44,47
81,121,163,44,47
82,113,164,44,47
83,103,166,44,47
84,94,167,44,47
85,84,168,44,47
86,76,169,44,47
87,499,230,44,47
88,499,256,44,47
89,499,252,44,47
90,499,252,44,47
91,499,240,44,47
92,499,253,44,47
93,499,234,44,47
94,499,230,44,47
95,499,225,44,47
96,499,225,44,47
97,499,246,44,47
98,499,216,44,47
99,499,200,44,47
100,499,192,44,47
101,499,198,44,47
102,499,184,44,47
103,499,178,44,47
104,499,178,44,47
105,499,184,44,47
106,499,193,44,47
107,499,177,44,47
108,499,177,44,47
109,499,169,44,47
110,499,168,44,47
111,499,172,44,47
112,499,187,44,47
113,499,188,44,47
114,499,178,44,47
115,499,186,44,47
116,499,186,44,47
117,499,186,44,47
118,499,186,44,47
119,499,159,44,47
120,499,159,44,47
121,499,159,44,47
122,499,159,44,47
123,499,159,44,47
124,499,159,44,47
125,499,160,44,47
126,499,160,44,47
127,499,160,44,47
128,499,136,44,47
129,499,136,44,47
130,499,124,44,47
131,499,122,44,47
132,499,138,44,47
133,499,132,44,47
134,499,134,44,47
135,499,155,44,47
136,499,145,44,47
137,499,143,44,47
138,499,139,44,47
139,499,151,44,47
140,499,145,44,47
141,499,157,44,47
142,499,156,44,47
143,499,146,44,47
144,499,166,44,47
145,499,152,44,47
146,499,151,44,47
147,499,152,44,47
148,499,161,44,47
149,499,161,44,47
150,499,161,44,47
151,499,157,44,47
152,499,150,44,47
153,499,148,44,47
154,499,148,44,47
155,499,143,44,47
