08-Clutter 3
200,221,231,45,88
201,220,232,45,88
202,218,232,45,88
203,218,232,45,88
204,220,233,45,88
205,221,234,45,88
206,222,236,45,88
207,222,238,45,88
208,220,239,45,88
209,217,240,45,88
210,216,240,45,88
211,216,240,45,88
212,216,240,45,88
213,217,241,45,88
214,221,244,45,88
215,220,244,45,88
216,220,244,45,88
217,220,245,45,88
218,220,245,45,88
219,221,245,45,88
220,222,244,45,88
221,222,242,45,88
222,223,242,45,88
223,223,242,45,88
224,221,241,45,88
225,219,240,45,88
226,218,240,45,88
227,216,241,45,88
228,215,242,45,88
229,216,243,45,88
230,217,244,45,88
231,217,245,45,88
232,218,245,45,88
233,218,245,45,88
234,218,245,45,88
235,219,246,45,88
236,221,247,45,88
237,222,248,45,88
238,223,247,45,88
239,223,245,45,88
240,222,244,45,88
241,222,243,45,88
242,223,243,45,88
243,223,243,45,88
244,224,243,45,88
245,225,243,45,88
246,224,242,45,88
247,222,241,45,88
248,221,241,45,88
249,222,241,45,88
250,224,240,45,88
251,225,239,45,88
252,225,237,45,88
253,224,237,45,88
254,224,237,45,88
255,224,237,45,88
256,222,236,45,88
257,220,235,45,88
258,218,234,45,88
259,218,234,45,88
260,218,235,45,88
261,215,235,45,88
262,214,235,45,88
263,213,235,45,88
264,212,235,45,88
265,212,235,45,88
266,212,235,45,88
267,212,235,45,88
268,212,234,45,88
269,212,234,45,88
270,212,234,45,88
271,212,234,45,88
272,212,235,45,88
273,212,236,45,88
274,212,237,45,88
275,210,237,45,88
276,210,237,45,88
277,212,238,45,88
278,213,238,45,88
279,213,238,45,88
280,214,237,45,88
281,215,235,45,88
282,214,230,45,88
283,211,220,45,88
284,209,208,45,88
285,212,204,45,88
286,221,208,45,88
287,231,216,45,88
288,245,226,45,88
289,256,233,45,88
290,261,234,45,88
291,254,230,45,88
292,240,224,45,88
293,230,215,45,88
294,229,207,45,88
295,229,201,45,88
296,224,193,45,88
297,217,189,45,88
298,217,189,45,88
299,223,188,45,88
300,224,183,45,88
301,225,179,45,88
302,230,179,45,88
303,241,186,45,88
304,262,193,45,88
305,279,203,45,88
306,283,206,45,88
307,278,204,45,88
308,282,202,45,88
309,294,203,45,88
310,307,206,45,88
311,317,210,45,88
312,328,214,45,88
313,333,222,45,88
314,333,230,45,88
315,331,239,45,88
316,325,246,45,88
317,312,249,45,88
318,291,247,45,88
319,278,241,45,88
320,272,235,45,88
321,261,229,45,88
322,239,225,45,88
323,227,224,45,88
324,227,225,45,88
325,232,231,45,88
326,230,234,45,88
327,228,233,45,88
328,227,234,45,88
329,226,236,45,88
330,225,240,45,88
331,224,242,45,88
332,217,241,45,88
333,207,242,45,88
334,203,246,45,88
335,203,251,45,88
336,204,261,45,88
337,205,271,45,88
338,207,275,45,88
339,209,275,45,88
340,205,271,45,88
341,192,260,45,88
342,179,250,45,88
343,172,243,45,88
344,168,240,45,88
345,165,240,45,88
346,164,242,45,88
347,163,244,45,88
348,159,242,45,88
349,157,241,45,88
350,155,239,45,88
351,152,236,45,88
352,147,234,45,88
353,145,233,45,88
354,146,235,45,88
355,148,238,45,88
356,150,243,45,88
357,155,249,45,88
358,165,257,45,88
359,171,263,45,88
360,166,264,45,88
361,154,263,45,88
362,140,259,45,88
363,134,255,45,88
364,131,252,45,88
365,126,249,45,88
366,121,246,45,88
367,118,244,45,88
368,117,244,45,88
369,115,246,45,88
370,116,251,45,88
371,121,257,45,88
372,125,262,45,88
373,125,262,45,88
374,126,261,45,88
375,125,255,45,88
376,125,241,45,88
377,129,224,45,88
378,134,209,45,88
379,141,200,45,88
380,147,198,45,88
381,150,202,45,88
382,154,208,45,88
383,160,216,45,88
384,168,220,45,88
385,173,219,45,88
386,173,213,45,88
387,174,207,45,88
388,176,203,45,88
389,179,203,45,88
390,182,207,45,88
391,187,213,45,88
392,194,219,45,88
393,201,224,45,88
394,207,225,45,88
395,212,225,45,88
396,214,225,45,88
397,212,225,45,88
398,212,226,45,88
399,215,228,45,88
400,219,231,45,88
401,221,235,45,88
402,223,238,45,88
403,227,240,45,88
404,230,240,45,88
405,233,240,45,88
406,240,240,45,88
407,247,240,45,88
408,252,239,45,88
409,256,237,45,88
410,264,235,45,88
411,275,236,45,88
412,294,237,45,88
413,318,238,45,88
414,341,239,45,88
415,370,238,45,88
416,403,237,45,88
417,431,237,45,88
418,466,240,45,88
419,512,247,45,88
420,552,249,45,88
421,596,249,45,88
422,644,254,45,88
423,684,266,45,88
424,736,282,45,88
425,779,298,45,88
