09-Confusion 36
4,350,229,51,117
5,352,228,51,117
6,353,227,51,117
7,353,228,51,117
8,353,232,51,117
9,353,233,51,117
10,353,232,51,117
11,353,229,51,117
12,353,227,51,117
13,353,227,51,117
14,353,228,51,117
15,354,232,51,117
16,355,234,51,117
17,357,232,51,117
18,360,228,51,117
19,363,224,51,117
20,366,222,51,117
21,368,221,51,117
22,369,223,51,117
23,370,227,51,117
24,371,228,51,117
25,371,224,51,117
26,371,222,51,117
27,371,220,51,117
28,371,218,51,117
29,370,218,51,117
30,368,220,51,117
31,366,224,51,117
32,365,223,51,117
33,365,219,51,117
34,365,217,51,117
35,365,216,51,117
36,365,216,51,117
37,364,218,51,117
38,363,222,51,117
39,362,224,51,117
40,360,220,51,117
41,359,216,51,117
42,359,214,51,117
43,359,211,51,117
44,359,212,51,117
45,360,214,51,117
46,361,216,51,117
47,363,214,51,117
48,366,210,51,117
49,368,204,51,117
50,368,200,51,117
51,368,198,51,117
52,368,199,51,117
53,367,203,51,117
54,366,206,51,117
55,365,204,51,117
56,364,200,51,117
57,364,198,51,117
58,364,197,51,117
59,364,198,51,117
60,364,202,51,117
61,364,206,51,117
62,365,206,51,117
63,366,202,51,117
64,368,198,51,117
65,369,196,51,117
66,370,195,51,117
67,371,197,51,117
68,372,201,51,117
69,372,204,51,117
70,371,201,51,117
71,370,195,51,117
72,369,193,51,117
73,369,192,51,117
74,369,193,51,117
75,369,198,51,117
76,369,202,51,117
77,369,201,51,117
78,371,197,51,117
79,372,193,51,117
80,372,191,51,117
81,370,190,51,117
82,367,194,51,117
83,363,200,51,117
84,358,206,51,117
85,353,204,51,117
86,346,198,51,117
87,341,194,51,117
88,335,194,51,117
89,330,196,51,117
90,325,200,51,117
91,321,204,51,117
92,319,201,51,117
93,319,193,51,117
94,320,187,51,117
95,322,181,51,117
96,324,179,51,117
97,326,183,51,117
98,327,187,51,117
99,328,193,51,117
100,328,191,51,117
101,330,185,51,117
102,332,181,51,117
103,334,179,51,117
104,337,180,51,117
105,339,184,51,117
106,343,188,51,117
107,347,187,51,117
108,352,179,51,117
109,357,173,51,117
110,361,169,51,117
111,364,165,51,117
112,367,167,51,117
113,370,173,51,117
114,372,175,51,117
115,373,169,51,117
116,374,163,51,117
117,375,159,51,117
118,377,157,51,117
119,380,158,51,117
120,384,162,51,117
121,386,168,51,117
122,389,167,51,117
123,395,159,51,117
124,400,155,51,117
125,403,153,51,117
126,406,152,51,117
127,408,156,51,117
128,410,164,51,117
129,411,168,51,117
130,411,165,51,117
131,412,162,51,117
132,413,162,51,117
133,415,164,51,117
134,418,170,51,117
135,420,176,51,117
136,423,182,51,117
137,427,180,51,117
138,433,174,51,117
139,438,170,51,117
140,442,168,51,117
141,444,170,51,117
142,445,176,51,117
143,445,182,51,117
144,444,182,51,117
145,442,176,51,117
146,441,170,51,117
147,441,168,51,117
148,441,167,51,117
149,442,173,51,117
150,442,181,51,117
151,443,187,51,117
152,444,184,51,117
153,448,176,51,117
154,451,174,51,117
155,453,173,51,117
156,454,174,51,117
157,454,180,51,117
158,454,186,51,117
159,453,185,51,117
160,452,177,51,117
161,453,173,51,117
162,455,173,51,117
163,456,174,51,117
164,456,180,51,117
165,456,190,51,117
166,457,193,51,117
167,460,189,51,117
168,465,183,51,117
169,469,181,51,117
170,471,180,51,117
171,471,183,51,117
172,471,191,51,117
173,470,199,51,117
174,468,198,51,117
175,466,190,51,117
176,464,184,51,117
177,462,181,51,117
178,461,180,51,117
179,461,183,51,117
180,461,189,51,117
181,461,190,51,117
182,465,182,51,117
183,467,176,51,117
