09-Confusion 4
1,400,188,31,27
2,400,188,31,27
3,400,188,31,27
4,400,188,31,27
5,401,188,31,27
6,401,188,31,27
7,401,188,31,27
8,401,188,31,27
9,401,188,31,27
10,401,188,31,27
11,401,188,31,27
12,401,188,31,27
13,401,188,31,27
14,401,188,31,27
15,401,188,31,27
16,400,188,31,27
17,400,188,31,27
18,400,188,31,27
19,400,187,31,27
20,400,186,31,27
21,399,186,31,27
22,399,186,31,27
23,398,186,31,27
24,398,186,31,27
25,398,186,31,27
26,398,186,31,27
27,398,186,31,27
28,398,186,31,27
29,398,186,31,27
30,398,186,31,27
31,398,186,31,27
32,398,186,31,27
33,398,186,31,27
34,398,186,31,27
35,398,186,31,27
36,398,186,31,27
37,398,186,31,27
38,398,186,31,27
39,398,186,31,27
40,398,186,31,27
41,398,186,31,27
42,398,186,31,27
43,398,186,31,27
44,398,186,31,27
45,397,186,31,27
46,397,186,31,27
47,397,186,31,27
48,397,186,31,27
49,397,186,31,27
50,397,186,31,27
51,397,186,31,27
52,397,186,31,27
53,397,186,31,27
54,397,186,31,27
55,397,186,31,27
56,397,186,31,27
57,397,186,31,27
58,397,186,31,27
59,397,186,31,27
60,397,186,31,27
61,397,186,31,27
62,397,187,31,27
63,397,187,31,27
64,397,187,31,27
65,397,187,31,27
66,397,187,31,27
67,396,187,31,27
68,395,187,31,27
69,394,187,31,27
70,394,187,31,27
71,394,187,31,27
72,393,187,31,27
73,392,187,31,27
74,391,187,31,27
75,390,187,31,27
76,389,187,31,27
77,388,187,31,27
78,387,187,31,27
79,386,187,31,27
80,385,187,31,27
81,385,187,31,27
82,384,187,31,27
83,383,187,31,27
84,382,187,31,27
85,381,187,31,27
86,380,187,31,27
87,379,187,31,27
88,378,187,31,27
89,377,187,31,27
90,376,187,31,27
91,375,187,31,27
92,374,187,31,27
93,373,187,31,27
94,373,187,31,27
95,372,187,31,27
96,371,187,31,27
97,370,187,31,27
98,369,187,31,27
99,368,187,31,27
100,367,187,31,27
101,365,187,31,27
102,364,187,31,27
103,363,187,31,27
104,362,187,31,27
105,361,187,31,27
106,360,187,31,27
107,359,187,31,27
108,358,187,31,27
109,357,187,31,27
110,355,188,31,27
111,354,188,31,27
112,353,188,31,27
113,352,188,31,27
114,351,188,31,27
115,350,188,31,27
116,349,188,31,27
117,348,188,31,27
118,347,188,31,27
119,346,188,31,27
120,345,188,31,27
121,344,188,31,27
122,342,189,31,27
123,341,189,31,27
124,340,189,31,27
125,338,189,31,27
126,336,189,31,27
127,335,189,31,27
128,334,189,31,27
129,333,189,31,27
130,332,189,31,27
131,331,189,31,27
132,330,189,31,27
133,329,189,31,27
134,328,189,31,27
135,327,189,31,27
136,326,189,31,27
137,325,189,31,27
138,324,189,31,27
139,323,189,31,27
140,322,189,31,27
141,320,189,31,27
142,318,189,31,27
143,316,189,31,27
144,314,189,31,27
145,312,189,31,27
146,310,189,31,27
147,309,189,31,27
148,307,189,31,27
149,305,189,31,27
150,303,189,31,27
151,302,189,31,27
152,301,189,31,27
153,300,189,31,27
154,299,189,31,27
155,298,189,31,27
156,296,189,31,27
157,294,189,31,27
158,292,189,31,27
159,290,189,31,27
160,288,189,31,27
161,285,189,31,27
162,283,189,31,27
163,281,189,31,27
164,280,189,31,27
165,279,189,31,27
166,277,189,31,27
167,275,189,31,27
168,273,189,31,27
169,271,189,31,27
170,269,189,31,27
171,268,190,31,27
172,267,191,31,27
173,266,192,31,27
174,265,192,31,27
175,264,192,31,27
176,263,192,31,27
177,262,192,31,27
178,261,192,31,27
179,260,192,31,27
180,259,192,31,27
181,258,192,31,27
182,257,192,31,27
183,256,192,31,27
184,255,192,31,27
185,254,192,31,27
186,254,192,31,27
187,254,192,31,27
188,253,192,31,27
189,252,192,31,27
190,251,193,31,27
191,250,194,31,27
192,249,195,31,27
193,248,196,31,27
194,247,197,31,27
195,246,197,31,27
196,246,197,31,27
197,246,197,31,27
198,246,197,31,27
199,246,196,31,27
200,246,196,31,27
201,246,196,31,27
202,246,196,31,27
203,246,196,31,27
204,246,196,31,27
205,247,196,31,27
206,247,196,31,27
207,247,195,31,27
208,248,195,31,27
209,249,195,31,27
210,249,195,31,27
211,250,195,31,27
212,250,194,31,27
213,250,193,31,27
214,249,192,31,27
215,248,191,31,27
216,248,191,31,27
217,248,191,31,27
218,247,191,31,27
219,247,191,31,27
220,246,190,31,27
221,246,190,31,27
222,246,190,31,27
223,246,190,31,27
224,246,190,31,27
225,246,190,31,27
226,246,191,31,27
227,246,191,31,27
228,245,191,31,27
229,245,191,31,27
230,245,191,31,27
231,245,191,31,27
232,244,191,31,27
233,243,191,31,27
234,242,191,31,27
235,241,191,31,27
236,240,191,31,27
237,239,191,31,27
238,238,191,31,27
239,237,191,31,27
240,236,191,31,27
241,235,191,31,27
242,233,191,31,27
243,232,190,31,27
244,231,190,31,27
245,230,189,31,27
246,229,189,31,27
247,228,189,31,27
248,226,189,31,27
249,225,189,31,27
250,224,189,31,27
251,223,189,31,27
