09-Confusion 6
1,1104,677,439,262
2,1089,683,439,262
3,1081,687,439,262
4,1073,691,439,262
5,1064,696,439,262
6,1053,702,439,262
7,1038,707,439,262
8,1027,708,439,262
9,1019,707,439,262
10,1013,705,439,262
11,1010,704,439,262
12,1004,701,439,262
13,997,699,439,262
14,990,698,439,262
15,980,697,439,262
16,969,695,439,262
17,957,693,439,262
18,942,691,439,262
19,927,688,439,262
20,911,684,439,262
21,895,681,439,262
22,879,679,439,262
23,864,680,439,262
24,852,683,439,262
25,837,683,439,262
26,824,680,439,262
27,811,679,439,262
28,796,678,439,262
29,785,676,439,262
30,777,673,439,262
31,775,671,439,262
32,773,669,439,262
33,777,668,439,262
34,786,666,439,262
35,798,663,439,262
36,818,661,439,262
37,840,660,439,262
38,865,660,439,262
39,896,661,439,262
40,923,660,439,262
41,951,662,439,262
42,969,663,439,262
43,982,663,439,262
44,990,662,439,262
45,992,661,439,262
46,995,658,439,262
47,995,657,439,262
48,996,655,439,262
49,998,652,439,262
50,997,651,439,262
51,992,650,439,262
52,985,649,439,262
53,976,648,439,262
54,966,645,439,262
55,959,643,439,262
56,956,641,439,262
57,954,638,439,262
58,955,634,439,262
59,952,628,439,262
60,948,618,439,262
61,943,612,439,262
62,934,603,439,262
63,923,593,439,262
64,911,584,439,262
65,895,577,439,262
66,878,570,439,262
67,860,567,439,262
68,844,564,439,262
69,824,565,439,262
70,808,562,439,262
71,787,561,439,262
72,764,556,439,262
73,741,552,439,262
74,719,547,439,262
75,699,543,439,262
76,677,538,439,262
77,653,531,439,262
78,623,525,439,262
79,598,516,439,262
80,574,507,439,262
81,548,498,439,262
82,524,487,439,262
83,504,476,439,262
84,489,464,439,262
85,479,452,439,262
86,473,444,439,262
87,466,435,439,262
88,457,427,439,262
89,444,419,439,262
90,436,412,439,262
91,428,408,439,262
