09-Confusion 20
2,895,178,32,57
3,894,178,32,57
4,893,178,32,57
5,892,178,32,57
6,891,178,32,57
7,890,178,32,57
8,889,178,32,57
9,888,178,32,57
10,887,178,32,57
11,886,178,32,57
12,885,178,32,57
13,884,178,32,57
14,883,178,32,57
15,882,178,32,57
16,881,178,32,57
17,880,178,32,57
18,879,178,32,57
19,878,178,32,57
20,877,178,32,57
21,876,178,32,57
22,875,178,32,57
23,874,178,32,57
24,873,178,32,57
25,872,178,32,57
26,871,178,32,57
27,870,178,32,57
28,869,178,32,57
29,868,178,32,57
30,867,178,32,57
31,866,178,32,57
32,865,178,32,57
33,864,178,32,57
34,863,178,32,57
35,862,178,32,57
36,861,178,32,57
37,860,178,32,57
38,859,178,32,57
39,858,178,32,57
40,857,178,32,57
41,856,178,32,57
42,855,178,32,57
43,854,178,32,57
44,853,178,32,57
45,852,178,32,57
46,851,178,32,57
47,850,178,32,57
48,849,178,32,57
49,848,178,32,57
50,847,178,32,57
51,846,178,32,57
52,845,178,32,57
53,844,178,32,57
54,843,178,32,57
55,842,179,32,57
56,841,179,32,57
57,840,179,32,57
58,839,179,32,57
59,838,179,32,57
60,837,179,32,57
61,836,179,32,57
62,835,179,32,57
63,834,179,32,57
64,833,179,32,57
65,832,179,32,57
66,831,179,32,57
67,830,179,32,57
68,829,179,32,57
69,828,179,32,57
70,827,179,32,57
71,826,179,32,57
72,825,179,32,57
73,824,179,32,57
74,823,179,32,57
75,822,179,32,57
76,821,179,32,57
77,820,179,32,57
78,819,179,32,57
79,818,179,32,57
80,817,179,32,57
81,816,179,32,57
82,816,179,32,57
83,815,179,32,57
84,814,179,32,57
85,813,179,32,57
86,812,179,32,57
87,811,179,32,57
88,810,180,32,57
89,809,180,32,57
90,808,180,32,57
91,807,181,32,57
92,806,182,32,57
93,805,182,32,57
94,805,182,32,57
95,804,182,32,57
96,803,182,32,57
97,802,182,32,57
98,801,182,32,57
99,800,182,32,57
100,799,182,32,57
101,798,182,32,57
102,797,182,32,57
103,796,182,32,57
104,795,182,32,57
105,794,183,32,57
106,793,183,32,57
107,792,183,32,57
108,791,183,32,57
109,790,184,32,57
110,789,184,32,57
111,788,184,32,57
112,787,184,32,57
113,785,185,32,57
114,784,185,32,57
115,783,185,32,57
116,782,185,32,57
117,781,185,32,57
118,780,185,32,57
119,779,185,32,57
120,778,185,32,57
121,777,185,32,57
122,776,186,32,57
123,775,186,32,57
124,774,186,32,57
125,773,186,32,57
126,772,186,32,57
127,771,187,32,57
128,770,188,32,57
129,769,188,32,57
130,768,188,32,57
131,767,188,32,57
132,766,188,32,57
133,765,188,32,57
134,764,188,32,57
135,763,188,32,57
136,762,189,32,57
137,761,190,32,57
138,760,190,32,57
139,759,190,32,57
140,758,190,32,57
141,757,191,32,57
142,756,192,32,57
143,755,193,32,57
144,754,193,32,57
145,753,193,32,57
146,752,195,32,57
147,751,196,32,57
148,750,197,32,57
149,749,197,32,57
150,748,197,32,57
151,747,197,32,57
152,746,197,32,57
153,745,197,32,57
154,744,197,32,57
155,743,198,32,57
156,742,199,32,57
157,741,200,32,57
158,740,200,32,57
159,739,200,32,57
160,738,200,32,57
161,737,200,32,57
162,736,200,32,57
163,735,200,32,57
164,734,201,32,57
165,733,202,32,57
166,732,203,32,57
167,731,203,32,57
168,730,203,32,57
169,729,203,32,57
170,728,203,32,57
171,727,203,32,57
172,726,204,32,57
173,725,204,32,57
174,724,204,32,57
175,723,205,32,57
176,722,205,32,57
177,721,205,32,57
178,720,205,32,57
179,719,205,32,57
180,718,206,32,57
181,716,207,32,57
182,715,208,32,57
183,714,208,32,57
184,712,208,32,57
185,711,208,32,57
186,709,208,32,57
187,707,208,32,57
188,705,209,32,57
189,704,210,32,57
190,702,210,32,57
191,701,210,32,57
192,699,210,32,57
193,698,210,32,57
194,696,210,32,57
195,695,210,32,57
196,694,210,32,57
197,693,211,32,57
198,692,213,32,57
199,691,213,32,57
200,690,213,32,57
201,689,213,32,57
202,688,214,32,57
203,687,215,32,57
204,686,215,32,57
205,685,215,32,57
206,684,215,32,57
207,683,215,32,57
208,682,216,32,57
209,681,217,32,57
210,680,216,32,57
211,679,216,32,57
212,678,217,32,57
213,677,217,32,57
214,676,217,32,57
215,675,218,32,57
216,673,219,32,57
217,671,220,32,57
218,669,223,32,57
219,667,224,32,57
220,665,225,32,57
221,663,224,32,57
222,661,223,32,57
223,659,224,32,57
224,658,226,32,57
225,656,227,32,57
226,655,226,32,57
227,653,224,32,57
228,652,224,32,57
229,651,225,32,57
230,650,226,32,57
231,649,227,32,57
232,648,227,32,57
233,647,227,32,57
234,646,227,32,57
235,645,228,32,57
236,644,229,32,57
237,643,229,32,57
238,642,229,32,57
