09-Confusion 3
182,458,25,39,64
183,457,27,39,64
184,456,28,39,64
185,456,29,39,64
186,458,32,39,64
187,460,35,39,64
188,461,36,39,64
189,463,38,39,64
190,464,40,39,64
191,465,43,39,64
192,466,45,39,64
193,467,47,39,64
194,468,47,39,64
195,470,48,39,64
196,471,50,39,64
197,473,51,39,64
198,474,51,39,64
199,476,53,39,64
200,477,53,39,64
201,478,55,39,64
202,479,57,39,64
203,481,58,39,64
204,482,59,39,64
205,483,60,39,64
206,484,61,39,64
207,485,62,39,64
208,487,62,39,64
209,489,62,39,64
210,492,62,39,64
211,496,62,39,64
212,498,62,39,64
213,499,64,39,64
214,500,67,39,64
215,500,69,39,64
216,500,70,39,64
217,499,73,39,64
218,497,77,39,64
219,495,79,39,64
220,495,81,39,64
221,495,84,39,64
222,495,85,39,64
223,494,87,39,64
224,494,89,39,64
225,494,89,39,64
226,495,90,39,64
227,496,91,39,64
228,496,93,39,64
229,496,96,39,64
230,497,98,39,64
231,497,100,39,64
232,498,102,39,64
233,498,105,39,64
234,498,107,39,64
235,499,109,39,64
236,499,111,39,64
237,499,113,39,64
238,499,115,39,64
239,500,118,39,64
240,501,120,39,64
241,502,122,39,64
242,502,124,39,64
243,503,126,39,64
244,504,129,39,64
245,504,131,39,64
246,505,134,39,64
247,506,137,39,64
248,507,140,39,64
249,507,144,39,64
250,507,148,39,64
251,508,151,39,64
252,509,152,39,64
253,510,154,39,64
254,511,157,39,64
255,512,159,39,64
256,513,161,39,64
257,514,164,39,64
258,515,167,39,64
259,516,169,39,64
260,517,171,39,64
261,519,172,39,64
262,521,174,39,64
263,522,176,39,64
264,522,178,39,64
265,521,180,39,64
266,521,183,39,64
267,521,185,39,64
268,521,188,39,64
269,522,190,39,64
270,523,193,39,64
271,524,196,39,64
272,525,199,39,64
273,527,201,39,64
274,530,203,39,64
275,533,205,39,64
276,535,207,39,64
277,536,209,39,64
278,537,212,39,64
279,538,215,39,64
280,538,217,39,64
281,538,220,39,64
282,538,223,39,64
283,539,226,39,64
284,539,229,39,64
285,539,232,39,64
286,539,234,39,64
287,540,237,39,64
288,540,239,39,64
289,541,242,39,64
290,541,245,39,64
291,541,249,39,64
292,541,253,39,64
293,541,257,39,64
294,541,260,39,64
295,541,264,39,64
296,541,267,39,64
297,541,270,39,64
298,541,273,39,64
299,541,276,39,64
300,541,279,39,64
301,542,282,39,64
302,542,285,39,64
303,542,289,39,64
304,543,293,39,64
305,544,296,39,64
306,545,300,39,64
307,546,304,39,64
308,547,307,39,64
309,548,311,39,64
310,549,314,39,64
311,550,318,39,64
312,550,322,39,64
313,550,325,39,64
314,551,329,39,64
315,551,333,39,64
316,551,336,39,64
317,551,340,39,64
318,551,344,39,64
319,551,348,39,64
320,551,352,39,64
321,551,357,39,64
322,551,361,39,64
323,551,365,39,64
324,551,368,39,64
325,551,371,39,64
326,551,375,39,64
327,551,378,39,64
328,551,383,39,64
329,551,387,39,64
330,551,391,39,64
331,551,395,39,64
332,551,400,39,64
333,551,405,39,64
334,551,410,39,64
335,551,414,39,64
336,551,418,39,64
337,551,423,39,64
338,551,427,39,64
339,551,431,39,64
340,550,434,39,64
341,549,438,39,64
342,548,442,39,64
343,547,446,39,64
