09-Confusion 13
18,31,57,25,65
19,34,62,25,65
20,37,66,25,65
21,40,69,25,65
22,43,71,25,65
23,46,72,25,65
24,52,73,25,65
25,60,74,25,65
26,68,76,25,65
27,76,79,25,65
28,85,82,25,65
29,93,86,25,65
30,101,89,25,65
31,110,93,25,65
32,119,97,25,65
33,128,101,25,65
34,137,104,25,65
35,144,106,25,65
36,148,110,25,65
37,151,116,25,65
38,154,119,25,65
39,157,122,25,65
40,161,124,25,65
41,165,126,25,65
42,169,128,25,65
43,172,130,25,65
44,175,132,25,65
45,178,134,25,65
46,181,136,25,65
47,185,143,25,65
48,413,150,25,65
49,420,153,25,65
50,427,157,25,65
51,434,161,25,65
52,440,165,25,65
53,446,169,25,65
54,451,172,25,65
55,454,175,25,65
56,0,180,25,65
57,2,181,25,65
58,3,182,25,65
59,5,183,25,65
60,6,184,25,65
61,7,185,25,65
62,8,185,25,65
