09-Confusion 14
1,1096,610,53,56
2,1053,607,53,56
3,1056,612,53,56
4,1061,616,53,56
5,1070,621,53,56
6,1078,626,53,56
7,1083,631,53,56
8,1091,635,53,56
9,1099,639,53,56
10,1104,644,53,56
11,1111,648,53,56
12,1117,652,53,56
13,163,519,53,56
14,168,520,53,56
15,174,522,53,56
16,179,524,53,56
17,185,525,53,56
18,191,526,53,56
19,196,527,53,56
20,201,528,53,56
21,206,529,53,56
22,211,530,53,56
23,216,531,53,56
24,221,532,53,56
25,227,533,53,56
26,232,534,53,56
27,238,535,53,56
28,245,537,53,56
29,251,539,53,56
30,255,540,53,56
31,256,542,53,56
32,256,543,53,56
33,256,544,53,56
34,253,545,53,56
35,249,545,53,56
36,242,546,53,56
37,235,547,53,56
38,226,548,53,56
39,215,548,53,56
40,203,547,53,56
41,192,546,53,56
42,178,544,53,56
43,160,545,53,56
44,144,545,53,56
45,125,544,53,56
46,100,546,53,56
47,137,471,53,56
48,120,469,53,56
49,179,509,53,56
50,209,509,53,56
51,176,510,53,56
52,203,491,53,56
53,241,492,53,56
54,233,484,53,56
55,599,640,53,56
56,565,638,53,56
57,529,635,53,56
58,496,632,53,56
59,452,632,53,56
60,405,632,53,56
61,360,633,53,56
62,361,611,53,56
63,489,569,53,56
