09-Confusion 33
84,324,419,26,58
85,326,417,26,58
86,330,414,26,58
87,331,413,26,58
88,332,412,26,58
89,334,411,26,58
90,335,410,26,58
91,338,408,26,58
92,340,407,26,58
93,342,406,26,58
94,345,405,26,58
95,347,404,26,58
96,353,402,26,58
97,356,399,26,58
98,359,396,26,58
99,362,395,26,58
100,364,394,26,58
101,368,393,26,58
102,370,393,26,58
103,372,392,26,58
104,374,391,26,58
105,376,391,26,58
106,381,390,26,58
107,383,390,26,58
108,385,390,26,58
109,387,390,26,58
110,390,389,26,58
111,393,387,26,58
112,394,387,26,58
113,395,387,26,58
114,396,386,26,58
115,397,385,26,58
116,398,383,26,58
117,399,382,26,58
118,400,380,26,58
119,401,378,26,58
120,402,376,26,58
121,404,370,26,58
122,405,367,26,58
123,405,365,26,58
124,405,363,26,58
125,405,361,26,58
126,403,357,26,58
127,403,354,26,58
128,403,351,26,58
129,403,348,26,58
130,403,344,26,58
131,403,338,26,58
132,404,336,26,58
133,405,334,26,58
134,406,332,26,58
135,407,330,26,58
136,409,327,26,58
137,410,326,26,58
138,411,325,26,58
139,412,324,26,58
140,413,323,26,58
141,415,319,26,58
142,416,317,26,58
143,417,314,26,58
144,418,311,26,58
145,419,308,26,58
146,420,302,26,58
147,420,299,26,58
148,421,296,26,58
149,422,294,26,58
150,423,293,26,58
151,424,288,26,58
152,425,286,26,58
153,426,284,26,58
154,427,282,26,58
155,428,280,26,58
156,429,278,26,58
157,430,277,26,58
158,430,276,26,58
159,431,275,26,58
160,431,275,26,58
161,431,273,26,58
162,431,273,26,58
163,431,273,26,58
164,431,273,26,58
165,431,273,26,58
166,431,274,26,58
167,431,275,26,58
168,431,276,26,58
169,430,277,26,58
170,430,278,26,58
171,430,281,26,58
172,430,282,26,58
173,430,283,26,58
174,430,283,26,58
175,430,283,26,58
176,431,283,26,58
177,432,282,26,58
178,433,281,26,58
179,434,280,26,58
180,435,279,26,58
181,436,278,26,58
182,437,277,26,58
183,438,276,26,58
184,439,275,26,58
185,440,274,26,58
186,441,271,26,58
187,441,270,26,58
188,442,269,26,58
189,442,268,26,58
190,442,267,26,58
191,443,264,26,58
192,443,263,26,58
193,444,262,26,58
194,445,261,26,58
195,445,260,26,58
196,445,259,26,58
197,445,258,26,58
198,445,257,26,58
199,445,256,26,58
200,445,255,26,58
201,444,253,26,58
202,443,252,26,58
203,441,252,26,58
204,439,252,26,58
205,437,251,26,58
206,433,247,26,58
207,432,245,26,58
208,431,243,26,58
209,430,241,26,58
210,429,241,26,58
211,430,239,26,58
212,431,238,26,58
213,432,238,26,58
214,433,238,26,58
215,434,238,26,58
216,436,238,26,58
217,437,238,26,58
218,437,237,26,58
219,437,236,26,58
220,438,235,26,58
221,439,233,26,58
222,439,233,26,58
223,439,233,26,58
224,439,234,26,58
225,439,235,26,58
226,436,234,26,58
227,434,232,26,58
228,433,231,26,58
229,432,229,26,58
230,432,228,26,58
231,436,227,26,58
232,438,226,26,58
233,439,225,26,58
234,439,225,26,58
235,439,225,26,58
236,438,223,26,58
237,438,223,26,58
238,437,223,26,58
239,436,223,26,58
240,436,223,26,58
241,437,223,26,58
242,437,222,26,58
243,438,221,26,58
244,439,220,26,58
245,440,220,26,58
246,441,219,26,58
247,442,219,26,58
248,443,218,26,58
249,444,217,26,58
250,445,216,26,58
251,447,215,26,58
252,448,214,26,58
253,449,214,26,58
254,450,213,26,58
255,451,213,26,58
256,451,213,26,58
257,452,212,26,58
258,453,211,26,58
259,454,210,26,58
260,455,209,26,58
261,457,207,26,58
262,458,206,26,58
263,459,205,26,58
264,460,204,26,58
265,461,203,26,58
266,462,202,26,58
267,463,201,26,58
268,464,200,26,58
269,465,199,26,58
270,466,198,26,58
271,468,196,26,58
272,469,195,26,58
273,470,194,26,58
274,471,193,26,58
275,472,192,26,58
276,473,189,26,58
277,474,188,26,58
278,475,187,26,58
279,476,186,26,58
280,478,185,26,58
281,483,182,26,58
282,485,181,26,58
283,487,180,26,58
284,489,178,26,58
285,491,176,26,58
286,496,173,26,58
287,498,172,26,58
288,499,171,26,58
289,501,170,26,58
290,503,169,26,58
