09-Confusion 32
1,170,382,61,64
2,186,376,61,64
3,193,373,61,64
4,199,370,61,64
5,205,367,61,64
6,212,363,61,64
7,227,357,61,64
8,233,354,61,64
9,239,351,61,64
10,246,348,61,64
11,254,345,61,64
12,267,343,61,64
13,273,341,61,64
14,280,338,61,64
15,287,335,61,64
16,295,332,61,64
17,310,327,61,64
18,316,325,61,64
19,323,323,61,64
20,330,321,61,64
21,335,318,61,64
22,344,312,61,64
23,348,310,61,64
24,352,308,61,64
25,356,306,61,64
26,360,304,61,64
27,367,299,61,64
28,371,297,61,64
29,375,295,61,64
30,379,293,61,64
31,383,292,61,64
32,391,289,61,64
33,395,287,61,64
34,399,285,61,64
35,402,283,61,64
36,406,281,61,64
37,413,278,61,64
38,416,275,61,64
39,420,272,61,64
40,424,269,61,64
41,428,266,61,64
42,440,263,61,64
43,446,262,61,64
44,451,260,61,64
45,457,259,61,64
46,461,257,61,64
47,468,252,61,64
48,471,250,61,64
49,474,248,61,64
50,477,246,61,64
51,480,244,61,64
52,488,241,61,64
53,494,242,61,64
54,498,243,61,64
55,502,242,61,64
56,505,240,61,64
57,510,237,61,64
58,513,235,61,64
59,516,233,61,64
60,521,232,61,64
61,526,232,61,64
62,536,229,61,64
63,541,227,61,64
64,545,225,61,64
65,548,223,61,64
66,551,221,61,64
67,558,219,61,64
68,561,219,61,64
69,564,219,61,64
70,567,218,61,64
71,570,216,61,64
72,575,214,61,64
73,577,214,61,64
74,579,213,61,64
75,582,212,61,64
76,584,211,61,64
77,589,209,61,64
78,592,208,61,64
79,595,207,61,64
80,598,206,61,64
81,601,205,61,64
82,607,202,61,64
83,610,201,61,64
84,612,201,61,64
85,615,201,61,64
86,617,201,61,64
87,621,199,61,64
88,622,198,61,64
89,623,197,61,64
90,624,196,61,64
91,625,195,61,64
92,627,193,61,64
93,628,192,61,64
94,629,191,61,64
95,630,190,61,64
96,631,189,61,64
97,633,186,61,64
98,634,185,61,64
99,635,184,61,64
100,636,183,61,64
101,637,182,61,64
102,639,180,61,64
103,640,179,61,64
104,641,178,61,64
105,642,176,61,64
106,643,175,61,64
107,645,172,61,64
108,645,171,61,64
109,645,170,61,64
110,644,169,61,64
111,643,167,61,64
112,643,163,61,64
113,643,161,61,64
114,643,159,61,64
115,643,157,61,64
116,642,155,61,64
117,640,153,61,64
118,638,152,61,64
119,637,151,61,64
120,636,150,61,64
121,636,149,61,64
122,635,147,61,64
123,634,146,61,64
124,633,145,61,64
125,632,144,61,64
126,631,143,61,64
127,629,141,61,64
128,628,140,61,64
129,626,139,61,64
130,625,138,61,64
131,624,137,61,64
132,619,134,61,64
133,617,131,61,64
134,614,129,61,64
135,611,126,61,64
136,608,124,61,64
137,601,121,61,64
138,598,120,61,64
139,595,119,61,64
140,593,118,61,64
141,591,117,61,64
142,586,114,61,64
143,584,113,61,64
144,582,112,61,64
145,581,111,61,64
146,579,110,61,64
147,576,108,61,64
148,575,107,61,64
149,574,106,61,64
150,573,105,61,64
151,572,104,61,64
152,569,104,61,64
153,568,104,61,64
154,567,104,61,64
155,566,103,61,64
156,564,101,61,64
157,561,97,61,64
158,561,96,61,64
159,561,96,61,64
160,561,96,61,64
161,561,96,61,64
162,561,94,61,64
163,560,92,61,64
164,560,91,61,64
165,560,90,61,64
166,560,90,61,64
167,560,89,61,64
168,560,88,61,64
169,560,87,61,64
170,561,87,61,64
171,561,87,61,64
172,562,87,61,64
173,562,87,61,64
174,562,88,61,64
175,562,88,61,64
176,562,88,61,64
177,561,87,61,64
178,560,86,61,64
179,560,86,61,64
180,560,86,61,64
181,560,86,61,64
182,560,85,61,64
183,560,85,61,64
184,560,84,61,64
185,560,84,61,64
186,559,83,61,64
187,555,79,61,64
188,552,77,61,64
189,550,76,61,64
190,548,75,61,64
191,546,75,61,64
192,543,76,61,64
193,541,76,61,64
194,538,75,61,64
195,536,74,61,64
196,534,76,61,64
197,531,79,61,64
198,530,80,61,64
199,529,81,61,64
200,528,81,61,64
