10-LowContrast 9
1,677,40,57,70
2,676,39,57,70
3,675,37,57,70
4,675,34,57,70
5,676,31,57,70
6,677,29,57,70
7,678,28,57,70
8,679,28,57,70
9,680,29,57,70
10,681,31,57,70
11,682,35,57,70
12,684,40,57,70
13,686,46,57,70
14,688,51,57,70
15,691,55,57,70
16,693,56,57,70
17,694,56,57,70
18,694,55,57,70
19,694,53,57,70
20,694,50,57,70
21,693,47,57,70
22,692,45,57,70
23,692,44,57,70
24,691,44,57,70
25,690,45,57,70
26,689,47,57,70
27,688,49,57,70
28,687,51,57,70
29,685,53,57,70
30,682,54,57,70
31,680,54,57,70
32,678,52,57,70
33,676,50,57,70
34,674,47,57,70
35,673,44,57,70
36,672,40,57,70
37,671,37,57,70
38,670,35,57,70
39,669,34,57,70
40,668,34,57,70
41,667,34,57,70
42,666,35,57,70
43,665,37,57,70
44,665,39,57,70
45,665,40,57,70
46,666,39,57,70
47,667,37,57,70
48,668,34,57,70
49,668,31,57,70
50,668,27,57,70
51,668,24,57,70
52,667,21,57,70
53,666,19,57,70
54,664,18,57,70
55,662,18,57,70
56,660,20,57,70
57,658,23,57,70
58,655,26,57,70
59,651,31,57,70
60,647,36,57,70
61,643,39,57,70
62,638,41,57,70
63,633,42,57,70
64,629,42,57,70
65,625,41,57,70
66,622,39,57,70
67,619,37,57,70
68,617,36,57,70
69,615,35,57,70
70,613,35,57,70
71,612,36,57,70
72,611,37,57,70
73,610,39,57,70
74,610,42,57,70
75,610,46,57,70
76,610,49,57,70
77,610,51,57,70
78,610,51,57,70
79,610,51,57,70
80,610,51,57,70
81,609,50,57,70
82,608,49,57,70
83,607,48,57,70
84,606,47,57,70
85,606,47,57,70
86,605,46,57,70
87,604,46,57,70
88,604,47,57,70
89,604,48,57,70
90,603,49,57,70
91,603,49,57,70
92,603,50,57,70
93,603,50,57,70
94,604,49,57,70
95,605,48,57,70
96,608,45,57,70
97,612,41,57,70
98,616,38,57,70
99,619,36,57,70
100,622,34,57,70
101,624,33,57,70
102,627,34,57,70
103,630,36,57,70
104,633,40,57,70
105,636,43,57,70
106,639,45,57,70
107,642,46,57,70
108,646,46,57,70
109,650,45,57,70
110,653,44,57,70
111,656,42,57,70
112,659,39,57,70
113,661,36,57,70
114,662,33,57,70
115,663,30,57,70
116,664,28,57,70
117,664,28,57,70
118,664,29,57,70
119,663,31,57,70
120,661,34,57,70
121,660,38,57,70
122,659,41,57,70
123,659,42,57,70
124,658,41,57,70
125,658,40,57,70
126,659,39,57,70
127,661,37,57,70
128,664,35,57,70
129,667,34,57,70
130,670,32,57,70
131,672,32,57,70
132,674,33,57,70
133,675,35,57,70
134,676,39,57,70
135,678,43,57,70
136,680,47,57,70
137,683,51,57,70
