10-LowContrast 7
115,577,491,26,44
116,572,491,26,44
117,567,491,26,44
118,561,493,26,44
119,555,494,26,44
120,551,495,26,44
121,546,497,26,44
122,541,498,26,44
123,535,497,26,44
124,530,497,26,44
125,524,497,26,44
126,517,496,26,44
127,512,497,26,44
128,507,497,26,44
129,503,498,26,44
130,501,496,26,44
131,497,494,26,44
132,491,494,26,44
133,485,493,26,44
134,482,493,26,44
135,480,494,26,44
136,475,493,26,44
137,470,492,26,44
138,466,490,26,44
139,461,489,26,44
140,456,488,26,44
141,452,487,26,44
142,447,487,26,44
143,441,487,26,44
144,436,485,26,44
145,434,484,26,44
146,429,482,26,44
147,421,481,26,44
148,416,482,26,44
149,412,482,26,44
150,407,482,26,44
151,401,484,26,44
152,396,486,26,44
153,391,488,26,44
154,385,489,26,44
155,380,488,26,44
156,374,487,26,44
157,368,485,26,44
158,361,483,26,44
159,354,480,26,44
160,349,478,26,44
161,343,476,26,44
162,337,473,26,44
163,331,472,26,44
164,326,471,26,44
165,321,470,26,44
166,316,470,26,44
167,310,470,26,44
168,304,469,26,44
169,298,467,26,44
170,292,466,26,44
171,286,464,26,44
172,279,463,26,44
173,271,461,26,44
174,265,460,26,44
175,259,458,26,44
176,253,457,26,44
177,249,458,26,44
178,244,458,26,44
179,240,459,26,44
180,236,461,26,44
181,232,463,26,44
182,227,464,26,44
183,222,463,26,44
184,216,462,26,44
185,210,462,26,44
186,204,461,26,44
187,198,461,26,44
188,192,459,26,44
189,186,459,26,44
190,181,459,26,44
191,177,457,26,44
192,171,457,26,44
193,164,456,26,44
194,159,455,26,44
195,153,455,26,44
196,150,454,26,44
197,146,454,26,44
198,140,454,26,44
199,135,451,26,44
200,129,448,26,44
201,124,446,26,44
202,120,445,26,44
203,114,445,26,44
204,107,445,26,44
205,103,445,26,44
206,99,444,26,44
207,95,443,26,44
208,89,443,26,44
209,82,442,26,44
210,78,443,26,44
211,73,445,26,44
212,67,446,26,44
213,62,446,26,44
214,57,444,26,44
215,52,442,26,44
216,46,440,26,44
217,39,439,26,44
218,32,438,26,44
219,27,439,26,44
220,23,440,26,44
221,19,440,26,44
222,15,440,26,44
