10-LowContrast 6
75,150,302,32,59
76,151,302,32,59
77,152,303,32,59
78,153,302,32,59
79,154,302,32,59
80,154,302,32,59
81,155,301,32,59
82,155,302,32,59
83,155,302,32,59
84,155,300,32,59
85,155,299,32,59
86,153,298,32,59
87,152,296,32,59
88,153,293,32,59
89,151,290,32,59
90,150,287,32,59
91,152,283,32,59
92,152,282,32,59
93,152,282,32,59
94,153,281,32,59
95,154,281,32,59
96,155,280,32,59
97,157,279,32,59
98,157,278,32,59
99,158,277,32,59
100,159,276,32,59
101,159,276,32,59
102,160,276,32,59
103,162,275,32,59
104,163,275,32,59
105,163,275,32,59
106,161,274,32,59
107,159,274,32,59
108,161,272,32,59
109,162,269,32,59
110,160,268,32,59
111,160,266,32,59
112,161,264,32,59
113,160,264,32,59
114,158,264,32,59
115,158,263,32,59
116,158,263,32,59
117,158,263,32,59
118,159,262,32,59
119,158,261,32,59
120,157,260,32,59
121,158,258,32,59
122,158,257,32,59
123,158,256,32,59
124,158,255,32,59
125,157,255,32,59
126,156,255,32,59
127,155,255,32,59
128,154,255,32,59
129,154,255,32,59
130,152,255,32,59
131,149,255,32,59
132,148,254,32,59
133,149,252,32,59
134,148,253,32,59
135,148,253,32,59
136,147,252,32,59
137,145,252,32,59
138,142,251,32,59
139,140,251,32,59
140,140,250,32,59
141,138,249,32,59
142,136,248,32,59
143,135,248,32,59
144,135,247,32,59
145,131,246,32,59
146,127,246,32,59
147,127,246,32,59
148,125,246,32,59
149,120,247,32,59
150,119,247,32,59
151,119,247,32,59
152,115,248,32,59
153,111,249,32,59
154,108,247,32,59
155,104,243,32,59
156,98,244,32,59
157,96,244,32,59
158,94,244,32,59
159,92,245,32,59
160,92,246,32,59
161,91,246,32,59
162,89,246,32,59
163,87,244,32,59
164,84,243,32,59
165,81,242,32,59
166,78,241,32,59
167,75,241,32,59
168,71,240,32,59
169,67,240,32,59
170,64,239,32,59
171,59,238,32,59
172,54,238,32,59
173,53,236,32,59
174,49,236,32,59
175,44,236,32,59
176,41,235,32,59
177,38,234,32,59
178,34,233,32,59
179,30,233,32,59
180,25,232,32,59
181,22,230,32,59
182,20,229,32,59
183,16,230,32,59
184,14,229,32,59
185,11,229,32,59
