10-LowContrast 16
42,777,219,80,67
43,778,218,80,67
44,778,218,80,67
45,778,218,80,67
46,778,217,80,67
47,778,217,80,67
48,778,217,80,67
49,778,217,80,67
50,778,217,80,67
51,778,217,80,67
52,778,217,80,67
53,778,218,80,67
54,778,218,80,67
55,778,218,80,67
56,778,219,80,67
57,778,219,80,67
58,778,219,80,67
59,778,219,80,67
60,778,219,80,67
61,778,219,80,67
62,778,219,80,67
63,778,219,80,67
64,778,218,80,67
65,778,218,80,67
66,778,218,80,67
67,778,219,80,67
68,778,220,80,67
69,778,220,80,67
70,778,224,80,67
71,778,227,80,67
72,778,227,80,67
73,777,215,80,67
74,775,213,80,67
75,775,213,80,67
76,775,208,80,67
77,775,208,80,67
78,775,208,80,67
79,778,216,80,67
80,778,216,80,67
81,778,216,80,67
82,777,214,80,67
83,776,209,80,67
84,776,209,80,67
85,773,206,80,67
86,773,207,80,67
87,773,207,80,67
88,773,211,80,67
89,773,212,80,67
90,773,212,80,67
91,773,212,80,67
92,773,210,80,67
93,773,210,80,67
94,773,211,80,67
95,773,211,80,67
96,773,211,80,67
97,773,212,80,67
98,773,212,80,67
99,773,212,80,67
100,773,212,80,67
101,773,212,80,67
102,773,212,80,67
103,775,213,80,67
104,775,213,80,67
105,775,213,80,67
106,775,213,80,67
107,775,213,80,67
108,775,213,80,67
109,776,212,80,67
110,776,212,80,67
111,776,212,80,67
112,776,211,80,67
113,777,212,80,67
114,777,212,80,67
115,777,213,80,67
116,777,213,80,67
117,777,213,80,67
118,777,214,80,67
119,777,213,80,67
120,777,213,80,67
121,777,213,80,67
122,777,213,80,67
123,777,213,80,67
124,777,211,80,67
125,777,211,80,67
126,777,211,80,67
127,777,211,80,67
128,777,212,80,67
129,778,212,80,67
130,775,208,80,67
131,776,209,80,67
132,776,209,80,67
133,782,217,80,67
134,782,217,80,67
135,782,217,80,67
136,781,216,80,67
137,781,215,80,67
138,781,215,80,67
139,779,213,80,67
140,779,213,80,67
141,779,213,80,67
142,779,214,80,67
143,779,214,80,67
144,779,214,80,67
145,779,213,80,67
146,779,212,80,67
147,779,212,80,67
148,777,213,80,67
149,777,213,80,67
150,777,213,80,67
151,776,215,80,67
152,775,215,80,67
153,775,215,80,67
154,772,216,80,67
155,772,216,80,67
156,772,216,80,67
157,769,217,80,67
158,767,219,80,67
159,767,219,80,67
160,763,222,80,67
161,762,223,80,67
162,762,223,80,67
163,758,226,80,67
164,757,227,80,67
165,757,227,80,67
166,755,229,80,67
167,754,229,80,67
168,754,229,80,67
169,752,230,80,67
170,752,231,80,67
171,752,231,80,67
172,752,234,80,67
173,752,235,80,67
174,752,235,80,67
175,751,234,80,67
176,750,234,80,67
177,750,234,80,67
178,749,231,80,67
179,748,230,80,67
180,748,230,80,67
181,748,230,80,67
182,747,229,80,67
183,747,229,80,67
184,744,229,80,67
185,743,229,80,67
186,743,229,80,67
187,741,229,80,67
188,739,230,80,67
189,739,230,80,67
190,732,227,80,67
191,731,227,80,67
192,731,227,80,67
193,726,224,80,67
194,721,221,80,67
195,721,221,80,67
196,717,221,80,67
197,715,219,80,67
198,715,219,80,67
199,707,216,80,67
200,704,215,80,67
201,704,215,80,67
202,699,214,80,67
203,697,214,80,67
204,697,214,80,67
205,688,217,80,67
206,684,217,80,67
207,684,217,80,67
208,677,216,80,67
209,670,217,80,67
210,670,217,80,67
211,664,216,80,67
212,661,216,80,67
213,661,216,80,67
214,652,219,80,67
215,650,220,80,67
216,650,220,80,67
217,645,222,80,67
218,642,222,80,67
219,642,222,80,67
220,633,218,80,67
221,630,217,80,67
222,630,217,80,67
223,627,216,80,67
224,624,215,80,67
225,624,215,80,67
226,623,212,80,67
227,623,211,80,67
228,623,211,80,67
229,627,204,80,67
230,629,204,80,67
231,629,204,80,67
232,630,204,80,67
233,631,204,80,67
234,631,204,80,67
235,635,201,80,67
236,636,201,80,67
237,636,201,80,67
238,638,199,80,67
239,638,198,80,67
240,638,198,80,67
241,638,197,80,67
242,638,197,80,67
243,638,197,80,67
244,637,196,80,67
245,636,196,80,67
246,636,196,80,67
247,635,194,80,67
248,635,191,80,67
249,635,191,80,67
250,633,185,80,67
251,633,183,80,67
252,633,183,80,67
253,633,177,80,67
254,634,174,80,67
255,634,174,80,67
256,635,173,80,67
257,636,172,80,67
258,637,172,80,67
259,643,172,80,67
260,645,172,80,67
261,645,172,80,67
262,650,171,80,67
263,653,171,80,67
264,653,171,80,67
265,661,169,80,67
266,665,169,80,67
267,665,169,80,67
268,674,168,80,67
269,685,171,80,67
270,685,171,80,67
271,695,172,80,67
272,701,172,80,67
273,701,172,80,67
274,718,170,80,67
275,722,169,80,67
276,722,169,80,67
