11-Occlusion 33
1,551,145,33,95
2,549,145,33,95
3,547,145,33,95
4,545,145,33,95
5,543,145,33,95
6,541,145,33,95
7,539,145,33,95
8,537,146,33,95
9,535,146,33,95
10,533,146,33,95
11,530,146,33,95
12,528,146,33,95
13,525,146,33,95
14,523,146,33,95
15,521,146,33,95
16,519,146,33,95
17,517,146,33,95
18,515,146,33,95
19,513,146,33,95
20,511,146,33,95
21,509,146,33,95
22,507,146,33,95
23,505,146,33,95
24,503,146,33,95
25,501,146,33,95
26,498,146,33,95
27,495,146,33,95
28,492,146,33,95
29,489,146,33,95
30,486,146,33,95
31,483,146,33,95
32,481,146,33,95
33,479,146,33,95
34,477,146,33,95
35,475,146,33,95
36,473,146,33,95
37,471,146,33,95
38,469,146,33,95
39,466,146,33,95
40,464,146,33,95
41,462,146,33,95
42,459,146,33,95
43,456,146,33,95
44,453,146,33,95
45,450,146,33,95
46,447,146,33,95
47,445,146,33,95
48,443,146,33,95
49,440,146,33,95
50,438,146,33,95
51,436,146,33,95
52,434,146,33,95
53,432,146,33,95
54,430,145,33,95
55,427,145,33,95
56,424,145,33,95
57,422,145,33,95
58,420,144,33,95
59,417,144,33,95
60,415,144,33,95
61,413,144,33,95
62,411,144,33,95
63,409,143,33,95
64,406,143,33,95
65,404,143,33,95
66,401,143,33,95
67,399,143,33,95
68,397,143,33,95
69,395,143,33,95
70,392,143,33,95
71,390,143,33,95
72,387,143,33,95
73,384,143,33,95
74,381,143,33,95
75,378,143,33,95
76,375,143,33,95
77,372,143,33,95
78,370,144,33,95
79,368,144,33,95
80,366,144,33,95
81,364,144,33,95
82,362,144,33,95
83,360,144,33,95
84,359,144,33,95
85,358,144,33,95
86,357,144,33,95
87,356,145,33,95
88,356,146,33,95
89,356,147,33,95
90,356,147,33,95
91,357,148,33,95
92,359,148,33,95
93,361,148,33,95
94,363,147,33,95
95,365,147,33,95
96,367,147,33,95
97,369,147,33,95
98,371,147,33,95
99,374,147,33,95
100,377,147,33,95
101,380,148,33,95
102,383,148,33,95
103,387,149,33,95
104,390,149,33,95
105,393,149,33,95
106,396,149,33,95
107,399,149,33,95
108,401,149,33,95
109,404,149,33,95
110,406,149,33,95
111,408,150,33,95
112,411,151,33,95
113,414,152,33,95
114,417,152,33,95
115,420,152,33,95
116,423,153,33,95
117,426,152,33,95
118,429,153,33,95
119,432,153,33,95
120,435,153,33,95
121,438,153,33,95
122,441,154,33,95
123,444,155,33,95
124,446,155,33,95
125,448,155,33,95
126,450,155,33,95
127,453,155,33,95
128,455,155,33,95
129,458,155,33,95
130,461,155,33,95
131,464,155,33,95
132,467,155,33,95
133,470,154,33,95
134,473,154,33,95
135,477,154,33,95
136,480,154,33,95
137,483,155,33,95
138,486,155,33,95
139,488,155,33,95
140,490,155,33,95
141,492,155,33,95
142,494,155,33,95
143,497,155,33,95
144,500,155,33,95
145,503,155,33,95
146,506,155,33,95
147,509,155,33,95
148,512,155,33,95
149,514,155,33,95
150,516,155,33,95
151,518,155,33,95
