11-Occlusion 20
4,172,34,54,86
5,172,34,54,86
6,171,35,54,86
7,170,36,54,86
8,169,37,54,86
9,168,38,54,86
10,166,39,54,86
11,165,39,54,86
12,164,39,54,86
13,163,39,54,86
14,162,39,54,86
15,161,39,54,86
16,160,39,54,86
17,160,39,54,86
18,160,39,54,86
19,160,39,54,86
20,160,39,54,86
21,161,39,54,86
22,162,39,54,86
23,163,39,54,86
24,164,39,54,86
25,166,39,54,86
26,168,39,54,86
27,171,39,54,86
28,174,39,54,86
29,178,39,54,86
30,182,39,54,86
31,186,39,54,86
32,190,39,54,86
33,195,39,54,86
34,200,39,54,86
35,205,39,54,86
36,210,39,54,86
37,215,39,54,86
38,220,39,54,86
39,225,39,54,86
40,230,39,54,86
41,235,39,54,86
42,239,39,54,86
43,243,39,54,86
44,247,40,54,86
45,250,41,54,86
46,252,42,54,86
47,254,43,54,86
48,256,44,54,86
49,258,45,54,86
50,260,46,54,86
51,262,47,54,86
52,264,48,54,86
53,265,49,54,86
54,266,49,54,86
55,267,49,54,86
56,268,49,54,86
57,269,49,54,86
58,269,49,54,86
59,269,49,54,86
60,269,49,54,86
61,269,49,54,86
62,269,49,54,86
63,269,49,54,86
64,269,50,54,86
65,269,50,54,86
66,268,51,54,86
67,267,51,54,86
68,266,51,54,86
69,265,51,54,86
70,264,51,54,86
71,263,51,54,86
72,262,51,54,86
73,261,51,54,86
74,260,51,54,86
75,259,51,54,86
76,258,51,54,86
77,257,51,54,86
78,256,51,54,86
79,255,51,54,86
80,254,51,54,86
81,253,51,54,86
82,252,51,54,86
83,251,51,54,86
84,250,51,54,86
85,249,51,54,86
86,248,51,54,86
87,248,52,54,86
88,248,53,54,86
89,248,55,54,86
90,248,56,54,86
91,248,57,54,86
92,247,58,54,86
93,246,58,54,86
94,244,58,54,86
