11-Occlusion 22
51,1545,240,96,245
52,1538,240,96,245
53,1532,242,96,245
54,1526,241,96,245
55,1520,239,96,245
56,1512,237,96,245
57,1504,237,96,245
58,1494,237,96,245
59,1484,237,96,245
60,1473,238,96,245
61,1457,239,96,245
62,1443,239,96,245
63,1431,239,96,245
64,1420,239,96,245
65,1412,239,96,245
66,1407,239,96,245
67,1403,239,96,245
68,1400,239,96,245
69,1398,238,96,245
70,1396,237,96,245
71,1387,236,96,245
72,1379,235,96,245
73,1373,234,96,245
74,1366,236,96,245
75,1359,236,96,245
76,1351,235,96,245
77,1339,235,96,245
78,1332,235,96,245
79,1326,235,96,245
80,1320,235,96,245
81,1316,233,96,245
82,1310,232,96,245
83,1304,232,96,245
84,1296,230,96,245
85,1290,228,96,245
86,1281,227,96,245
87,1271,226,96,245
88,1255,226,96,245
89,1248,225,96,245
90,1238,225,96,245
91,1199,224,96,245
92,1160,223,96,245
93,1131,221,96,245
94,1098,217,96,245
95,1060,216,96,245
96,1021,215,96,245
97,1004,213,96,245
98,979,212,96,245
99,958,209,96,245
100,921,207,96,245
101,886,206,96,245
102,849,205,96,245
103,830,204,96,245
104,811,202,96,245
105,793,200,96,245
106,775,200,96,245
107,757,197,96,245
108,738,197,96,245
109,719,195,96,245
110,701,194,96,245
111,683,192,96,245
112,665,191,96,245
113,645,191,96,245
114,627,190,96,245
115,609,190,96,245
116,591,189,96,245
117,573,188,96,245
118,554,188,96,245
119,535,187,96,245
120,517,187,96,245
121,498,187,96,245
122,476,188,96,245
123,459,187,96,245
124,441,186,96,245
125,423,185,96,245
126,405,184,96,245
127,371,183,96,245
128,355,183,96,245
129,336,184,96,245
130,317,185,96,245
131,298,185,96,245
132,280,185,96,245
133,262,184,96,245
134,244,184,96,245
135,225,184,96,245
136,207,185,96,245
137,190,184,96,245
138,172,183,96,245
139,152,182,96,245
140,133,182,96,245
141,115,182,96,245
142,98,182,96,245
143,80,181,96,245
144,62,182,96,245
145,44,182,96,245
146,27,182,96,245
147,9,181,96,245
148,3,180,96,245
149,2,181,96,245
150,4,180,96,245
151,2,181,96,245
152,0,180,96,245
153,2,181,96,245
154,3,181,96,245
155,0,180,96,245
156,1,182,96,245
157,2,182,96,245
158,0,183,96,245
159,821,365,96,245
160,813,366,96,245
161,809,368,96,245
162,805,373,96,245
163,814,359,96,245
164,821,342,96,245
165,832,332,96,245
166,843,324,96,245
