11-Occlusion 3
1,1313,548,83,90
2,1307,558,83,90
3,1290,560,83,90
4,1263,553,83,90
5,1233,546,83,90
6,1206,533,83,90
7,1171,519,83,90
8,1132,514,83,90
9,1090,506,83,90
10,1060,492,83,90
11,1062,470,83,90
12,1071,453,83,90
13,1087,439,83,90
14,1105,422,83,90
15,1129,409,83,90
16,1147,396,83,90
17,1170,376,83,90
18,1575,228,83,90
19,1617,223,83,90
20,1604,240,83,90
21,1681,218,83,90
22,1690,234,83,90
23,1721,238,83,90
24,1667,322,83,90
25,1725,336,83,90
26,1798,348,83,90
27,555,102,83,90
28,625,104,83,90
29,710,107,83,90
30,799,117,83,90
31,893,121,83,90
32,975,124,83,90
33,1051,124,83,90
34,1129,135,83,90
35,1225,146,83,90
36,1321,161,83,90
37,1362,211,83,90
38,1403,260,83,90
39,1485,266,83,90
40,1252,507,83,90
41,588,48,83,90
42,644,90,83,90
43,759,104,83,90
44,840,116,83,90
45,950,123,83,90
46,1051,125,83,90
47,1168,128,83,90
48,1249,134,83,90
49,1219,195,83,90
50,1311,197,83,90
51,1427,203,83,90
52,1431,287,83,90
53,1414,354,83,90
54,1417,432,83,90
55,1450,466,83,90
56,1477,526,83,90
57,1492,575,83,90
58,1498,628,83,90
59,189,794,83,90
60,170,794,83,90
61,238,804,83,90
62,547,808,83,90
63,547,809,83,90
64,570,809,83,90
65,439,905,83,90
66,249,974,83,90
67,1256,32,83,90
68,1238,25,83,90
69,1492,17,83,90
70,1568,31,83,90
71,1588,134,83,90
72,251,211,83,90
73,321,215,83,90
74,364,220,83,90
75,458,220,83,90
76,525,220,83,90
77,564,220,83,90
78,623,218,83,90
79,736,215,83,90
80,736,219,83,90
81,784,224,83,90
82,794,235,83,90
83,839,244,83,90
84,831,254,83,90
85,1039,253,83,90
86,1063,260,83,90
87,1119,265,83,90
88,1190,268,83,90
89,1199,273,83,90
90,1277,275,83,90
91,1307,280,83,90
92,1337,284,83,90
93,1425,278,83,90
94,1421,273,83,90
95,1457,261,83,90
96,1518,241,83,90
97,1519,272,83,90
98,1684,719,83,90
99,1573,714,83,90
100,1482,714,83,90
101,496,180,83,90
102,705,925,83,90
103,770,901,83,90
104,774,915,83,90
105,790,870,83,90
106,954,848,83,90
107,872,902,83,90
108,889,915,83,90
109,986,890,83,90
110,984,917,83,90
111,1060,899,83,90
112,971,975,83,90
113,1058,944,83,90
114,1087,948,83,90
115,1153,930,83,90
116,111,649,83,90
