11-Occlusion 15
185,475,6,330,468
186,476,6,330,468
187,477,6,330,468
188,478,6,330,468
189,479,7,330,468
190,480,7,330,468
191,481,7,330,468
192,482,7,330,468
193,481,7,330,468
194,481,7,330,468
195,480,6,330,468
196,479,5,330,468
197,478,3,330,468
198,477,1,330,468
199,476,0,330,468
200,476,0,330,468
201,476,0,330,468
202,475,0,330,468
203,475,0,330,468
204,474,1,330,468
205,473,1,330,468
206,473,2,330,468
207,473,4,330,468
208,473,5,330,468
209,473,6,330,468
210,473,7,330,468
211,474,9,330,468
212,476,11,330,468
213,476,13,330,468
214,476,12,330,468
215,477,11,330,468
216,478,11,330,468
217,530,69,330,468
218,530,68,330,468
219,531,68,330,468
220,532,68,330,468
221,532,68,330,468
222,532,69,330,468
223,532,70,330,468
224,532,70,330,468
225,532,70,330,468
226,531,70,330,468
227,529,69,330,468
228,528,70,330,468
229,527,71,330,468
230,525,72,330,468
231,524,70,330,468
232,524,70,330,468
233,523,70,330,468
234,522,71,330,468
235,521,72,330,468
236,521,72,330,468
237,520,72,330,468
238,520,73,330,468
239,520,74,330,468
240,519,73,330,468
241,519,73,330,468
242,518,72,330,468
243,517,72,330,468
244,516,72,330,468
245,514,72,330,468
246,514,73,330,468
247,513,74,330,468
248,512,75,330,468
249,511,73,330,468
250,510,73,330,468
251,509,73,330,468
252,508,72,330,468
253,508,72,330,468
254,507,71,330,468
255,506,72,330,468
256,506,72,330,468
257,506,72,330,468
258,505,72,330,468
259,504,72,330,468
260,504,72,330,468
261,503,72,330,468
262,503,72,330,468
263,448,55,330,468
264,448,55,330,468
265,448,55,330,468
266,448,54,330,468
267,447,54,330,468
268,447,53,330,468
269,447,53,330,468
270,447,53,330,468
271,447,53,330,468
272,447,53,330,468
273,447,53,330,468
274,447,53,330,468
275,448,54,330,468
276,448,56,330,468
277,449,57,330,468
278,449,58,330,468
279,450,60,330,468
280,451,62,330,468
281,451,66,330,468
282,452,66,330,468
283,452,68,330,468
284,452,70,330,468
285,452,71,330,468
286,452,70,330,468
287,451,70,330,468
288,451,70,330,468
289,451,70,330,468
290,452,70,330,468
291,452,71,330,468
292,452,72,330,468
293,452,73,330,468
294,452,72,330,468
295,452,72,330,468
296,453,72,330,468
297,453,72,330,468
298,454,72,330,468
299,455,72,330,468
300,455,71,330,468
301,455,71,330,468
302,455,71,330,468
303,455,71,330,468
304,455,71,330,468
305,455,70,330,468
306,455,69,330,468
307,455,69,330,468
308,455,69,330,468
309,455,69,330,468
310,455,68,330,468
311,455,67,330,468
312,455,66,330,468
313,454,65,330,468
314,454,64,330,468
315,454,64,330,468
316,454,64,330,468
317,454,64,330,468
318,454,63,330,468
319,454,63,330,468
320,454,63,330,468
321,454,63,330,468
322,454,63,330,468
323,454,63,330,468
324,454,63,330,468
325,454,62,330,468
326,454,61,330,468
327,453,61,330,468
328,453,61,330,468
329,453,62,330,468
330,453,62,330,468
331,453,62,330,468
332,453,62,330,468
333,453,62,330,468
334,453,62,330,468
335,453,62,330,468
336,453,62,330,468
337,453,62,330,468
338,453,62,330,468
339,453,62,330,468
340,453,62,330,468
341,452,62,330,468
342,452,62,330,468
343,451,62,330,468
344,451,62,330,468
345,451,61,330,468
346,451,60,330,468
347,451,60,330,468
348,451,60,330,468
349,451,61,330,468
350,451,61,330,468
351,451,61,330,468
352,451,61,330,468
353,518,65,330,468
354,518,65,330,468
355,518,65,330,468
356,518,66,330,468
357,518,66,330,468
358,518,66,330,468
359,518,66,330,468
360,518,66,330,468
361,518,66,330,468
362,518,66,330,468
363,518,66,330,468
364,518,66,330,468
365,518,66,330,468
366,518,66,330,468
367,518,66,330,468
368,518,66,330,468
369,518,66,330,468
370,518,66,330,468
371,518,66,330,468
372,518,66,330,468
373,518,66,330,468
374,518,66,330,468
375,518,65,330,468
376,518,65,330,468
377,519,65,330,468
378,520,65,330,468
379,520,65,330,468
380,520,64,330,468
381,520,64,330,468
382,520,64,330,468
383,520,64,330,468
384,520,64,330,468
385,520,64,330,468
386,521,64,330,468
387,521,64,330,468
388,521,64,330,468
389,521,63,330,468
390,521,63,330,468
391,520,63,330,468
392,520,63,330,468
393,520,63,330,468
394,520,63,330,468
395,520,64,330,468
396,520,64,330,468
397,520,64,330,468
398,520,64,330,468
399,520,64,330,468
400,520,63,330,468
401,519,63,330,468
402,518,63,330,468
403,517,63,330,468
404,515,64,330,468
405,514,65,330,468
406,513,64,330,468
407,512,64,330,468
408,512,64,330,468
409,512,65,330,468
410,512,67,330,468
411,512,67,330,468
412,512,67,330,468
413,512,67,330,468
414,512,67,330,468
415,511,67,330,468
416,511,67,330,468
417,511,67,330,468
418,511,67,330,468
419,511,67,330,468
420,510,67,330,468
421,509,67,330,468
422,509,67,330,468
423,508,66,330,468
424,507,66,330,468
425,507,66,330,468
426,507,66,330,468
427,507,66,330,468
428,506,66,330,468
429,505,66,330,468
430,505,66,330,468
431,505,66,330,468
432,505,66,330,468
433,505,66,330,468
434,505,66,330,468
435,505,65,330,468
436,505,65,330,468
437,505,64,330,468
438,505,65,330,468
439,505,65,330,468
440,505,64,330,468
441,506,65,330,468
442,506,65,330,468
443,507,65,330,468
444,508,65,330,468
445,509,65,330,468
446,510,64,330,468
447,510,64,330,468
448,510,64,330,468
449,511,64,330,468
450,512,64,330,468
451,513,64,330,468
452,513,64,330,468
453,513,63,330,468
454,513,62,330,468
455,513,61,330,468
456,513,61,330,468
457,513,61,330,468
458,513,61,330,468
459,513,61,330,468
460,513,61,330,468
461,513,61,330,468
462,513,61,330,468
463,514,60,330,468
464,514,59,330,468
465,514,59,330,468
466,514,59,330,468
467,514,59,330,468
468,514,59,330,468
469,514,59,330,468
470,514,59,330,468
471,514,58,330,468
472,514,58,330,468
473,452,61,330,468
474,453,59,330,468
475,453,59,330,468
476,453,59,330,468
477,453,59,330,468
478,452,59,330,468
479,451,58,330,468
480,451,58,330,468
481,450,58,330,468
482,449,58,330,468
483,448,58,330,468
484,448,58,330,468
485,447,57,330,468
486,446,56,330,468
487,445,56,330,468
488,445,55,330,468
489,445,54,330,468
490,445,54,330,468
491,445,54,330,468
492,446,54,330,468
493,446,54,330,468
494,446,54,330,468
495,446,54,330,468
496,446,54,330,468
497,446,54,330,468
498,446,55,330,468
499,446,55,330,468
500,446,55,330,468
501,446,55,330,468
502,446,55,330,468
503,446,55,330,468
504,446,55,330,468
505,446,55,330,468
506,446,55,330,468
507,446,55,330,468
508,446,55,330,468
509,446,55,330,468
510,446,55,330,468
511,447,55,330,468
512,447,55,330,468
513,447,55,330,468
514,447,55,330,468
515,448,55,330,468
516,449,55,330,468
517,449,54,330,468
518,449,54,330,468
519,449,54,330,468
520,449,54,330,468
521,449,53,330,468
522,448,53,330,468
523,448,53,330,468
524,448,53,330,468
525,448,53,330,468
526,448,53,330,468
527,448,53,330,468
528,449,53,330,468
529,449,52,330,468
530,449,52,330,468
531,449,53,330,468
532,449,53,330,468
533,450,53,330,468
534,450,53,330,468
535,450,53,330,468
536,450,53,330,468
537,450,53,330,468
538,451,54,330,468
539,451,54,330,468
540,451,54,330,468
541,451,54,330,468
542,451,54,330,468
543,451,54,330,468
544,451,54,330,468
545,451,54,330,468
546,451,54,330,468
547,451,54,330,468
548,451,54,330,468
549,451,54,330,468
550,452,54,330,468
551,452,55,330,468
552,452,55,330,468
553,452,55,330,468
554,452,55,330,468
555,452,54,330,468
556,452,54,330,468
557,452,54,330,468
558,451,54,330,468
559,451,54,330,468
560,451,54,330,468
561,451,54,330,468
562,451,54,330,468
563,451,54,330,468
564,451,54,330,468
565,451,54,330,468
566,451,54,330,468
567,451,54,330,468
568,451,54,330,468
569,451,54,330,468
570,451,54,330,468
571,451,54,330,468
572,451,54,330,468
573,451,54,330,468
574,451,54,330,468
575,451,55,330,468
576,451,55,330,468
577,452,55,330,468
578,452,55,330,468
579,452,55,330,468
580,453,55,330,468
581,453,55,330,468
582,453,55,330,468
583,453,55,330,468
584,453,55,330,468
585,453,55,330,468
586,452,55,330,468
587,452,55,330,468
588,452,55,330,468
589,452,55,330,468
590,452,55,330,468
591,452,55,330,468
592,452,55,330,468
593,452,55,330,468
594,452,55,330,468
595,452,55,330,468
596,452,55,330,468
597,452,55,330,468
598,452,55,330,468
599,452,55,330,468
600,452,55,330,468
601,452,55,330,468
602,452,55,330,468
603,452,55,330,468
604,452,55,330,468
605,452,55,330,468
606,452,55,330,468
607,452,55,330,468
608,452,55,330,468
609,452,53,330,468
610,452,52,330,468
611,452,52,330,468
612,452,52,330,468
613,452,52,330,468
614,452,52,330,468
615,452,51,330,468
