11-Occlusion 13
80,715,31,179,212
81,720,30,179,212
82,724,28,179,212
83,728,26,179,212
84,733,26,179,212
85,738,26,179,212
86,742,25,179,212
87,745,21,179,212
88,749,20,179,212
89,752,19,179,212
90,755,18,179,212
91,758,17,179,212
92,761,17,179,212
93,763,16,179,212
94,764,16,179,212
95,766,16,179,212
96,767,16,179,212
97,767,16,179,212
98,768,16,179,212
99,768,16,179,212
100,768,16,179,212
101,767,16,179,212
102,766,17,179,212
103,764,17,179,212
104,762,18,179,212
105,761,18,179,212
106,760,19,179,212
107,758,19,179,212
108,757,19,179,212
109,756,19,179,212
110,755,20,179,212
111,754,21,179,212
112,752,22,179,212
113,749,23,179,212
114,746,24,179,212
115,743,25,179,212
116,740,26,179,212
117,736,28,179,212
118,732,29,179,212
119,727,31,179,212
120,723,32,179,212
121,718,35,179,212
122,713,39,179,212
123,709,43,179,212
124,704,47,179,212
125,700,51,179,212
126,698,54,179,212
127,694,59,179,212
128,689,61,179,212
129,684,63,179,212
130,681,66,179,212
131,678,70,179,212
132,677,72,179,212
133,675,75,179,212
134,672,80,179,212
135,670,83,179,212
136,668,85,179,212
137,666,87,179,212
138,665,89,179,212
139,664,89,179,212
140,663,88,179,212
141,662,89,179,212
142,661,90,179,212
143,661,91,179,212
144,661,91,179,212
145,661,91,179,212
146,661,91,179,212
147,661,91,179,212
148,661,90,179,212
149,661,90,179,212
150,661,90,179,212
151,661,90,179,212
152,660,89,179,212
153,660,89,179,212
154,659,90,179,212
155,658,90,179,212
156,657,90,179,212
157,656,90,179,212
158,655,90,179,212
159,654,90,179,212
160,653,89,179,212
161,652,89,179,212
162,650,89,179,212
163,649,89,179,212
164,649,89,179,212
165,648,89,179,212
166,648,88,179,212
167,647,88,179,212
168,647,87,179,212
169,648,85,179,212
170,648,82,179,212
171,649,80,179,212
172,649,77,179,212
173,651,74,179,212
174,654,72,179,212
175,657,69,179,212
176,660,66,179,212
177,664,62,179,212
178,667,58,179,212
179,671,55,179,212
180,675,51,179,212
181,679,47,179,212
182,682,41,179,212
183,687,37,179,212
184,692,32,179,212
185,697,30,179,212
186,703,27,179,212
187,708,22,179,212
188,714,19,179,212
189,719,15,179,212
190,724,14,179,212
191,729,14,179,212
192,734,14,179,212
193,738,13,179,212
194,742,14,179,212
195,746,15,179,212
196,750,15,179,212
197,753,16,179,212
198,756,18,179,212
199,759,19,179,212
200,760,20,179,212
201,763,21,179,212
202,765,21,179,212
203,767,21,179,212
204,779,0,179,212
205,778,0,179,212
206,778,1,179,212
207,778,1,179,212
208,778,1,179,212
209,779,0,179,212
210,779,0,179,212
211,779,0,179,212
212,779,1,179,212
213,780,0,179,212
214,780,0,179,212
215,780,0,179,212
216,780,0,179,212
217,780,0,179,212
218,780,0,179,212
219,780,0,179,212
220,780,0,179,212
221,780,0,179,212
222,780,0,179,212
223,780,0,179,212
224,780,0,179,212
225,780,1,179,212
226,780,1,179,212
227,780,1,179,212
228,780,1,179,212
229,780,1,179,212
230,780,1,179,212
231,780,1,179,212
232,780,2,179,212
233,780,2,179,212
234,780,2,179,212
235,780,2,179,212
236,780,2,179,212
237,780,2,179,212
238,780,2,179,212
239,780,2,179,212
240,780,2,179,212
241,780,2,179,212
242,780,2,179,212
243,780,2,179,212
244,780,2,179,212
245,781,2,179,212
246,781,2,179,212
247,781,2,179,212
248,781,2,179,212
249,781,2,179,212
250,781,2,179,212
251,781,2,179,212
252,781,2,179,212
253,781,2,179,212
254,782,2,179,212
255,782,2,179,212
256,782,3,179,212
257,782,3,179,212
258,782,3,179,212
259,782,3,179,212
260,782,3,179,212
261,782,3,179,212
262,782,3,179,212
263,782,3,179,212
264,783,3,179,212
265,783,3,179,212
266,783,3,179,212
267,783,3,179,212
268,783,3,179,212
269,784,3,179,212
270,786,3,179,212
271,786,3,179,212
272,786,3,179,212
273,786,3,179,212
274,786,3,179,212
275,786,4,179,212
276,786,4,179,212
277,786,4,179,212
278,786,4,179,212
279,786,4,179,212
280,786,4,179,212
281,810,32,179,212
282,810,32,179,212
283,810,33,179,212
284,810,34,179,212
285,810,34,179,212
286,810,35,179,212
287,809,36,179,212
288,809,36,179,212
289,808,36,179,212
290,807,37,179,212
291,806,37,179,212
292,805,37,179,212
293,804,37,179,212
294,803,38,179,212
295,802,38,179,212
296,801,38,179,212
297,800,37,179,212
298,798,37,179,212
299,796,37,179,212
300,794,36,179,212
301,792,36,179,212
302,789,38,179,212
303,787,38,179,212
304,785,39,179,212
305,783,41,179,212
306,781,43,179,212
307,779,45,179,212
308,777,47,179,212
309,775,49,179,212
310,773,51,179,212
311,772,51,179,212
312,770,51,179,212
313,767,53,179,212
314,764,54,179,212
315,761,56,179,212
316,758,58,179,212
317,754,60,179,212
318,751,62,179,212
319,749,63,179,212
320,747,64,179,212
321,745,64,179,212
322,743,65,179,212
323,741,66,179,212
324,739,67,179,212
325,738,67,179,212
326,737,67,179,212
327,736,66,179,212
328,736,65,179,212
329,736,64,179,212
330,736,63,179,212
331,736,62,179,212
332,737,61,179,212
333,737,61,179,212
334,737,61,179,212
335,737,59,179,212
336,738,56,179,212
337,739,53,179,212
338,740,51,179,212
339,741,49,179,212
340,741,47,179,212
341,741,46,179,212
342,743,46,179,212
343,744,45,179,212
344,745,44,179,212
345,747,42,179,212
346,749,40,179,212
347,751,39,179,212
348,753,38,179,212
349,755,36,179,212
350,756,35,179,212
351,758,34,179,212
352,761,33,179,212
353,763,32,179,212
354,764,32,179,212
355,765,32,179,212
356,767,32,179,212
357,768,32,179,212
358,769,32,179,212
359,770,32,179,212
360,770,31,179,212
361,771,31,179,212
362,772,30,179,212
363,774,30,179,212
364,774,30,179,212
365,775,30,179,212
366,776,30,179,212
367,777,30,179,212
368,778,30,179,212
369,779,30,179,212
370,780,30,179,212
371,781,30,179,212
372,782,29,179,212
373,783,29,179,212
374,784,29,179,212
375,784,29,179,212
376,785,29,179,212
377,786,29,179,212
378,786,29,179,212
379,787,29,179,212
380,788,29,179,212
381,788,29,179,212
382,788,29,179,212
383,788,29,179,212
384,788,29,179,212
385,788,29,179,212
386,788,29,179,212
387,788,30,179,212
388,788,30,179,212
389,787,30,179,212
390,786,31,179,212
391,785,31,179,212
392,784,31,179,212
393,782,31,179,212
394,780,32,179,212
395,778,32,179,212
396,775,33,179,212
397,773,33,179,212
398,771,32,179,212
399,768,33,179,212
400,764,34,179,212
