11-Occlusion 27
4,484,185,66,90
5,487,184,66,90
6,491,184,66,90
7,493,184,66,90
8,495,184,66,90
9,496,184,66,90
10,497,184,66,90
11,497,184,66,90
12,497,184,66,90
13,497,183,66,90
14,498,182,66,90
15,499,181,66,90
16,500,179,66,90
17,500,178,66,90
18,499,177,66,90
19,498,177,66,90
20,497,178,66,90
21,495,178,66,90
22,492,179,66,90
23,495,181,66,90
24,497,184,66,90
25,507,182,66,90
26,517,181,66,90
27,525,179,66,90
28,536,175,66,90
29,546,170,66,90
30,555,165,66,90
31,563,161,66,90
32,569,161,66,90
33,573,161,66,90
34,577,161,66,90
35,579,161,66,90
36,583,161,66,90
37,587,161,66,90
38,591,161,66,90
39,595,161,66,90
40,600,161,66,90
41,605,161,66,90
42,611,161,66,90
43,618,161,66,90
44,626,161,66,90
45,635,161,66,90
46,644,160,66,90
47,652,160,66,90
48,653,168,66,90
49,653,172,66,90
50,653,171,66,90
51,653,169,66,90
52,653,169,66,90
53,653,169,66,90
54,653,173,66,90
55,653,173,66,90
56,653,173,66,90
57,653,173,66,90
58,653,172,66,90
59,653,172,66,90
60,653,172,66,90
61,653,172,66,90
62,653,172,66,90
63,653,170,66,90
64,653,170,66,90
65,653,170,66,90
66,653,171,66,90
67,653,171,66,90
68,653,171,66,90
69,653,171,66,90
