11-Occlusion 7
49,705,522,81,81
50,704,522,81,81
51,702,521,81,81
52,701,520,81,81
53,700,519,81,81
54,700,518,81,81
55,700,518,81,81
56,700,517,81,81
57,700,517,81,81
58,699,517,81,81
59,697,517,81,81
60,693,516,81,81
61,693,516,81,81
62,688,515,81,81
63,684,514,81,81
64,681,512,81,81
65,1069,535,81,81
66,982,543,81,81
67,982,543,81,81
68,892,552,81,81
69,800,559,81,81
70,854,565,81,81
71,764,575,81,81
72,724,578,81,81
73,724,578,81,81
74,727,590,81,81
75,661,595,81,81
76,588,603,81,81
77,576,589,81,81
78,718,593,81,81
79,718,593,81,81
80,640,605,81,81
81,585,613,81,81
82,558,626,81,81
83,532,634,81,81
84,656,623,81,81
85,656,623,81,81
86,605,634,81,81
87,540,646,81,81
88,553,646,81,81
89,550,650,81,81
90,496,663,81,81
91,496,663,81,81
92,989,116,81,81
93,904,124,81,81
94,812,137,81,81
95,727,139,81,81
96,641,148,81,81
97,641,148,81,81
98,557,157,81,81
99,430,205,81,81
100,443,213,81,81
101,447,206,81,81
102,73,391,81,81
103,73,391,81,81
104,563,74,81,81
105,466,85,81,81
106,363,100,81,81
107,1691,483,81,81
108,1566,510,81,81
109,1566,510,81,81
110,1479,529,81,81
111,1400,548,81,81
112,506,847,81,81
113,654,822,81,81
114,550,858,81,81
115,550,858,81,81
116,587,827,81,81
117,644,799,81,81
118,1065,165,81,81
119,1070,155,81,81
120,1067,149,81,81
121,1067,149,81,81
122,1069,142,81,81
123,1057,142,81,81
124,1052,141,81,81
125,1051,141,81,81
126,1024,152,81,81
127,1024,152,81,81
128,982,172,81,81
129,982,179,81,81
130,973,191,81,81
131,1003,194,81,81
132,1080,182,81,81
133,1080,182,81,81
134,1079,194,81,81
135,1087,203,81,81
136,1029,232,81,81
137,1059,232,81,81
138,1033,251,81,81
139,1032,251,81,81
140,1015,269,81,81
141,1004,287,81,81
142,1074,279,81,81
143,1082,288,81,81
144,1090,296,81,81
145,1090,296,81,81
146,1090,305,81,81
147,1062,322,81,81
148,1075,325,81,81
149,1021,344,81,81
150,918,380,81,81
151,918,380,81,81
152,590,483,81,81
153,592,483,81,81
154,573,490,81,81
155,230,595,81,81
156,228,595,81,81
157,227,595,81,81
158,196,603,81,81
159,1240,811,81,81
160,1244,803,81,81
161,1144,837,81,81
162,1087,879,81,81
163,1087,879,81,81
164,1133,873,81,81
165,1268,835,81,81
166,1163,864,81,81
167,1141,870,81,81
168,845,926,81,81
169,845,926,81,81
170,921,935,81,81
171,523,982,81,81
172,878,366,81,81
173,872,367,81,81
174,867,367,81,81
175,867,367,81,81
176,844,371,81,81
177,820,375,81,81
178,260,512,81,81
179,257,512,81,81
180,361,488,81,81
181,362,488,81,81
182,350,492,81,81
183,339,495,81,81
184,352,493,81,81
185,357,493,81,81
186,353,495,81,81
187,353,495,81,81
188,402,484,81,81
189,461,472,81,81
190,448,476,81,81
191,462,474,81,81
192,468,474,81,81
193,468,474,81,81
194,597,449,81,81
195,256,524,81,81
196,353,506,81,81
197,326,514,81,81
198,311,520,81,81
199,311,520,81,81
200,317,522,81,81
201,313,526,81,81
202,286,535,81,81
203,287,539,81,81
204,283,543,81,81
205,283,543,81,81
206,335,536,81,81
207,385,530,81,81
208,415,527,81,81
209,420,529,81,81
210,417,533,81,81
211,412,534,81,81
212,484,522,81,81
213,480,526,81,81
214,486,526,81,81
215,489,526,81,81
216,457,533,81,81
217,457,533,81,81
218,479,525,81,81
219,471,525,81,81
220,467,522,81,81
221,469,516,81,81
222,456,512,81,81
223,456,512,81,81
224,426,513,81,81
225,416,507,81,81
226,379,511,81,81
227,382,503,81,81
228,380,496,81,81
229,380,496,81,81
230,360,494,81,81
231,372,483,81,81
232,341,484,81,81
233,333,477,81,81
234,270,489,81,81
235,270,489,81,81
236,262,482,81,81
237,100,530,81,81
238,89,526,81,81
239,136,500,81,81
240,139,489,81,81
241,134,481,81,81
242,133,481,81,81
243,134,472,81,81
244,133,466,81,81
245,135,460,81,81
246,127,462,81,81
247,131,462,81,81
248,132,462,81,81
249,216,434,81,81
250,214,440,81,81
251,202,451,81,81
252,210,455,81,81
253,244,450,81,81
254,243,450,81,81
255,251,454,81,81
256,247,462,81,81
257,241,471,81,81
258,276,468,81,81
259,278,474,81,81
260,278,474,81,81
261,199,503,81,81
262,200,507,81,81
263,210,507,81,81
264,214,507,81,81
265,212,507,81,81
266,211,507,81,81
267,205,507,81,81
268,199,507,81,81
269,222,499,81,81
270,225,495,81,81
271,212,495,81,81
272,212,495,81,81
273,213,491,81,81
274,213,487,81,81
275,211,483,81,81
276,204,479,81,81
277,197,475,81,81
278,197,475,81,81
279,182,473,81,81
280,173,469,81,81
281,185,461,81,81
282,172,457,81,81
283,178,450,81,81
284,178,450,81,81
285,181,443,81,81
286,183,436,81,81
287,216,425,81,81
288,278,411,81,81
289,436,388,81,81
290,435,388,81,81
291,443,384,81,81
292,475,377,81,81
293,479,373,81,81
294,481,369,81,81
295,457,368,81,81
296,457,368,81,81
297,426,367,81,81
298,434,364,81,81
299,530,356,81,81
300,514,355,81,81
301,499,355,81,81
302,499,355,81,81
303,511,355,81,81
304,560,355,81,81
305,558,357,81,81
306,509,360,81,81
307,585,360,81,81
308,585,360,81,81
309,523,362,81,81
310,574,363,81,81
311,519,365,81,81
312,465,367,81,81
313,413,368,81,81
314,413,368,81,81
315,400,369,81,81
316,474,373,81,81
317,473,376,81,81
318,483,379,81,81
319,441,380,81,81
320,441,380,81,81
321,386,380,81,81
322,338,380,81,81
323,403,385,81,81
324,342,385,81,81
325,350,388,81,81
326,350,388,81,81
327,407,393,81,81
328,352,393,81,81
329,318,393,81,81
330,279,393,81,81
331,381,401,81,81
332,381,401,81,81
333,365,402,81,81
334,360,402,81,81
335,395,406,81,81
336,373,406,81,81
337,362,407,81,81
338,362,407,81,81
339,363,408,81,81
340,336,404,81,81
341,321,401,81,81
342,321,401,81,81
343,333,401,81,81
344,333,401,81,81
345,291,394,81,81
346,297,390,81,81
347,271,383,81,81
348,279,379,81,81
349,279,375,81,81
350,277,375,81,81
351,287,371,81,81
352,294,367,81,81
353,299,363,81,81
354,303,360,81,81
355,250,352,81,81
356,250,352,81,81
357,242,348,81,81
358,237,344,81,81
359,226,340,81,81
360,43,320,81,81
361,70,320,81,81
362,70,320,81,81
363,68,318,81,81
364,79,318,81,81
365,70,316,81,81
366,77,316,81,81
367,78,316,81,81
368,78,316,81,81
369,78,318,81,81
370,83,322,81,81
371,84,325,81,81
372,83,329,81,81
373,73,333,81,81
374,73,333,81,81
375,127,344,81,81
376,106,349,81,81
377,104,357,81,81
378,95,364,81,81
379,100,374,81,81
380,100,374,81,81
381,70,380,81,81
382,67,389,81,81
383,72,400,81,81
384,69,410,81,81
385,71,421,81,81
386,71,421,81,81
387,66,430,81,81
388,106,441,81,81
389,158,451,81,81
390,158,455,81,81
391,168,459,81,81
392,169,459,81,81
393,161,459,81,81
394,143,456,81,81
395,139,452,81,81
396,182,450,81,81
397,214,446,81,81
398,214,446,81,81
399,211,440,81,81
400,236,436,81,81
401,238,431,81,81
402,220,425,81,81
403,208,420,81,81
404,208,420,81,81
405,196,413,81,81
406,206,408,81,81
407,207,402,81,81
408,178,395,81,81
409,200,391,81,81
410,200,391,81,81
411,191,385,81,81
412,185,381,81,81
413,173,377,81,81
414,213,379,81,81
415,190,378,81,81
416,190,378,81,81
417,164,379,81,81
418,159,381,81,81
419,151,382,81,81
420,131,381,81,81
421,117,384,81,81
422,117,384,81,81
423,106,390,81,81
424,93,397,81,81
425,79,405,81,81
426,69,415,81,81
427,55,425,81,81
428,55,425,81,81
429,36,433,81,81
430,26,441,81,81
431,31,454,81,81
432,189,483,81,81
433,181,489,81,81
434,181,489,81,81
435,185,496,81,81
436,177,501,81,81
437,137,502,81,81
438,130,508,81,81
439,118,512,81,81
440,100,515,81,81
441,100,515,81,81
442,90,519,81,81
443,110,527,81,81
444,80,530,81,81
445,222,550,81,81
446,229,557,81,81
447,229,557,81,81
448,211,561,81,81
449,201,565,81,81
450,182,569,81,81
451,167,573,81,81
452,150,577,81,81
453,150,577,81,81
454,134,581,81,81
455,125,585,81,81
456,116,590,81,81
457,111,596,81,81
458,101,601,81,81
459,101,601,81,81
460,89,605,81,81
461,145,591,81,81
462,138,596,81,81
463,131,601,81,81
464,155,606,81,81
465,156,606,81,81
466,147,610,81,81
467,139,614,81,81
468,127,617,81,81
469,185,610,81,81
470,180,611,81,81
471,180,611,81,81
472,300,616,81,81
473,270,616,81,81
474,239,616,81,81
475,297,617,81,81
476,446,621,81,81
477,446,621,81,81
478,435,622,81,81
479,441,624,81,81
480,396,625,81,81
481,373,623,81,81
482,402,619,81,81
483,402,619,81,81
484,366,618,81,81
485,336,618,81,81
486,288,617,81,81
487,420,657,81,81
488,352,656,81,81
489,353,656,81,81
490,310,655,81,81
491,293,653,81,81
492,267,651,81,81
493,257,649,81,81
494,227,647,81,81
495,227,647,81,81
496,205,646,81,81
497,32,649,81,81
498,15,646,81,81
499,151,612,81,81
500,284,608,81,81
501,284,608,81,81
502,212,609,81,81
503,174,602,81,81
504,978,984,81,81
505,890,986,81,81
506,811,988,81,81
507,811,988,81,81
508,846,981,81,81
509,752,984,81,81
510,669,987,81,81
511,572,992,81,81
512,502,993,81,81
513,502,993,81,81
514,532,997,81,81
515,964,610,81,81
516,946,609,81,81
517,935,609,81,81
518,922,609,81,81
519,922,609,81,81
520,1509,602,81,81
521,1402,604,81,81
522,1363,604,81,81
523,1295,605,81,81
524,1219,606,81,81
525,1219,606,81,81
526,1185,606,81,81
527,1118,607,81,81
528,1062,608,81,81
529,955,609,81,81
530,918,610,81,81
531,918,610,81,81
532,955,609,81,81
533,943,609,81,81
534,943,609,81,81
535,934,609,81,81
536,1021,607,81,81
537,1021,607,81,81
538,991,607,81,81
539,967,607,81,81
540,964,607,81,81
541,972,606,81,81
542,981,604,81,81
543,981,604,81,81
544,992,601,81,81
545,1001,600,81,81
546,1014,597,81,81
547,840,597,81,81
548,775,595,81,81
549,775,595,81,81
550,711,593,81,81
551,735,590,81,81
552,667,587,81,81
553,638,583,81,81
554,577,580,81,81
555,577,580,81,81
556,485,576,81,81
557,468,572,81,81
558,406,568,81,81
559,395,564,81,81
560,320,560,81,81
561,320,560,81,81
562,291,556,81,81
563,280,552,81,81
564,169,549,81,81
565,162,545,81,81
566,243,539,81,81
567,243,539,81,81
568,234,535,81,81
569,386,528,81,81
570,382,523,81,81
571,365,518,81,81
572,339,514,81,81
573,339,514,81,81
574,323,510,81,81
575,296,505,81,81
576,303,501,81,81
577,291,496,81,81
578,256,492,81,81
579,256,492,81,81
580,202,489,81,81
581,182,486,81,81
582,168,483,81,81
583,161,480,81,81
584,152,479,81,81
585,150,479,81,81
586,160,479,81,81
587,135,479,81,81
588,114,479,81,81
589,104,479,81,81
590,87,480,81,81
591,87,480,81,81
592,76,480,81,81
593,65,479,81,81
594,55,479,81,81
595,102,479,81,81
596,46,479,81,81
597,46,479,81,81
598,40,478,81,81
599,30,477,81,81
600,283,473,81,81
601,367,469,81,81
602,337,466,81,81
603,337,466,81,81
604,481,461,81,81
605,443,459,81,81
606,433,456,81,81
