11-Occlusion 28
4,463,37,64,104
5,464,37,64,104
6,466,37,64,104
7,467,37,64,104
8,467,38,64,104
9,466,39,64,104
10,464,41,64,104
11,461,43,64,104
12,457,47,64,104
13,453,50,64,104
14,448,53,64,104
15,442,57,64,104
16,436,60,64,104
17,430,63,64,104
18,423,66,64,104
19,418,68,64,104
20,414,69,64,104
21,410,70,64,104
22,408,72,64,104
23,406,73,64,104
24,415,73,64,104
25,426,72,64,104
26,436,72,64,104
27,447,71,64,104
28,451,72,64,104
29,453,72,64,104
30,464,71,64,104
31,476,68,64,104
32,488,65,64,104
33,500,63,64,104
34,512,63,64,104
35,525,63,64,104
36,538,65,64,104
37,552,67,64,104
38,565,68,64,104
39,577,69,64,104
40,589,68,64,104
41,599,66,64,104
42,608,63,64,104
43,616,62,64,104
44,622,61,64,104
45,628,60,64,104
46,633,60,64,104
47,637,60,64,104
48,640,60,64,104
49,642,60,64,104
50,643,61,64,104
51,643,62,64,104
52,642,64,64,104
53,640,66,64,104
54,638,68,64,104
55,635,70,64,104
56,632,72,64,104
57,628,74,64,104
58,625,75,64,104
59,622,76,64,104
60,620,76,64,104
61,618,75,64,104
62,615,75,64,104
63,612,74,64,104
64,609,74,64,104
65,606,74,64,104
66,604,74,64,104
67,602,74,64,104
68,601,74,64,104
69,600,75,64,104
70,600,76,64,104
71,600,77,64,104
72,600,78,64,104
73,600,78,64,104
74,600,78,64,104
75,600,78,64,104
76,600,78,64,104
77,599,78,64,104
78,598,78,64,104
79,596,78,64,104
80,595,78,64,104
81,593,78,64,104
82,591,79,64,104
83,589,80,64,104
84,586,81,64,104
85,583,82,64,104
86,579,83,64,104
87,574,84,64,104
88,569,85,64,104
89,563,87,64,104
90,557,89,64,104
91,550,91,64,104
92,542,93,64,104
93,535,95,64,104
94,528,97,64,104
95,521,99,64,104
96,515,100,64,104
97,510,100,64,104
98,505,99,64,104
99,500,98,64,104
100,496,98,64,104
101,493,98,64,104
102,490,98,64,104
103,488,99,64,104
104,486,99,64,104
105,485,100,64,104
106,484,101,64,104
107,484,102,64,104
108,484,103,64,104
109,485,104,64,104
110,487,105,64,104
111,489,106,64,104
112,491,107,64,104
113,492,108,64,104
114,493,109,64,104
115,493,109,64,104
116,493,109,64,104
117,492,109,64,104
118,490,109,64,104
119,487,109,64,104
120,484,110,64,104
121,481,111,64,104
122,477,113,64,104
123,472,116,64,104
124,467,120,64,104
125,462,123,64,104
126,462,125,64,104
127,462,127,64,104
128,462,129,64,104
129,462,130,64,104
130,462,133,64,104
131,462,136,64,104
132,462,138,64,104
133,462,139,64,104
134,462,139,64,104
135,462,139,64,104
136,462,139,64,104
137,462,139,64,104
138,462,139,64,104
139,462,139,64,104
140,462,139,64,104
141,462,139,64,104
142,461,123,64,104
143,461,114,64,104
144,461,109,64,104
145,461,105,64,104
146,461,104,64,104
147,461,101,64,104
148,461,99,64,104
149,461,100,64,104
150,461,101,64,104
151,461,104,64,104
152,461,114,64,104
153,461,121,64,104
154,461,126,64,104
155,461,134,64,104
156,461,136,64,104
157,461,136,64,104
158,461,136,64,104
159,461,137,64,104
160,461,137,64,104
161,461,137,64,104
162,461,137,64,104
163,461,137,64,104
164,461,137,64,104
165,461,137,64,104
166,461,137,64,104
167,461,137,64,104
168,461,137,64,104
169,461,137,64,104
170,461,137,64,104
171,461,137,64,104
172,461,137,64,104
173,461,138,64,104
174,461,136,64,104
175,461,136,64,104
176,461,136,64,104
177,461,136,64,104
178,461,136,64,104
179,461,136,64,104
180,461,135,64,104
181,461,135,64,104
182,461,135,64,104
183,461,135,64,104
184,461,135,64,104
185,461,135,64,104
186,461,135,64,104
