11-Occlusion 26
4,316,217,56,85
5,329,217,56,85
6,340,216,56,85
7,350,214,56,85
8,360,213,56,85
9,369,211,56,85
10,378,211,56,85
11,385,211,56,85
12,392,211,56,85
13,399,210,56,85
14,405,210,56,85
15,407,210,56,85
16,408,210,56,85
17,408,210,56,85
18,408,210,56,85
19,408,210,56,85
20,408,210,56,85
21,408,210,56,85
22,408,210,56,85
23,408,210,56,85
24,408,210,56,85
25,408,210,56,85
26,408,210,56,85
27,408,211,56,85
28,408,213,56,85
29,408,213,56,85
30,408,213,56,85
31,408,213,56,85
32,408,213,56,85
33,408,214,56,85
34,408,214,56,85
35,408,214,56,85
36,408,214,56,85
37,408,214,56,85
38,408,214,56,85
39,408,214,56,85
40,408,214,56,85
41,408,214,56,85
