12-MovingCamera 3
84,399,273,63,107
85,399,273,63,107
86,399,273,63,107
87,399,273,63,107
88,398,273,63,107
89,397,274,63,107
90,396,275,63,107
91,395,276,63,107
92,395,278,63,107
93,396,279,63,107
94,397,279,63,107
95,399,279,63,107
96,401,279,63,107
97,403,280,63,107
98,404,280,63,107
99,404,280,63,107
100,404,280,63,107
101,404,279,63,107
102,403,277,63,107
103,403,277,63,107
104,403,276,63,107
105,403,275,63,107
106,403,275,63,107
107,404,275,63,107
108,405,275,63,107
109,406,274,63,107
110,408,274,63,107
111,410,274,63,107
112,411,274,63,107
113,412,275,63,107
114,412,276,63,107
115,412,276,63,107
116,412,276,63,107
117,412,276,63,107
118,411,275,63,107
119,410,275,63,107
120,410,276,63,107
121,410,275,63,107
122,411,274,63,107
123,412,272,63,107
124,412,271,63,107
125,412,270,63,107
126,413,270,63,107
127,412,270,63,107
128,412,270,63,107
129,410,268,63,107
130,409,267,63,107
131,409,267,63,107
132,409,267,63,107
133,410,268,63,107
134,412,269,63,107
135,414,267,63,107
136,417,261,63,107
137,419,260,63,107
138,419,258,63,107
139,419,257,63,107
140,415,256,63,107
141,408,254,63,107
142,403,249,63,107
143,399,246,63,107
144,394,242,63,107
145,391,239,63,107
146,392,239,63,107
147,395,239,63,107
148,396,238,63,107
149,395,236,63,107
150,393,234,63,107
151,393,233,63,107
152,393,233,63,107
153,393,233,63,107
154,394,232,63,107
155,395,232,63,107
156,397,233,63,107
157,397,233,63,107
158,397,234,63,107
159,397,234,63,107
160,395,235,63,107
161,391,234,63,107
162,387,233,63,107
163,383,233,63,107
164,379,233,63,107
165,377,233,63,107
166,375,232,63,107
167,372,233,63,107
168,368,234,63,107
169,364,235,63,107
170,359,236,63,107
171,354,236,63,107
172,348,235,63,107
173,342,235,63,107
174,337,235,63,107
175,333,236,63,107
176,328,236,63,107
177,325,236,63,107
178,322,236,63,107
179,319,236,63,107
180,315,236,63,107
181,312,236,63,107
182,309,236,63,107
183,308,236,63,107
184,304,235,63,107
185,302,235,63,107
186,300,236,63,107
187,300,236,63,107
188,300,236,63,107
189,300,236,63,107
190,300,236,63,107
191,301,236,63,107
192,301,236,63,107
193,301,236,63,107
194,300,236,63,107
195,299,236,63,107
196,298,236,63,107
197,298,237,63,107
198,297,238,63,107
199,297,239,63,107
200,297,240,63,107
201,297,240,63,107
202,296,240,63,107
203,295,240,63,107
204,295,241,63,107
205,294,242,63,107
206,292,243,63,107
207,290,243,63,107
208,288,243,63,107
209,287,244,63,107
210,286,245,63,107
211,285,245,63,107
212,285,245,63,107
213,285,245,63,107
214,285,245,63,107
215,285,245,63,107
216,286,246,63,107
217,286,246,63,107
218,286,246,63,107
219,285,245,63,107
220,285,245,63,107
221,286,245,63,107
222,287,245,63,107
223,288,245,63,107
224,290,245,63,107
225,292,245,63,107
226,293,245,63,107
227,294,245,63,107
228,295,246,63,107
229,295,247,63,107
230,293,247,63,107
231,291,249,63,107
232,291,250,63,107
233,291,250,63,107
234,291,250,63,107
235,291,251,63,107
236,293,252,63,107
237,295,253,63,107
238,297,254,63,107
239,300,255,63,107
240,302,255,63,107
241,304,256,63,107
242,306,256,63,107
243,307,256,63,107
244,309,256,63,107
245,310,257,63,107
246,312,258,63,107
247,312,258,63,107
248,312,258,63,107
249,312,258,63,107
250,312,258,63,107
251,312,258,63,107
252,313,258,63,107
253,313,258,63,107
254,312,257,63,107
255,312,257,63,107
256,312,257,63,107
257,312,257,63,107
258,311,257,63,107
259,311,257,63,107
260,311,257,63,107
261,310,257,63,107
262,310,257,63,107
263,310,257,63,107
264,310,258,63,107
265,308,258,63,107
266,306,258,63,107
267,304,258,63,107
268,303,259,63,107
269,303,260,63,107
270,303,261,63,107
271,305,262,63,107
272,308,263,63,107
273,311,264,63,107
274,313,265,63,107
275,314,266,63,107
276,316,268,63,107
277,316,268,63,107
278,316,268,63,107
279,316,269,63,107
280,315,270,63,107
281,314,271,63,107
282,314,272,63,107
283,315,273,63,107
284,315,273,63,107
285,316,274,63,107
286,316,274,63,107
287,315,274,63,107
288,315,274,63,107
289,314,274,63,107
290,313,274,63,107
291,311,274,63,107
292,311,275,63,107
293,311,275,63,107
294,312,275,63,107
295,315,276,63,107
296,317,276,63,107
297,319,277,63,107
298,321,278,63,107
299,322,279,63,107
300,322,280,63,107
301,322,280,63,107
302,321,280,63,107
303,320,280,63,107
304,318,281,63,107
305,314,282,63,107
306,306,283,63,107
307,303,283,63,107
308,303,283,63,107
309,301,283,63,107
310,298,283,63,107
311,295,284,63,107
312,291,284,63,107
313,288,283,63,107
314,285,283,63,107
315,283,283,63,107
316,282,283,63,107
317,282,283,63,107
318,281,284,63,107
319,279,284,63,107
320,277,284,63,107
321,276,286,63,107
322,277,287,63,107
323,277,287,63,107
324,278,289,63,107
325,278,290,63,107
326,278,290,63,107
327,278,291,63,107
328,278,292,63,107
329,277,294,63,107
330,276,295,63,107
331,274,297,63,107
332,271,298,63,107
333,269,299,63,107
334,267,300,63,107
335,266,302,63,107
336,265,304,63,107
337,265,305,63,107
338,264,306,63,107
339,263,306,63,107
340,261,306,63,107
341,261,306,63,107
342,261,307,63,107
343,262,309,63,107
344,264,311,63,107
