12-MovingCamera 18
4,627,322,76,96
5,466,80,76,96
6,145,122,76,96
7,151,380,76,96
8,182,6,76,96
9,172,6,76,96
10,160,6,76,96
11,159,6,76,96
12,150,6,76,96
13,140,6,76,96
14,129,6,76,96
15,121,6,76,96
16,101,6,76,96
17,82,5,76,96
18,67,5,76,96
19,67,5,76,96
20,66,5,76,96
21,64,5,76,96
22,64,5,76,96
23,87,5,76,96
24,106,5,76,96
25,123,5,76,96
26,144,5,76,96
27,181,5,76,96
28,229,5,76,96
29,242,5,76,96
30,244,5,76,96
31,210,5,76,96
32,244,5,76,96
33,285,5,76,96
34,290,5,76,96
35,322,5,76,96
36,332,5,76,96
37,363,5,76,96
38,333,5,76,96
39,318,5,76,96
40,303,5,76,96
41,279,5,76,96
42,232,5,76,96
43,219,5,76,96
44,228,5,76,96
45,248,5,76,96
46,286,5,76,96
47,253,5,76,96
48,264,5,76,96
49,263,5,76,96
50,250,5,76,96
51,248,5,76,96
52,242,5,76,96
53,244,5,76,96
