12-MovingCamera 8
81,1328,357,71,90
82,1324,351,71,90
83,1322,344,71,90
84,1320,336,71,90
85,1321,329,71,90
86,1325,326,71,90
87,1329,324,71,90
88,1334,319,71,90
89,1338,313,71,90
90,1336,307,71,90
91,1332,304,71,90
92,1323,308,71,90
93,1314,314,71,90
94,1308,321,71,90
95,1300,329,71,90
96,1290,334,71,90
97,1278,342,71,90
98,1265,349,71,90
99,1252,359,71,90
100,1241,365,71,90
101,1232,370,71,90
102,1223,384,71,90
103,1221,404,71,90
104,1224,422,71,90
105,1224,435,71,90
106,1219,449,71,90
107,1213,460,71,90
108,1205,470,71,90
109,1196,479,71,90
110,1183,487,71,90
111,1171,494,71,90
112,1161,501,71,90
113,1151,508,71,90
114,1138,515,71,90
115,1126,521,71,90
116,1115,526,71,90
117,1102,532,71,90
118,1082,541,71,90
119,1060,547,71,90
120,1039,555,71,90
121,1023,561,71,90
122,1010,567,71,90
123,1008,572,71,90
124,1009,573,71,90
125,1002,573,71,90
126,992,575,71,90
127,986,576,71,90
128,984,579,71,90
129,981,581,71,90
130,974,583,71,90
131,965,584,71,90
132,957,580,71,90
133,947,576,71,90
134,936,574,71,90
135,928,574,71,90
136,918,573,71,90
137,910,567,71,90
138,899,561,71,90
139,887,555,71,90
140,872,557,71,90
141,863,560,71,90
142,851,562,71,90
143,839,564,71,90
144,830,568,71,90
145,819,570,71,90
146,813,568,71,90
147,798,564,71,90
148,781,560,71,90
149,764,559,71,90
150,746,567,71,90
151,735,569,71,90
152,720,569,71,90
153,708,565,71,90
154,697,555,71,90
155,675,548,71,90
156,649,550,71,90
157,626,553,71,90
158,609,549,71,90
159,589,544,71,90
160,569,543,71,90
161,553,538,71,90
162,535,533,71,90
163,512,533,71,90
164,488,531,71,90
165,469,529,71,90
166,449,532,71,90
167,437,533,71,90
168,432,533,71,90
169,423,533,71,90
170,414,530,71,90
171,416,517,71,90
172,420,504,71,90
173,411,499,71,90
174,400,497,71,90
175,399,491,71,90
176,404,485,71,90
177,412,483,71,90
178,417,486,71,90
179,423,487,71,90
180,432,488,71,90
