12-MovingCamera 14
26,157,30,263,192
27,125,51,263,192
28,115,75,263,192
29,115,104,263,192
30,108,119,263,192
31,90,124,263,192
32,75,122,263,192
33,75,98,263,192
34,77,48,263,192
35,88,17,263,192
36,87,23,263,192
37,87,19,263,192
38,101,24,263,192
39,110,45,263,192
40,129,68,263,192
41,133,72,263,192
42,116,71,263,192
43,93,86,263,192
44,89,101,263,192
45,117,87,263,192
46,154,62,263,192
47,169,71,263,192
48,163,98,263,192
49,166,123,263,192
50,164,134,263,192
51,141,137,263,192
52,103,137,263,192
53,76,158,263,192
54,84,154,263,192
55,100,125,263,192
56,113,101,263,192
57,103,91,263,192
58,77,93,263,192
59,67,106,263,192
60,84,108,263,192
61,108,92,263,192
62,70,91,263,192
63,19,181,263,192
