12-MovingCamera 7
1,916,113,61,82
2,916,113,61,82
3,916,113,61,82
4,916,112,61,82
5,916,111,61,82
6,916,111,61,82
7,916,112,61,82
8,917,112,61,82
9,918,112,61,82
10,919,113,61,82
11,920,114,61,82
12,921,115,61,82
13,922,116,61,82
14,924,117,61,82
15,926,118,61,82
16,928,117,61,82
17,930,116,61,82
18,932,115,61,82
19,934,114,61,82
20,935,112,61,82
21,936,111,61,82
22,936,110,61,82
23,936,109,61,82
24,936,109,61,82
25,936,108,61,82
26,935,108,61,82
27,934,108,61,82
28,933,108,61,82
29,932,108,61,82
30,931,109,61,82
31,929,110,61,82
32,927,110,61,82
33,925,111,61,82
34,923,113,61,82
35,921,114,61,82
36,918,115,61,82
37,915,116,61,82
38,912,116,61,82
39,909,116,61,82
40,907,114,61,82
41,905,113,61,82
42,904,112,61,82
43,903,112,61,82
44,903,112,61,82
45,902,112,61,82
46,902,112,61,82
47,902,112,61,82
48,902,112,61,82
49,902,112,61,82
50,902,112,61,82
51,902,112,61,82
52,902,112,61,82
53,902,113,61,82
54,903,114,61,82
55,904,115,61,82
56,905,115,61,82
57,906,116,61,82
58,908,117,61,82
59,910,118,61,82
60,912,119,61,82
61,914,118,61,82
62,916,118,61,82
63,918,117,61,82
64,920,116,61,82
65,921,116,61,82
66,921,115,61,82
67,921,115,61,82
68,921,114,61,82
69,920,113,61,82
70,920,113,61,82
71,919,113,61,82
72,918,113,61,82
73,917,113,61,82
74,916,113,61,82
75,914,114,61,82
76,912,115,61,82
77,909,116,61,82
78,906,118,61,82
79,903,120,61,82
80,900,119,61,82
81,897,121,61,82
82,893,122,61,82
83,890,121,61,82
84,887,119,61,82
85,884,118,61,82
86,881,117,61,82
87,879,116,61,82
88,877,115,61,82
89,875,115,61,82
90,874,115,61,82
91,873,115,61,82
92,872,114,61,82
93,871,113,61,82
94,870,113,61,82
95,869,113,61,82
96,869,113,61,82
97,869,113,61,82
98,869,113,61,82
99,869,113,61,82
100,870,113,61,82
101,871,113,61,82
102,872,114,61,82
103,873,115,61,82
104,874,116,61,82
105,875,117,61,82
106,877,117,61,82
107,879,117,61,82
108,881,116,61,82
109,882,114,61,82
110,884,114,61,82
111,886,113,61,82
112,888,112,61,82
113,889,112,61,82
114,890,112,61,82
115,891,111,61,82
116,891,110,61,82
117,891,109,61,82
118,891,109,61,82
119,891,109,61,82
120,891,109,61,82
121,891,109,61,82
122,891,109,61,82
123,891,109,61,82
124,890,109,61,82
125,889,110,61,82
126,888,111,61,82
127,887,112,61,82
128,886,112,61,82
129,885,113,61,82
130,884,114,61,82
