12-MovingCamera 19
4,118,101,32,30
5,119,101,32,30
6,120,102,32,30
7,121,103,32,30
8,122,103,32,30
9,123,104,32,30
10,124,105,32,30
11,124,106,32,30
12,123,107,32,30
13,123,107,32,30
14,122,107,32,30
15,122,107,32,30
16,123,107,32,30
17,124,108,32,30
18,125,109,32,30
19,125,109,32,30
20,126,110,32,30
21,128,110,32,30
22,128,110,32,30
23,128,110,32,30
24,129,109,32,30
25,130,107,32,30
26,131,106,32,30
27,132,107,32,30
28,133,109,32,30
29,134,112,32,30
30,134,114,32,30
31,133,115,32,30
32,132,113,32,30
33,133,110,32,30
34,136,109,32,30
35,139,110,32,30
36,142,113,32,30
37,142,113,32,30
38,144,116,32,30
39,145,120,32,30
40,144,123,32,30
41,142,124,32,30
42,140,124,32,30
43,139,124,32,30
44,138,125,32,30
45,137,125,32,30
46,136,125,32,30
47,134,125,32,30
48,132,125,32,30
49,131,124,32,30
50,131,124,32,30
51,131,124,32,30
52,131,124,32,30
53,130,124,32,30
54,128,125,32,30
55,126,126,32,30
56,126,126,32,30
57,126,124,32,30
58,126,122,32,30
59,125,121,32,30
60,124,120,32,30
61,124,120,32,30
62,124,119,32,30
63,123,117,32,30
64,122,114,32,30
65,121,111,32,30
66,121,109,32,30
67,121,107,32,30
68,125,104,32,30
69,128,103,32,30
70,130,102,32,30
71,131,102,32,30
72,132,102,32,30
73,133,101,32,30
74,134,98,32,30
75,135,97,32,30
76,136,97,32,30
77,136,97,32,30
78,136,98,32,30
79,136,99,32,30
80,137,99,32,30
81,139,100,32,30
82,141,100,32,30
83,143,100,32,30
84,144,101,32,30
85,144,101,32,30
86,145,102,32,30
87,147,102,32,30
88,149,100,32,30
89,151,98,32,30
90,153,96,32,30
91,154,94,32,30
92,155,92,32,30
93,158,90,32,30
94,159,88,32,30
95,159,87,32,30
96,157,87,32,30
97,154,88,32,30
98,152,90,32,30
99,151,92,32,30
100,150,94,32,30
101,150,97,32,30
102,150,100,32,30
103,150,104,32,30
104,150,108,32,30
105,150,111,32,30
106,151,114,32,30
107,152,116,32,30
108,153,116,32,30
109,153,116,32,30
110,154,115,32,30
111,155,115,32,30
112,156,116,32,30
113,158,117,32,30
114,159,117,32,30
115,160,117,32,30
116,159,117,32,30
117,159,117,32,30
118,160,118,32,30
119,160,118,32,30
120,160,118,32,30
121,160,118,32,30
122,160,119,32,30
123,160,119,32,30
124,160,119,32,30
125,160,119,32,30
126,160,119,32,30
127,160,118,32,30
128,160,117,32,30
129,160,117,32,30
130,160,117,32,30
131,161,117,32,30
132,162,118,32,30
133,162,118,32,30
134,163,119,32,30
135,163,119,32,30
136,163,119,32,30
137,164,119,32,30
138,165,118,32,30
139,166,115,32,30
140,166,109,32,30
141,165,109,32,30
142,165,113,32,30
143,165,116,32,30
144,165,116,32,30
145,165,110,32,30
146,165,104,32,30
147,166,107,32,30
148,165,111,32,30
149,165,111,32,30
150,164,105,32,30
151,164,104,32,30
152,165,111,32,30
153,167,118,32,30
154,166,111,32,30
155,164,102,32,30
156,166,109,32,30
157,166,109,32,30
158,167,120,32,30
159,167,119,32,30
160,162,106,32,30
161,159,100,32,30
162,160,113,32,30
163,163,119,32,30
164,163,96,32,30
165,168,104,32,30
166,172,110,32,30
167,172,105,32,30
168,172,96,32,30
169,177,93,32,30
170,186,100,32,30
171,192,102,32,30
172,194,100,32,30
173,195,98,32,30
174,196,97,32,30
175,198,97,32,30
176,200,96,32,30
177,201,95,32,30
178,203,96,32,30
179,205,97,32,30
180,206,96,32,30
181,206,96,32,30
182,206,93,32,30
183,207,93,32,30
184,209,97,32,30
185,210,96,32,30
186,209,91,32,30
187,208,91,32,30
188,212,101,32,30
189,211,96,32,30
190,210,92,32,30
191,210,97,32,30
192,210,102,32,30
193,209,98,32,30
194,209,92,32,30
195,211,95,32,30
196,212,104,32,30
197,210,102,32,30
198,207,95,32,30
199,207,93,32,30
200,211,102,32,30
201,213,106,32,30
202,210,101,32,30
203,206,96,32,30
204,204,100,32,30
205,204,100,32,30
206,204,108,32,30
207,202,108,32,30
208,197,104,32,30
209,194,103,32,30
210,194,107,32,30
211,194,109,32,30
212,188,103,32,30
213,185,105,32,30
214,184,108,32,30
215,183,106,32,30
216,181,102,32,30
217,179,104,32,30
218,178,111,32,30
219,176,114,32,30
220,173,110,32,30
221,170,106,32,30
222,167,109,32,30
223,164,116,32,30
224,161,117,32,30
225,158,113,32,30
226,156,111,32,30
227,154,115,32,30
228,151,123,32,30
229,151,123,32,30
230,147,125,32,30
231,144,121,32,30
232,142,118,32,30
233,140,122,32,30
234,137,127,32,30
235,132,126,32,30
236,125,122,32,30
237,125,127,32,30
238,124,131,32,30
239,122,129,32,30
240,118,125,32,30
241,113,124,32,30
242,110,124,32,30
243,108,123,32,30
244,108,122,32,30
245,109,118,32,30
246,109,113,32,30
247,108,108,32,30
248,108,104,32,30
249,108,100,32,30
250,108,96,32,30
251,108,94,32,30
252,107,91,32,30
253,107,91,32,30
254,106,89,32,30
255,105,87,32,30
256,104,86,32,30
257,101,85,32,30
258,98,86,32,30
259,95,87,32,30
260,91,90,32,30
261,88,89,32,30
262,86,87,32,30
263,83,86,32,30
264,78,87,32,30
265,71,88,32,30
266,66,87,32,30
267,65,84,32,30
268,68,84,32,30
269,70,86,32,30
270,70,88,32,30
271,70,88,32,30
272,72,88,32,30
273,74,90,32,30
274,74,91,32,30
275,75,91,32,30
276,78,92,32,30
277,82,94,32,30
278,82,94,32,30
279,87,95,32,30
280,91,94,32,30
281,93,92,32,30
282,96,92,32,30
283,102,93,32,30
284,117,93,32,30
285,125,91,32,30
286,135,91,32,30
287,144,92,32,30
288,151,94,32,30
289,154,95,32,30
290,154,95,32,30
291,158,95,32,30
292,169,96,32,30
293,179,98,32,30
294,177,102,32,30
295,165,108,32,30
296,156,110,32,30
297,164,107,32,30
298,168,10,32,30
299,168,10,32,30
300,160,18,32,30
301,160,18,32,30
302,160,18,32,30
303,160,18,32,30
304,153,50,32,30
305,167,48,32,30
306,161,48,32,30
307,153,50,32,30
308,148,50,32,30
309,275,4,32,30
310,276,5,32,30
311,260,6,32,30
312,245,12,32,30
313,245,12,32,30
314,252,12,32,30
315,260,6,32,30
316,250,6,32,30
317,250,6,32,30
318,245,4,32,30
319,245,4,32,30
320,246,11,32,30
321,250,10,32,30
322,250,10,32,30
323,246,11,32,30
324,242,10,32,30
325,240,5,32,30
326,240,5,32,30
327,233,3,32,30
328,233,3,32,30
329,225,6,32,30
330,216,12,32,30
331,207,7,32,30
332,205,6,32,30
333,202,8,32,30
334,198,8,32,30
335,194,10,32,30
336,194,10,32,30
337,201,8,32,30
338,207,5,32,30
339,206,7,32,30
340,199,8,32,30
341,194,8,32,30
342,196,8,32,30
343,207,4,32,30
344,219,1,32,30
345,223,0,32,30
346,219,0,32,30
347,214,0,32,30
348,215,0,32,30
349,206,33,32,30
350,206,33,32,30
351,211,29,32,30
352,214,24,32,30
353,214,21,32,30
