12-MovingCamera 22
41,976,132,36,42
42,784,508,36,42
43,647,204,36,42
44,857,86,36,42
45,36,325,36,42
46,32,269,36,42
47,32,270,36,42
48,32,271,36,42
49,999,55,36,42
50,969,105,36,42
51,831,139,36,42
52,869,184,36,42
53,954,229,36,42
54,930,239,36,42
55,930,251,36,42
56,925,256,36,42
57,180,292,36,42
58,158,271,36,42
59,158,271,36,42
60,1004,265,36,42
61,849,282,36,42
62,842,261,36,42
63,837,225,36,42
64,929,233,36,42
65,1143,97,36,42
66,1091,118,36,42
67,346,223,36,42
68,359,216,36,42
69,343,232,36,42
70,1044,106,36,42
71,985,113,36,42
72,954,142,36,42
73,954,144,36,42
74,1156,53,36,42
75,744,133,36,42
76,756,155,36,42
77,797,166,36,42
78,1009,47,36,42
79,919,43,36,42
80,709,141,36,42
81,122,148,36,42
82,120,177,36,42
83,111,191,36,42
84,1102,391,36,42
85,1048,385,36,42
86,854,113,36,42
87,801,101,36,42
88,813,169,36,42
89,778,187,36,42
90,783,172,36,42
91,798,167,36,42
92,793,195,36,42
93,813,226,36,42
94,845,234,36,42
95,843,226,36,42
96,1064,211,36,42
97,1083,292,36,42
98,1058,280,36,42
99,1068,281,36,42
100,853,217,36,42
101,817,268,36,42
102,791,267,36,42
103,574,232,36,42
104,572,208,36,42
105,600,223,36,42
106,607,215,36,42
107,595,223,36,42
108,565,240,36,42
109,584,256,36,42
110,579,240,36,42
111,572,219,36,42
112,555,228,36,42
113,527,206,36,42
114,519,176,36,42
115,958,94,36,42
116,944,98,36,42
117,993,129,36,42
118,999,112,36,42
119,992,114,36,42
120,995,125,36,42
121,991,130,36,42
122,1020,138,36,42
123,995,135,36,42
124,1020,159,36,42
125,1027,153,36,42
126,1038,167,36,42
127,453,104,36,42
128,409,100,36,42
129,435,83,36,42
130,468,111,36,42
131,461,130,36,42
132,762,63,36,42
133,207,51,36,42
134,203,82,36,42
135,1003,106,36,42
136,1021,117,36,42
137,526,246,36,42
138,526,246,36,42
139,978,49,36,42
140,986,100,36,42
141,1135,324,36,42
142,267,343,36,42
143,273,357,36,42
144,282,375,36,42
145,259,376,36,42
146,249,392,36,42
147,164,279,36,42
148,252,266,36,42
149,250,258,36,42
150,234,214,36,42
151,213,166,36,42
152,205,213,36,42
153,230,239,36,42
154,133,155,36,42
155,625,106,36,42
156,605,124,36,42
157,629,113,36,42
158,621,138,36,42
159,611,164,36,42
160,613,189,36,42
161,625,193,36,42
162,636,177,36,42
163,644,214,36,42
164,668,230,36,42
165,683,224,36,42
166,594,252,36,42
167,635,262,36,42
168,578,248,36,42
169,577,229,36,42
170,565,224,36,42
171,1160,489,36,42
172,954,345,36,42
173,966,348,36,42
174,878,387,36,42
175,908,409,36,42
176,932,406,36,42
177,914,399,36,42
178,924,410,36,42
179,1028,156,36,42
180,1027,155,36,42
181,1029,183,36,42
182,1054,198,36,42
183,1058,230,36,42
184,1038,241,36,42
185,948,213,36,42
186,305,237,36,42
187,301,207,36,42
188,293,180,36,42
189,277,135,36,42
190,161,125,36,42
191,1068,134,36,42
192,1047,149,36,42
193,1049,210,36,42
194,1050,205,36,42
195,1052,213,36,42
196,1053,254,36,42
197,1054,286,36,42
198,976,320,36,42
199,960,332,36,42
200,967,344,36,42
201,973,365,36,42
202,968,355,36,42
203,999,329,36,42
204,43,279,36,42
205,37,251,36,42
206,33,243,36,42
207,28,248,36,42
208,0,256,36,42
209,0,257,36,42
210,1,275,36,42
211,242,230,36,42
212,251,257,36,42
213,259,268,36,42
214,285,289,36,42
215,278,333,36,42
216,282,320,36,42
217,1024,241,36,42
218,1011,245,36,42
219,1015,247,36,42
220,1009,297,36,42
221,1007,310,36,42
222,995,280,36,42
223,122,125,36,42
224,943,17,36,42
225,904,21,36,42
226,944,171,36,42
227,873,212,36,42
228,860,211,36,42
229,880,205,36,42
230,897,245,36,42
231,852,283,36,42
232,867,281,36,42
233,852,297,36,42
234,207,95,36,42
235,1079,141,36,42
236,957,167,36,42
237,948,137,36,42
238,154,318,36,42
239,142,301,36,42
240,198,140,36,42
241,205,138,36,42
242,325,122,36,42
243,304,106,36,42
244,327,99,36,42
245,323,132,36,42
246,331,120,36,42
247,288,129,36,42
248,283,136,36,42
249,1085,155,36,42
250,1088,136,36,42
251,1024,145,36,42
252,1024,145,36,42
253,1019,149,36,42
254,938,213,36,42
255,860,283,36,42
256,612,87,36,42
257,348,26,36,42
258,25,273,36,42
259,1144,288,36,42
260,1110,273,36,42
261,1109,260,36,42
262,1090,291,36,42
263,1091,363,36,42
264,1062,377,36,42
265,1060,364,36,42
266,1026,378,36,42
267,1002,368,36,42
268,1007,376,36,42
269,1197,259,36,42
270,1203,267,36,42
271,1201,244,36,42
272,1195,209,36,42
273,982,206,36,42
274,981,197,36,42
275,812,110,36,42
276,854,110,36,42
277,879,105,36,42
278,1104,101,36,42
279,1130,125,36,42
280,1017,117,36,42
281,810,42,36,42
282,20,308,36,42
283,41,320,36,42
284,45,304,36,42
285,94,313,36,42
286,1214,331,36,42
287,1217,365,36,42
288,1217,328,36,42
289,1192,362,36,42
290,1188,377,36,42
291,1199,355,36,42
292,1201,362,36,42
293,1194,372,36,42
294,1197,365,36,42
295,1200,351,36,42
296,1201,358,36,42
297,1204,360,36,42
298,1204,358,36,42
299,1204,361,36,42
300,1204,363,36,42
301,1210,354,36,42
302,1210,361,36,42
303,1210,371,36,42
304,1203,361,36,42
305,1195,379,36,42
306,1186,398,36,42
307,1190,384,36,42
308,1184,372,36,42
309,1158,381,36,42
310,1120,397,36,42
311,1130,401,36,42
312,1130,409,36,42
313,1064,432,36,42
314,1062,434,36,42
315,1036,457,36,42
316,1028,446,36,42
317,1005,469,36,42
318,1069,559,36,42
319,1209,422,36,42
320,1214,414,36,42
321,136,95,36,42
322,229,511,36,42
323,222,494,36,42
324,208,496,36,42
325,255,468,36,42
326,253,429,36,42
327,250,400,36,42
328,309,389,36,42
329,903,581,36,42
330,358,632,36,42
331,1124,97,36,42
332,1190,557,36,42
333,1206,541,36,42
334,1094,592,36,42
335,56,370,36,42
336,42,347,36,42
337,131,351,36,42
338,184,353,36,42
339,168,325,36,42
340,164,324,36,42
341,161,330,36,42
342,173,330,36,42
343,204,295,36,42
344,290,430,36,42
345,1200,267,36,42
346,1177,291,36,42
347,1150,320,36,42
348,1159,323,36,42
349,1157,351,36,42
350,1110,338,36,42
351,1087,335,36,42
352,1078,291,36,42
353,861,241,36,42
354,823,242,36,42
355,823,257,36,42
356,862,216,36,42
357,1146,121,36,42
358,1151,116,36,42
359,1124,173,36,42
360,1128,223,36,42
361,1110,240,36,42
362,1110,240,36,42
363,1112,219,36,42
364,995,206,36,42
365,994,203,36,42
366,995,221,36,42
367,1009,251,36,42
368,1012,255,36,42
369,997,242,36,42
370,1001,234,36,42
371,1005,239,36,42
372,998,247,36,42
373,998,246,36,42
374,1000,237,36,42
375,996,222,36,42
376,992,222,36,42
377,1004,217,36,42
378,1008,215,36,42
379,1001,209,36,42
380,1007,207,36,42
381,1011,199,36,42
382,1004,202,36,42
383,1009,206,36,42
384,1013,198,36,42
385,1015,203,36,42
386,1020,210,36,42
387,1017,211,36,42
388,1017,214,36,42
389,1019,216,36,42
390,1018,224,36,42
391,888,215,36,42
392,891,194,36,42
393,886,202,36,42
394,893,213,36,42
395,898,210,36,42
396,895,210,36,42
397,896,209,36,42
398,898,211,36,42
399,894,220,36,42
400,899,219,36,42
401,894,202,36,42
402,889,197,36,42
403,895,205,36,42
404,895,201,36,42
405,890,195,36,42
406,889,192,36,42
407,886,183,36,42
408,883,182,36,42
409,883,177,36,42
410,881,177,36,42
411,880,175,36,42
412,876,169,36,42
413,871,168,36,42
414,869,173,36,42
415,867,173,36,42
416,853,169,36,42
417,847,168,36,42
418,844,176,36,42
419,834,185,36,42
420,823,171,36,42
421,821,165,36,42
422,825,173,36,42
423,821,166,36,42
424,814,165,36,42
425,810,169,36,42
426,815,162,36,42
427,811,161,36,42
428,806,169,36,42
429,810,171,36,42
430,814,174,36,42
431,817,172,36,42
432,819,169,36,42
433,824,180,36,42
434,827,183,36,42
435,827,183,36,42
436,831,185,36,42
437,834,185,36,42
438,834,180,36,42
439,836,176,36,42
440,837,178,36,42
441,835,183,36,42
442,836,186,36,42
443,838,185,36,42
444,839,183,36,42
445,842,188,36,42
446,846,189,36,42
447,845,181,36,42
448,846,180,36,42
449,853,183,36,42
450,855,179,36,42
451,854,176,36,42
452,859,181,36,42
453,863,182,36,42
454,861,178,36,42
455,864,179,36,42
456,867,175,36,42
457,869,179,36,42
458,874,185,36,42
459,872,177,36,42
460,870,174,36,42
461,874,181,36,42
462,875,175,36,42
463,873,170,36,42
464,874,176,36,42
465,877,178,36,42
466,876,175,36,42
467,882,172,36,42
468,885,172,36,42
469,884,169,36,42
470,884,166,36,42
471,886,170,36,42
472,883,169,36,42
473,882,169,36,42
474,882,172,36,42
475,878,171,36,42
476,877,172,36,42
477,880,173,36,42
478,876,173,36,42
479,873,169,36,42
480,876,165,36,42
481,871,168,36,42
482,866,178,36,42
483,867,174,36,42
484,863,172,36,42
485,860,175,36,42
486,860,175,36,42
487,855,174,36,42
488,855,174,36,42
489,853,171,36,42
490,850,172,36,42
491,852,176,36,42
492,856,171,36,42
493,853,169,36,42
494,847,176,36,42
495,849,175,36,42
496,847,169,36,42
497,850,177,36,42
498,851,179,36,42
499,849,173,36,42
500,849,177,36,42
501,847,178,36,42
502,839,168,36,42
503,841,168,36,42
504,842,162,36,42
505,847,153,36,42
506,845,149,36,42
507,845,144,36,42
508,836,131,36,42
509,833,134,36,42
510,831,140,36,42
511,826,136,36,42
512,826,141,36,42
513,826,141,36,42
514,826,135,36,42
515,829,137,36,42
516,826,131,36,42
517,826,132,36,42
518,828,140,36,42
519,825,131,36,42
520,823,128,36,42
521,825,132,36,42
522,824,125,36,42
523,821,122,36,42
524,823,129,36,42
525,821,126,36,42
526,819,122,36,42
527,823,128,36,42
528,820,128,36,42
529,819,128,36,42
530,821,131,36,42
531,818,131,36,42
532,812,126,36,42
533,806,125,36,42
534,802,127,36,42
535,794,134,36,42
536,786,132,36,42
537,773,134,36,42
538,767,135,36,42
539,762,133,36,42
540,754,140,36,42
541,737,131,36,42
542,738,118,36,42
543,747,112,36,42
544,749,110,36,42
545,745,105,36,42
546,748,97,36,42
547,754,96,36,42
548,749,93,36,42
549,747,100,36,42
550,748,104,36,42
551,741,106,36,42
552,739,114,36,42
553,742,117,36,42
554,739,120,36,42
555,738,130,36,42
556,743,130,36,42
557,744,117,36,42
558,742,132,36,42
559,750,150,36,42
560,754,148,36,42
561,756,142,36,42
562,761,153,36,42
563,765,162,36,42
564,762,144,36,42
565,761,139,36,42
566,766,155,36,42
567,761,164,36,42
568,754,160,36,42
569,752,167,36,42
570,750,180,36,42
571,744,176,36,42
572,745,171,36,42
573,745,168,36,42
574,742,170,36,42
575,747,176,36,42
576,745,171,36,42
577,745,165,36,42
578,754,169,36,42
579,756,161,36,42
580,748,140,36,42
581,747,141,36,42
582,749,153,36,42
583,745,146,36,42
584,743,140,36,42
585,741,148,36,42
586,741,154,36,42
587,742,148,36,42
588,742,142,36,42
589,739,145,36,42
590,738,148,36,42
591,738,144,36,42
592,738,144,36,42
593,737,147,36,42
594,737,147,36,42
595,739,141,36,42
596,737,147,36,42
597,737,151,36,42
598,740,143,36,42
599,739,143,36,42
600,739,149,36,42
601,741,149,36,42
602,739,146,36,42
603,741,150,36,42
604,742,152,36,42
605,742,141,36,42
606,743,140,36,42
607,743,148,36,42
608,740,141,36,42
609,741,142,36,42
610,739,148,36,42
611,739,142,36,42
612,739,143,36,42
613,741,148,36,42
614,740,146,36,42
615,741,149,36,42
616,744,152,36,42
617,744,150,36,42
618,745,149,36,42
619,748,148,36,42
620,749,147,36,42
621,748,146,36,42
622,751,147,36,42
623,751,147,36,42
624,751,147,36,42
625,752,147,36,42
626,753,147,36,42
627,753,150,36,42
628,754,154,36,42
629,756,150,36,42
630,755,147,36,42
631,755,150,36,42
632,760,156,36,42
633,758,153,36,42
634,760,148,36,42
635,765,156,36,42
636,765,154,36,42
637,765,144,36,42
638,766,145,36,42
639,763,150,36,42
640,762,150,36,42
641,762,150,36,42
642,759,149,36,42
643,759,150,36,42
644,760,149,36,42
645,758,148,36,42
646,756,153,36,42
647,756,151,36,42
648,754,147,36,42
649,753,147,36,42
650,754,148,36,42
651,754,150,36,42
652,752,150,36,42
653,753,151,36,42
654,753,153,36,42
655,753,152,36,42
656,754,155,36,42
657,754,156,36,42
658,752,156,36,42
659,752,157,36,42
660,752,159,36,42
661,752,160,36,42
662,752,159,36,42
663,752,153,36,42
664,752,154,36,42
665,755,162,36,42
666,753,157,36,42
667,751,151,36,42
668,752,156,36,42
669,751,160,36,42
670,751,158,36,42
671,755,161,36,42
672,755,162,36,42
673,754,156,36,42
674,757,155,36,42
675,760,156,36,42
676,759,155,36,42
677,760,155,36,42
678,762,154,36,42
679,762,156,36,42
680,765,160,36,42
681,773,159,36,42
682,782,161,36,42
683,785,164,36,42
684,789,163,36,42
