13-ZoomingCamera 22
21,253,117,34,49
22,258,119,34,49
23,262,123,34,49
24,266,129,34,49
25,271,134,34,49
26,276,138,34,49
27,280,139,34,49
28,284,139,34,49
29,287,139,34,49
30,288,142,34,49
31,290,145,34,49
32,291,149,34,49
33,292,155,34,49
34,293,163,34,49
35,294,171,34,49
36,296,177,34,49
37,297,180,34,49
38,298,180,34,49
39,299,176,34,49
40,300,168,34,49
41,301,159,34,49
42,303,150,34,49
43,305,144,34,49
44,307,140,34,49
45,309,138,34,49
46,543,417,34,49
47,543,416,34,49
48,544,415,34,49
49,545,414,34,49
50,542,414,34,49
51,509,408,34,49
52,357,418,34,49
53,359,418,34,49
54,360,418,34,49
55,359,418,34,49
56,361,418,34,49
57,362,418,34,49
58,364,418,34,49
59,366,418,34,49
60,367,418,34,49
61,368,418,34,49
62,370,418,34,49
63,371,418,34,49
64,373,418,34,49
65,374,418,34,49
66,376,418,34,49
67,377,418,34,49
68,379,418,34,49
69,381,418,34,49
70,383,418,34,49
71,385,418,34,49
72,388,418,34,49
73,388,418,34,49
74,389,418,34,49
75,393,418,34,49
76,396,418,34,49
77,399,418,34,49
78,401,418,34,49
79,403,418,34,49
80,405,418,34,49
81,411,418,34,49
82,413,418,34,49
83,416,418,34,49
84,418,418,34,49
85,420,418,34,49
86,422,418,34,49
87,424,418,34,49
88,426,418,34,49
89,427,418,34,49
90,428,418,34,49
91,429,418,34,49
92,428,418,34,49
93,427,418,34,49
94,422,418,34,49
95,420,418,34,49
96,418,418,34,49
97,417,418,34,49
98,417,418,34,49
99,418,418,34,49
100,419,418,34,49
101,414,418,34,49
102,153,413,34,49
103,148,413,34,49
104,139,413,34,49
105,144,411,34,49
106,139,413,34,49
107,120,413,34,49
108,118,413,34,49
109,110,413,34,49
110,110,413,34,49
111,120,413,34,49
112,107,413,34,49
113,94,413,34,49
114,117,413,34,49
115,159,413,34,49
116,147,413,34,49
117,120,413,34,49
118,117,413,34,49
119,111,413,34,49
120,140,413,34,49
121,191,413,34,49
122,199,413,34,49
123,207,413,34,49
124,206,413,34,49
125,203,413,34,49
126,200,413,34,49
127,198,413,34,49
128,197,413,34,49
129,199,413,34,49
130,207,413,34,49
131,198,413,34,49
132,220,413,34,49
133,247,413,34,49
134,260,413,34,49
135,290,413,34,49
136,307,413,34,49
137,323,413,34,49
138,343,413,34,49
139,322,413,34,49
140,308,413,34,49
141,325,413,34,49
