13-ZoomingCamera 16
11,1204,494,75,99
12,1204,494,75,99
13,1204,495,75,99
14,1204,496,75,99
15,1204,497,75,99
16,1204,497,75,99
17,1204,497,75,99
18,1204,496,75,99
19,1204,495,75,99
20,1204,495,75,99
21,1204,495,75,99
22,1204,495,75,99
23,1204,496,75,99
24,1204,496,75,99
25,1204,496,75,99
26,1204,496,75,99
27,1204,496,75,99
28,1204,496,75,99
29,1204,497,75,99
30,1204,498,75,99
31,1205,499,75,99
32,1205,499,75,99
33,1205,498,75,99
34,1205,496,75,99
35,1205,495,75,99
36,1204,495,75,99
37,1204,495,75,99
38,1204,496,75,99
39,1204,497,75,99
40,1204,497,75,99
41,1204,497,75,99
42,1204,497,75,99
43,1204,497,75,99
44,1204,497,75,99
45,1204,497,75,99
46,1205,498,75,99
47,1205,499,75,99
48,1205,500,75,99
49,1205,500,75,99
50,1205,499,75,99
51,1205,498,75,99
52,1204,498,75,99
53,1204,498,75,99
54,1204,498,75,99
55,1204,498,75,99
56,1204,498,75,99
57,1204,498,75,99
58,1205,497,75,99
59,1206,497,75,99
60,1206,497,75,99
61,1207,486,75,99
62,1199,500,75,99
63,1187,520,75,99
64,1181,536,75,99
65,1175,546,75,99
66,1172,548,75,99
67,1171,542,75,99
68,1170,532,75,99
69,1168,526,75,99
70,1166,529,75,99
71,1161,537,75,99
72,1159,547,75,99
73,1159,550,75,99
74,1159,542,75,99
75,1158,528,75,99
76,1157,516,75,99
77,1156,512,75,99
78,1155,517,75,99
79,1156,533,75,99
80,1158,545,75,99
81,1161,551,75,99
82,1163,555,75,99
83,1167,553,75,99
84,1171,547,75,99
85,1177,541,75,99
86,1183,535,75,99
87,1189,535,75,99
88,1195,539,75,99
89,1202,543,75,99
90,1209,543,75,99
91,1215,539,75,99
92,1219,531,75,99
93,1223,523,75,99
94,1224,521,75,99
95,1224,524,75,99
96,1224,534,75,99
97,1225,550,75,99
98,1227,556,75,99
99,1230,552,75,99
100,1236,540,75,99
101,1244,528,75,99
102,1254,520,75,99
103,1264,520,75,99
104,1272,528,75,99
105,1279,546,75,99
106,1285,554,75,99
107,1291,550,75,99
108,1300,536,75,99
109,1311,522,75,99
110,1323,510,75,99
111,1333,508,75,99
112,1342,516,75,99
113,1350,526,75,99
114,1357,530,75,99
115,1365,526,75,99
116,1375,514,75,99
117,1386,502,75,99
118,1395,492,75,99
119,1402,490,75,99
120,1408,500,75,99
121,1414,514,75,99
122,1418,526,75,99
123,1420,529,75,99
124,1421,521,75,99
125,1422,509,75,99
126,1420,497,75,99
127,1416,489,75,99
128,1410,492,75,99
129,1404,508,75,99
130,1398,518,75,99
131,1393,524,75,99
132,1391,521,75,99
133,1391,513,75,99
134,1392,499,75,99
135,1394,489,75,99
136,1395,489,75,99
137,1397,495,75,99
138,1398,503,75,99
139,1400,504,75,99
140,1404,496,75,99
141,1408,482,75,99
142,1411,470,75,99
143,1414,466,75,99
144,1416,468,75,99
145,1418,475,75,99
146,1420,476,75,99
147,1421,474,75,99
148,1421,464,75,99
149,1421,448,75,99
150,1423,434,75,99
151,1426,428,75,99
152,1429,433,75,99
153,1432,445,75,99
154,1436,457,75,99
155,1439,462,75,99
156,1440,456,75,99
157,1437,434,75,99
158,1435,414,75,99
159,1433,402,75,99
160,1431,398,75,99
161,1428,404,75,99
162,1423,414,75,99
163,1417,424,75,99
164,1411,427,75,99
165,1404,421,75,99
166,1394,413,75,99
167,1384,407,75,99
168,1373,407,75,99
169,1363,413,75,99
170,1353,423,75,99
171,1343,431,75,99
172,1335,431,75,99
173,1329,425,75,99
174,1323,415,75,99
175,1317,409,75,99
176,1311,407,75,99
177,1306,411,75,99
178,1301,417,75,99
179,1297,423,75,99
180,1292,423,75,99
181,1288,415,75,99
182,1284,405,75,99
183,1281,397,75,99
184,1279,395,75,99
185,1278,397,75,99
186,1278,402,75,99
187,1279,406,75,99
188,1282,405,75,99
189,1285,401,75,99
190,1289,395,75,99
191,1294,393,75,99
192,1301,395,75,99
193,1309,399,75,99
194,1317,405,75,99
195,1325,409,75,99
196,1332,409,75,99
197,1340,401,75,99
198,1347,393,75,99
199,1353,389,75,99
200,1359,389,75,99
201,1363,393,75,99
202,1368,401,75,99
203,1373,407,75,99
204,1376,408,75,99
205,1379,402,75,99
206,1381,392,75,99
207,1382,386,75,99
208,1384,384,75,99
