13-ZoomingCamera 29
290,370,438,52,104
291,370,438,52,104
292,370,438,52,104
293,369,436,52,104
294,369,436,52,104
295,368,433,52,104
296,368,434,52,104
297,368,434,52,104
298,367,430,52,104
299,367,430,52,104
300,367,428,52,104
301,367,426,52,104
302,367,426,52,104
303,368,425,52,104
304,368,425,52,104
305,368,425,52,104
306,370,423,52,104
307,370,423,52,104
308,372,421,52,104
309,372,421,52,104
310,373,418,52,104
311,373,418,52,104
312,373,418,52,104
313,375,414,52,104
314,375,414,52,104
315,375,414,52,104
316,375,411,52,104
317,375,411,52,104
318,375,410,52,104
319,375,410,52,104
320,374,409,52,104
321,373,408,52,104
322,373,408,52,104
323,373,408,52,104
324,373,408,52,104
325,369,404,52,104
326,369,403,52,104
327,369,403,52,104
328,368,401,52,104
329,368,401,52,104
330,368,401,52,104
331,368,397,52,104
332,368,397,52,104
333,368,397,52,104
334,368,397,52,104
335,370,393,52,104
336,370,392,52,104
337,370,392,52,104
338,372,389,52,104
339,372,389,52,104
340,372,389,52,104
341,373,385,52,104
342,373,385,52,104
343,373,383,52,104
344,373,383,52,104
345,373,383,52,104
346,372,382,52,104
347,373,382,52,104
348,373,382,52,104
349,373,382,52,104
350,369,381,52,104
351,368,381,52,104
352,368,381,52,104
353,368,381,52,104
354,368,381,52,104
355,362,378,52,104
356,361,377,52,104
357,361,377,52,104
358,359,374,52,104
359,359,374,52,104
360,359,374,52,104
361,358,371,52,104
362,358,371,52,104
363,358,370,52,104
364,358,370,52,104
365,358,370,52,104
366,358,369,52,104
367,358,369,52,104
368,358,368,52,104
369,358,368,52,104
370,358,368,52,104
371,358,365,52,104
372,358,365,52,104
373,357,363,52,104
374,357,363,52,104
375,357,363,52,104
376,356,361,52,104
377,356,361,52,104
378,355,360,52,104
379,355,360,52,104
380,355,361,52,104
381,353,357,52,104
382,353,357,52,104
383,352,356,52,104
384,352,356,52,104
385,352,356,52,104
386,351,351,52,104
387,351,351,52,104
388,351,349,52,104
389,351,349,52,104
390,351,348,52,104
391,351,348,52,104
392,351,348,52,104
393,352,347,52,104
394,352,347,52,104
395,353,346,52,104
396,353,346,52,104
397,353,346,52,104
398,353,346,52,104
399,353,346,52,104
400,353,344,52,104
401,353,344,52,104
402,353,344,52,104
403,353,344,52,104
404,353,344,52,104
405,353,344,52,104
406,352,342,52,104
407,352,342,52,104
408,350,340,52,104
409,350,340,52,104
410,349,338,52,104
411,349,339,52,104
412,349,339,52,104
413,347,336,52,104
414,347,336,52,104
415,347,336,52,104
416,346,333,52,104
417,346,333,52,104
418,346,332,52,104
419,346,332,52,104
420,346,332,52,104
421,346,332,52,104
422,346,332,52,104
423,347,332,52,104
424,347,332,52,104
425,347,332,52,104
426,348,332,52,104
427,348,332,52,104
428,348,332,52,104
429,348,332,52,104
430,348,332,52,104
431,348,332,52,104
432,348,331,52,104
433,348,331,52,104
434,348,331,52,104
435,348,331,52,104
436,348,331,52,104
437,348,331,52,104
438,348,331,52,104
439,348,331,52,104
440,348,331,52,104
441,347,330,52,104
442,347,330,52,104
443,347,330,52,104
444,347,329,52,104
445,347,329,52,104
446,347,329,52,104
447,347,329,52,104
448,347,329,52,104
449,347,329,52,104
450,347,329,52,104
451,348,330,52,104
452,348,330,52,104
453,348,330,52,104
454,348,330,52,104
455,348,330,52,104
456,348,330,52,104
457,348,330,52,104
458,348,330,52,104
459,348,330,52,104
460,348,329,52,104
461,348,329,52,104
462,348,329,52,104
463,347,328,52,104
464,347,328,52,104
465,347,328,52,104
466,346,326,52,104
467,346,326,52,104
468,346,326,52,104
469,346,326,52,104
470,346,326,52,104
471,346,326,52,104
472,346,326,52,104
473,346,326,52,104
474,346,326,52,104
475,346,326,52,104
476,346,326,52,104
477,346,326,52,104
478,346,325,52,104
479,346,325,52,104
480,346,325,52,104
481,346,325,52,104
482,346,326,52,104
483,346,326,52,104
484,346,327,52,104
485,346,327,52,104
486,346,327,52,104
487,346,327,52,104
488,347,328,52,104
489,347,328,52,104
490,347,328,52,104
491,347,328,52,104
492,347,328,52,104
493,347,328,52,104
494,347,328,52,104
495,347,328,52,104
496,347,328,52,104
497,347,328,52,104
498,347,328,52,104
499,347,328,52,104
500,347,328,52,104
501,347,328,52,104
502,347,328,52,104
503,347,328,52,104
504,347,327,52,104
505,347,327,52,104
506,347,327,52,104
507,347,327,52,104
508,347,327,52,104
509,347,327,52,104
510,347,327,52,104
511,347,327,52,104
512,347,327,52,104
513,347,327,52,104
514,347,327,52,104
515,347,327,52,104
516,347,327,52,104
517,347,327,52,104
518,347,327,52,104
519,347,327,52,104
520,347,327,52,104
521,347,327,52,104
522,347,327,52,104
523,347,327,52,104
524,347,327,52,104
525,347,327,52,104
526,347,327,52,104
527,347,327,52,104
528,347,327,52,104
529,347,326,52,104
530,347,326,52,104
531,347,326,52,104
532,347,326,52,104
533,347,326,52,104
534,347,326,52,104
535,347,326,52,104
536,347,326,52,104
537,347,326,52,104
538,347,326,52,104
539,347,327,52,104
540,347,327,52,104
541,347,327,52,104
542,347,327,52,104
543,347,327,52,104
544,347,327,52,104
545,347,327,52,104
546,347,327,52,104
547,347,327,52,104
548,347,327,52,104
549,347,328,52,104
550,347,328,52,104
551,347,328,52,104
552,347,328,52,104
553,347,328,52,104
554,347,328,52,104
555,347,328,52,104
556,347,328,52,104
557,347,329,52,104
558,347,329,52,104
559,347,328,52,104
560,348,329,52,104
561,348,329,52,104
562,344,319,52,104
563,344,319,52,104
564,344,319,52,104
565,344,319,52,104
566,344,319,52,104
567,344,319,52,104
568,344,320,52,104
569,344,320,52,104
570,344,319,52,104
571,344,319,52,104
572,344,319,52,104
573,344,319,52,104
574,344,319,52,104
575,344,318,52,104
576,344,319,52,104
577,344,319,52,104
578,344,319,52,104
579,344,319,52,104
580,344,319,52,104
581,344,319,52,104
582,344,319,52,104
583,344,319,52,104
584,344,319,52,104
585,344,319,52,104
586,344,318,52,104
587,344,318,52,104
588,344,318,52,104
589,344,318,52,104
590,344,318,52,104
591,344,318,52,104
592,344,318,52,104
593,344,318,52,104
594,344,318,52,104
595,344,318,52,104
596,344,318,52,104
597,344,318,52,104
598,344,318,52,104
599,344,318,52,104
600,344,318,52,104
601,344,318,52,104
602,344,318,52,104
603,344,318,52,104
604,344,318,52,104
605,345,319,52,104
606,342,311,52,104
607,342,311,52,104
608,342,312,52,104
609,342,312,52,104
610,342,312,52,104
611,342,311,52,104
612,342,311,52,104
613,341,309,52,104
614,341,309,52,104
615,344,317,52,104
616,344,317,52,104
617,344,317,52,104
618,344,317,52,104
619,344,317,52,104
620,344,317,52,104
621,344,317,52,104
622,341,310,52,104
623,341,310,52,104
624,342,312,52,104
625,345,320,52,104
626,345,320,52,104
627,345,320,52,104
628,345,320,52,104
629,345,320,52,104
630,345,320,52,104
631,345,320,52,104
632,345,320,52,104
633,345,320,52,104
634,345,320,52,104
635,345,319,52,104
636,345,319,52,104
637,345,318,52,104
638,345,318,52,104
639,345,318,52,104
640,345,318,52,104
641,345,318,52,104
642,345,318,52,104
643,345,318,52,104
644,345,318,52,104
645,345,318,52,104
646,345,318,52,104
647,345,318,52,104
648,345,318,52,104
649,345,318,52,104
650,345,318,52,104
651,345,318,52,104
652,345,318,52,104
653,345,318,52,104
654,345,318,52,104
655,345,318,52,104
656,345,318,52,104
657,345,318,52,104
658,345,318,52,104
659,345,318,52,104
660,345,318,52,104
661,345,318,52,104
662,345,318,52,104
663,345,318,52,104
664,345,318,52,104
665,344,317,52,104
666,344,317,52,104
667,344,317,52,104
668,344,317,52,104
669,344,317,52,104
670,344,317,52,104
671,343,314,52,104
672,343,314,52,104
673,343,314,52,104
674,344,316,52,104
675,341,308,52,104
676,341,308,52,104
677,341,308,52,104
678,341,308,52,104
679,341,308,52,104
680,341,308,52,104
681,341,308,52,104
682,341,309,52,104
683,341,310,52,104
684,341,310,52,104
685,341,311,52,104
686,341,311,52,104
687,341,311,52,104
688,341,311,52,104
689,341,311,52,104
690,341,311,52,104
691,341,311,52,104
692,341,311,52,104
693,341,311,52,104
694,341,311,52,104
695,341,311,52,104
696,341,311,52,104
697,341,311,52,104
698,341,311,52,104
699,341,311,52,104
700,341,311,52,104
701,341,311,52,104
702,341,311,52,104
703,341,311,52,104
704,341,311,52,104
705,341,311,52,104
706,341,311,52,104
707,341,311,52,104
708,341,311,52,104
709,341,311,52,104
710,341,311,52,104
711,341,311,52,104
712,341,311,52,104
713,341,311,52,104
714,341,311,52,104
715,341,311,52,104
716,341,310,52,104
717,341,310,52,104
718,341,310,52,104
719,341,310,52,104
720,341,310,52,104
721,341,310,52,104
722,341,310,52,104
723,341,311,52,104
724,342,313,52,104
725,342,312,52,104
726,342,312,52,104
727,342,311,52,104
728,342,311,52,104
729,342,311,52,104
730,342,311,52,104
731,342,311,52,104
732,342,311,52,104
733,342,311,52,104
734,342,311,52,104
735,342,311,52,104
736,342,311,52,104
737,342,311,52,104
738,342,311,52,104
739,342,312,52,104
740,342,312,52,104
741,342,313,52,104
742,342,314,52,104
743,342,314,52,104
744,342,314,52,104
745,342,314,52,104
