13-ZoomingCamera 1
1,818,353,198,391
2,810,366,198,391
3,813,376,198,391
4,808,380,198,391
5,808,380,198,391
6,800,386,198,391
7,795,389,198,391
8,787,390,198,391
9,786,389,198,391
10,779,392,198,391
11,779,392,198,391
12,773,395,198,391
13,775,385,198,391
14,770,374,198,391
15,771,365,198,391
16,771,354,198,391
17,771,354,198,391
18,770,346,198,391
19,772,340,198,391
20,773,336,198,391
21,777,336,198,391
22,782,339,198,391
23,782,339,198,391
24,786,338,198,391
25,787,347,198,391
26,786,358,198,391
27,775,366,198,391
28,769,380,198,391
29,768,381,198,391
30,761,390,198,391
31,753,402,198,391
32,748,413,198,391
33,742,422,198,391
34,733,441,198,391
35,733,442,198,391
36,731,450,198,391
37,727,467,198,391
38,722,479,198,391
39,716,492,198,391
40,710,502,198,391
41,710,501,198,391
42,700,510,198,391
43,689,517,198,391
44,677,525,198,391
45,666,533,198,391
46,658,532,198,391
47,658,531,198,391
48,649,529,198,391
49,642,525,198,391
50,630,515,198,391
51,622,503,198,391
52,611,492,198,391
53,612,492,198,391
54,597,480,198,391
55,585,468,198,391
56,572,462,198,391
57,562,457,198,391
58,549,453,198,391
59,551,453,198,391
60,537,445,198,391
61,522,443,198,391
62,504,439,198,391
63,485,432,198,391
64,463,437,198,391
65,463,437,198,391
66,440,437,198,391
67,416,443,198,391
68,391,452,198,391
69,364,461,198,391
70,327,471,198,391
71,327,471,198,391
72,284,478,198,391
73,234,488,198,391
74,184,496,198,391
75,128,503,198,391
76,83,505,198,391
