13-ZoomingCamera 19
1,522,314,233,351
2,524,312,233,351
3,525,310,233,351
4,526,309,233,351
5,528,308,233,351
6,530,307,233,351
7,531,306,233,351
8,532,303,233,351
9,533,300,233,351
10,530,284,233,351
11,518,276,233,351
12,509,272,233,351
13,509,271,233,351
14,512,272,233,351
15,519,275,233,351
16,535,275,233,351
17,550,273,233,351
18,571,271,233,351
19,592,267,233,351
20,614,265,233,351
21,622,263,233,351
22,626,261,233,351
23,630,260,233,351
24,633,256,233,351
25,632,250,233,351
26,621,246,233,351
27,625,245,233,351
28,640,243,233,351
29,652,241,233,351
30,669,251,233,351
31,685,251,233,351
32,699,251,233,351
33,714,255,233,351
34,727,257,233,351
35,742,261,233,351
36,755,265,233,351
37,767,269,233,351
38,779,273,233,351
39,787,277,233,351
40,799,281,233,351
41,810,285,233,351
42,822,289,233,351
43,832,295,233,351
44,842,299,233,351
45,849,303,233,351
46,856,307,233,351
47,863,309,233,351
48,867,311,233,351
49,873,313,233,351
50,878,315,233,351
51,882,317,233,351
52,887,319,233,351
53,890,319,233,351
54,894,321,233,351
55,897,323,233,351
56,900,323,233,351
57,902,323,233,351
58,902,323,233,351
59,902,323,233,351
60,904,323,233,351
61,906,323,233,351
62,908,323,233,351
63,910,324,233,351
64,911,325,233,351
65,913,325,233,351
66,913,326,233,351
67,915,326,233,351
68,916,327,233,351
69,917,328,233,351
70,909,328,233,351
71,898,332,233,351
72,893,336,233,351
73,887,338,233,351
74,887,334,233,351
75,887,330,233,351
76,886,324,233,351
77,889,322,233,351
78,891,322,233,351
79,893,320,233,351
80,895,321,233,351
81,899,321,233,351
82,902,319,233,351
83,905,317,233,351
84,909,315,233,351
85,912,313,233,351
86,915,311,233,351
87,917,312,233,351
88,918,311,233,351
89,919,312,233,351
90,919,313,233,351
91,918,312,233,351
92,916,308,233,351
93,914,302,233,351
94,912,298,233,351
95,908,294,233,351
96,908,295,233,351
97,905,293,233,351
98,902,291,233,351
99,902,292,233,351
100,899,290,233,351
