13-ZoomingCamera 18
21,699,388,68,71
22,698,388,68,71
23,696,386,68,71
24,695,384,68,71
25,694,384,68,71
26,693,384,68,71
27,693,384,68,71
28,693,384,68,71
29,693,384,68,71
30,694,384,68,71
31,694,384,68,71
32,693,384,68,71
33,692,384,68,71
34,691,384,68,71
35,691,384,68,71
36,690,385,68,71
37,690,386,68,71
38,689,387,68,71
39,688,387,68,71
40,687,387,68,71
41,686,387,68,71
42,685,387,68,71
43,684,387,68,71
44,683,387,68,71
45,682,387,68,71
46,674,439,68,71
47,658,431,68,71
48,638,423,68,71
49,619,415,68,71
50,609,409,68,71
51,604,407,68,71
52,605,408,68,71
53,609,412,68,71
54,615,417,68,71
55,620,420,68,71
56,623,418,68,71
57,625,412,68,71
58,628,410,68,71
59,631,410,68,71
60,633,412,68,71
61,634,416,68,71
62,637,420,68,71
63,639,421,68,71
64,639,419,68,71
65,639,415,68,71
66,637,411,68,71
67,635,410,68,71
68,632,412,68,71
69,629,418,68,71
70,626,426,68,71
71,623,432,68,71
72,623,435,68,71
73,623,437,68,71
74,622,437,68,71
75,621,438,68,71
76,619,438,68,71
77,616,438,68,71
78,611,439,68,71
79,608,439,68,71
80,606,438,68,71
81,605,438,68,71
82,604,440,68,71
83,603,444,68,71
84,604,448,68,71
85,605,453,68,71
86,606,457,68,71
87,609,459,68,71
88,613,457,68,71
89,612,451,68,71
90,601,439,68,71
91,587,429,68,71
92,572,421,68,71
93,556,415,68,71
94,540,415,68,71
95,518,413,68,71
