13-ZoomingCamera 28
1,279,286,45,89
2,277,281,45,89
3,277,281,45,89
4,277,281,45,89
5,274,275,45,89
6,274,275,45,89
7,272,271,45,89
8,272,271,45,89
9,272,271,45,89
10,270,264,45,89
11,270,264,45,89
12,269,260,45,89
13,269,260,45,89
14,269,260,45,89
15,268,253,45,89
16,268,253,45,89
17,268,253,45,89
18,268,253,45,89
19,268,244,45,89
20,268,242,45,89
21,268,242,45,89
22,268,242,45,89
23,268,242,45,89
24,269,234,45,89
25,269,232,45,89
26,269,232,45,89
27,269,232,45,89
28,269,232,45,89
29,271,223,45,89
30,271,223,45,89
31,271,223,45,89
32,273,217,45,89
33,273,217,45,89
34,274,213,45,89
35,274,212,45,89
36,274,212,45,89
37,275,209,45,89
38,275,209,45,89
39,275,209,45,89
40,277,204,45,89
41,277,204,45,89
42,277,204,45,89
43,277,204,45,89
44,279,198,45,89
45,279,198,45,89
46,279,198,45,89
47,281,194,45,89
48,281,195,45,89
49,281,195,45,89
50,281,195,45,89
51,281,195,45,89
52,283,188,45,89
53,283,188,45,89
54,283,188,45,89
55,284,184,45,89
56,284,184,45,89
57,284,181,45,89
58,284,181,45,89
59,284,178,45,89
60,284,177,45,89
61,284,177,45,89
62,284,175,45,89
63,284,175,45,89
64,284,175,45,89
65,284,171,45,89
66,284,171,45,89
67,284,171,45,89
68,284,171,45,89
69,284,166,45,89
70,284,167,45,89
71,284,167,45,89
72,284,163,45,89
73,284,163,45,89
74,284,163,45,89
75,284,160,45,89
76,284,160,45,89
77,284,158,45,89
78,284,158,45,89
79,284,156,45,89
80,284,156,45,89
81,284,156,45,89
82,284,152,45,89
83,284,152,45,89
84,284,152,45,89
85,284,149,45,89
86,284,149,45,89
87,284,147,45,89
88,284,147,45,89
89,284,144,45,89
90,284,144,45,89
91,284,144,45,89
92,285,140,45,89
93,285,140,45,89
94,285,140,45,89
95,286,137,45,89
96,286,137,45,89
97,287,135,45,89
98,287,135,45,89
99,287,135,45,89
100,288,132,45,89
101,288,132,45,89
102,289,130,45,89
103,289,130,45,89
104,289,130,45,89
105,290,126,45,89
106,290,126,45,89
107,291,124,45,89
108,291,124,45,89
109,291,124,45,89
110,292,122,45,89
111,292,122,45,89
112,293,120,45,89
113,293,120,45,89
114,293,120,45,89
115,294,117,45,89
116,294,117,45,89
117,295,115,45,89
118,295,115,45,89
119,296,113,45,89
120,296,113,45,89
121,296,113,45,89
122,297,110,45,89
123,297,110,45,89
124,297,110,45,89
125,298,108,45,89
126,298,108,45,89
127,299,107,45,89
128,299,107,45,89
129,300,105,45,89
130,300,104,45,89
131,300,104,45,89
132,301,102,45,89
133,301,102,45,89
134,301,102,45,89
135,303,100,45,89
136,303,100,45,89
137,304,98,45,89
138,304,98,45,89
139,305,96,45,89
140,305,96,45,89
141,305,96,45,89
142,307,94,45,89
143,307,93,45,89
144,308,92,45,89
145,309,91,45,89
146,309,91,45,89
147,311,89,45,89
148,311,89,45,89
149,311,89,45,89
150,314,86,45,89
151,314,86,45,89
152,317,84,45,89
153,317,84,45,89
154,317,84,45,89
155,321,82,45,89
156,321,82,45,89
157,324,81,45,89
158,324,81,45,89
159,324,81,45,89
160,328,79,45,89
161,328,79,45,89
162,328,79,45,89
163,328,79,45,89
164,328,79,45,89
165,333,76,45,89
166,333,76,45,89
167,335,75,45,89
168,335,75,45,89
169,335,75,45,89
170,337,73,45,89
171,337,73,45,89
172,337,73,45,89
173,337,73,45,89
174,340,70,45,89
175,340,70,45,89
176,340,70,45,89
177,341,69,45,89
178,341,69,45,89
179,341,69,45,89
180,342,68,45,89
181,342,68,45,89
182,342,68,45,89
183,342,68,45,89
184,342,68,45,89
185,342,67,45,89
186,342,67,45,89
187,342,66,45,89
188,342,66,45,89
189,342,66,45,89
190,343,65,45,89
191,343,65,45,89
192,344,64,45,89
193,344,64,45,89
194,345,63,45,89
195,345,63,45,89
196,345,63,45,89
197,347,62,45,89
198,347,62,45,89
199,349,61,45,89
200,350,61,45,89
201,350,61,45,89
202,352,60,45,89
203,352,60,45,89
204,352,60,45,89
205,355,59,45,89
206,355,59,45,89
207,358,58,45,89
208,358,58,45,89
209,358,58,45,89
210,358,58,45,89
211,358,58,45,89
212,120,275,45,89
213,120,275,45,89
214,120,275,45,89
215,120,275,45,89
216,120,275,45,89
217,120,275,45,89
218,120,275,45,89
219,120,275,45,89
220,120,275,45,89
221,120,275,45,89
222,120,275,45,89
223,120,275,45,89
224,120,275,45,89
225,120,275,45,89
226,120,275,45,89
227,120,275,45,89
228,120,275,45,89
229,120,275,45,89
230,120,275,45,89
231,120,275,45,89
232,120,275,45,89
233,120,275,45,89
234,120,275,45,89
235,120,275,45,89
236,120,275,45,89
237,120,276,45,89
238,120,276,45,89
239,120,276,45,89
240,120,276,45,89
241,120,276,45,89
242,120,276,45,89
243,120,276,45,89
244,120,276,45,89
245,120,276,45,89
246,120,276,45,89
