13-ZoomingCamera 21
91,628,273,45,55
92,631,273,45,55
93,634,273,45,55
94,637,273,45,55
95,640,273,45,55
96,643,272,45,55
97,646,271,45,55
98,648,269,45,55
99,650,267,45,55
100,651,265,45,55
101,652,263,45,55
102,653,260,45,55
103,654,258,45,55
104,655,257,45,55
105,655,257,45,55
106,655,257,45,55
107,655,257,45,55
108,655,257,45,55
109,655,258,45,55
110,655,259,45,55
111,655,260,45,55
112,655,260,45,55
113,655,261,45,55
114,656,262,45,55
115,656,262,45,55
116,655,261,45,55
117,655,259,45,55
118,656,257,45,55
119,657,256,45,55
120,658,255,45,55
121,659,256,45,55
122,659,258,45,55
123,659,260,45,55
124,659,263,45,55
125,659,266,45,55
126,659,268,45,55
127,659,270,45,55
128,659,270,45,55
129,659,269,45,55
130,659,268,45,55
131,658,267,45,55
132,657,265,45,55
133,654,263,45,55
134,651,261,45,55
135,647,261,45,55
136,642,262,45,55
137,637,264,45,55
138,632,265,45,55
139,626,269,45,55
140,619,273,45,55
141,617,267,45,55
142,621,268,45,55
143,624,269,45,55
144,627,271,45,55
145,630,273,45,55
146,633,275,45,55
147,636,278,45,55
148,638,280,45,55
149,641,282,45,55
150,644,283,45,55
151,647,283,45,55
