13-ZoomingCamera 2
4,292,325,32,38
5,290,326,32,38
6,289,327,32,38
7,287,328,32,38
8,285,329,32,38
9,284,330,32,38
10,282,331,32,38
11,280,333,32,38
12,277,335,32,38
13,276,335,32,38
14,275,336,32,38
15,274,337,32,38
16,272,338,32,38
17,271,339,32,38
18,270,340,32,38
19,269,341,32,38
20,268,341,32,38
21,267,343,32,38
22,265,345,32,38
23,264,346,32,38
24,263,347,32,38
25,262,348,32,38
26,261,349,32,38
27,259,350,32,38
28,258,351,32,38
29,257,352,32,38
30,256,353,32,38
31,253,353,32,38
32,251,353,32,38
33,248,352,32,38
34,246,352,32,38
35,244,351,32,38
36,241,351,32,38
37,240,351,32,38
38,239,351,32,38
39,239,350,32,38
40,244,349,32,38
41,261,347,32,38
42,263,346,32,38
43,262,345,32,38
44,261,343,32,38
45,257,341,32,38
46,253,338,32,38
47,251,337,32,38
48,249,336,32,38
49,247,335,32,38
50,246,334,32,38
51,244,331,32,38
52,242,330,32,38
53,240,329,32,38
54,240,328,32,38
55,240,327,32,38
56,240,326,32,38
57,243,325,32,38
58,254,324,32,38
59,264,324,32,38
60,272,324,32,38
61,297,324,32,38
62,309,324,32,38
63,318,325,32,38
64,322,325,32,38
65,321,325,32,38
66,315,326,32,38
67,322,326,32,38
68,329,325,32,38
69,334,325,32,38
70,337,326,32,38
71,342,325,32,38
72,348,324,32,38
73,354,325,32,38
74,358,326,32,38
75,365,326,32,38
76,379,327,32,38
77,386,328,32,38
78,392,327,32,38
79,397,327,32,38
80,400,328,32,38
81,407,329,32,38
82,410,329,32,38
83,411,329,32,38
84,411,330,32,38
85,413,330,32,38
86,416,328,32,38
87,416,328,32,38
88,417,326,32,38
89,420,324,32,38
90,423,321,32,38
91,429,317,32,38
92,436,287,32,38
93,443,287,32,38
94,447,284,32,38
95,454,264,32,38
96,460,258,32,38
97,465,260,32,38
98,469,257,32,38
99,474,248,32,38
100,477,241,32,38
101,482,235,32,38
102,484,231,32,38
103,487,228,32,38
104,489,225,32,38
105,491,222,32,38
106,495,216,32,38
107,496,216,32,38
108,496,216,32,38
109,497,216,32,38
110,497,230,32,38
111,499,258,32,38
112,499,273,32,38
113,500,276,32,38
114,500,278,32,38
115,501,282,32,38
116,500,286,32,38
117,501,271,32,38
118,502,271,32,38
119,503,271,32,38
120,502,273,32,38
121,502,276,32,38
122,502,280,32,38
123,501,283,32,38
124,497,286,32,38
125,494,290,32,38
126,490,293,32,38
127,488,297,32,38
128,487,296,32,38
129,486,295,32,38
130,485,297,32,38
131,483,298,32,38
132,480,293,32,38
133,479,293,32,38
134,479,293,32,38
135,478,292,32,38
136,477,290,32,38
137,472,289,32,38
138,470,287,32,38
139,468,284,32,38
140,466,283,32,38
141,461,284,32,38
142,453,280,32,38
143,451,280,32,38
144,449,281,32,38
145,448,281,32,38
146,447,281,32,38
147,446,282,32,38
148,447,282,32,38
149,448,281,32,38
150,448,282,32,38
151,448,283,32,38
152,448,283,32,38
153,448,283,32,38
154,448,283,32,38
155,448,284,32,38
156,447,285,32,38
157,447,292,32,38
158,447,292,32,38
159,448,297,32,38
160,448,298,32,38
161,448,300,32,38
162,447,303,32,38
163,447,304,32,38
164,447,305,32,38
165,447,306,32,38
166,447,307,32,38
167,447,306,32,38
168,448,306,32,38
169,448,306,32,38
170,448,306,32,38
171,449,307,32,38
172,450,308,32,38
173,451,309,32,38
174,452,310,32,38
175,453,311,32,38
176,454,310,32,38
177,455,310,32,38
178,456,309,32,38
179,457,308,32,38
