14-LongDuration 3
1,145,84,54,37
2,148,85,54,37
3,153,86,54,37
4,155,86,54,37
5,158,86,54,37
6,163,87,54,37
7,166,87,54,37
8,169,87,54,37
9,172,88,54,37
10,174,88,54,37
11,177,89,54,37
12,179,90,54,37
13,180,90,54,37
14,181,91,54,37
15,181,92,54,37
16,179,93,54,37
17,178,94,54,37
18,176,95,54,37
19,174,96,54,37
20,172,97,54,37
21,170,98,54,37
22,165,100,54,37
23,163,101,54,37
24,162,102,54,37
25,160,103,54,37
26,159,104,54,37
27,159,104,54,37
28,159,105,54,37
29,160,105,54,37
30,163,105,54,37
31,165,105,54,37
32,168,105,54,37
33,169,105,54,37
34,173,105,54,37
35,174,105,54,37
36,175,105,54,37
37,176,105,54,37
38,177,105,54,37
39,177,105,54,37
40,177,105,54,37
41,177,105,54,37
42,177,105,54,37
43,177,105,54,37
44,177,105,54,37
45,177,105,54,37
46,177,106,54,37
47,177,106,54,37
48,177,106,54,37
49,178,107,54,37
50,178,107,54,37
51,178,107,54,37
52,178,107,54,37
53,179,107,54,37
54,179,107,54,37
55,179,107,54,37
56,180,107,54,37
57,180,107,54,37
58,180,107,54,37
59,181,107,54,37
60,182,107,54,37
61,182,107,54,37
62,183,107,54,37
63,183,107,54,37
64,184,107,54,37
65,184,107,54,37
66,184,107,54,37
67,184,107,54,37
68,184,107,54,37
69,183,107,54,37
70,182,107,54,37
71,178,107,54,37
72,176,107,54,37
73,175,107,54,37
74,170,107,54,37
75,165,106,54,37
76,164,106,54,37
77,160,105,54,37
78,158,103,54,37
79,158,102,54,37
80,159,99,54,37
81,160,98,54,37
82,161,97,54,37
83,163,95,54,37
84,164,94,54,37
85,166,92,54,37
86,168,90,54,37
87,169,89,54,37
88,170,88,54,37
89,172,86,54,37
90,173,85,54,37
91,174,84,54,37
92,176,82,54,37
93,177,81,54,37
94,178,80,54,37
95,178,80,54,37
96,180,79,54,37
97,181,78,54,37
98,181,78,54,37
99,183,77,54,37
100,184,77,54,37
101,184,77,54,37
102,184,77,54,37
103,185,77,54,37
104,185,77,54,37
105,185,77,54,37
106,186,77,54,37
107,186,77,54,37
108,186,77,54,37
109,186,77,54,37
110,186,77,54,37
111,186,77,54,37
112,186,77,54,37
113,188,77,54,37
114,191,77,54,37
115,193,77,54,37
116,195,77,54,37
117,201,78,54,37
118,203,79,54,37
119,206,80,54,37
120,211,81,54,37
121,213,82,54,37
122,215,83,54,37
123,216,84,54,37
124,219,87,54,37
125,220,88,54,37
126,221,89,54,37
127,223,91,54,37
128,223,92,54,37
129,223,93,54,37
130,223,93,54,37
131,222,93,54,37
132,221,93,54,37
133,217,91,54,37
134,216,90,54,37
135,214,89,54,37
136,212,88,54,37
137,210,86,54,37
138,209,85,54,37
139,206,81,54,37
140,205,80,54,37
141,204,79,54,37
142,202,79,54,37
143,201,79,54,37
144,201,79,54,37
145,200,79,54,37
146,199,79,54,37
147,198,80,54,37
148,198,81,54,37
149,198,82,54,37
150,198,83,54,37
151,197,85,54,37
152,197,86,54,37
153,197,87,54,37
154,196,88,54,37
155,196,89,54,37
156,195,90,54,37
157,194,91,54,37
158,194,91,54,37
159,194,92,54,37
160,194,93,54,37
161,194,93,54,37
162,194,94,54,37
163,194,94,54,37
164,194,94,54,37
165,195,94,54,37
166,202,93,54,37
167,209,93,54,37
168,214,79,54,37
169,165,136,54,37
170,176,135,54,37
171,177,135,54,37
172,194,134,54,37
173,195,134,54,37
174,200,133,54,37
175,188,133,54,37
176,182,133,54,37
177,191,132,54,37
178,143,132,54,37
179,157,131,54,37
180,148,132,54,37
181,154,132,54,37
182,161,132,54,37
183,169,132,54,37
184,174,132,54,37
185,166,133,54,37
186,169,133,54,37
187,175,133,54,37
188,181,133,54,37
189,186,133,54,37
190,187,133,54,37
191,222,130,54,37
192,227,129,54,37
193,232,128,54,37
194,230,126,54,37
195,233,125,54,37
196,226,125,54,37
197,226,124,54,37
198,231,122,54,37
199,227,122,54,37
200,231,121,54,37
201,231,121,54,37
202,234,121,54,37
203,233,122,54,37
204,235,122,54,37
205,235,122,54,37
206,211,125,54,37
207,221,125,54,37
208,215,126,54,37
209,215,127,54,37
210,216,128,54,37
211,221,128,54,37
212,217,129,54,37
213,221,129,54,37
214,227,129,54,37
215,234,129,54,37
216,235,129,54,37
217,179,133,54,37
218,185,134,54,37
219,181,135,54,37
220,180,136,54,37
221,184,136,54,37
222,184,138,54,37
223,186,139,54,37
224,195,139,54,37
225,190,141,54,37
226,185,143,54,37
227,189,145,54,37
228,191,146,54,37
229,191,147,54,37
230,200,147,54,37
231,205,147,54,37
232,205,148,54,37
233,208,148,54,37
234,209,148,54,37
235,212,148,54,37
236,223,148,54,37
237,229,148,54,37
238,233,150,54,37
239,235,151,54,37
240,235,151,54,37
241,189,155,54,37
242,189,156,54,37
243,194,156,54,37
244,192,156,54,37
245,188,156,54,37
246,192,155,54,37
247,201,153,54,37
248,208,149,54,37
249,213,148,54,37
250,220,146,54,37
251,219,145,54,37
252,225,143,54,37
253,229,141,54,37
254,231,140,54,37
255,233,139,54,37
256,0,139,54,37
257,8,137,54,37
258,4,137,54,37
259,3,137,54,37
260,5,137,54,37
261,9,137,54,37
262,13,137,54,37
263,11,139,54,37
264,11,140,54,37
265,17,140,54,37
266,27,140,54,37
267,55,139,54,37
268,69,138,54,37
269,75,138,54,37
270,84,138,54,37
271,91,138,54,37
272,99,138,54,37
273,107,138,54,37
274,111,138,54,37
275,116,138,54,37
276,126,140,54,37
277,131,140,54,37
278,136,140,54,37
279,147,140,54,37
280,150,140,54,37
281,150,140,54,37
282,149,140,54,37
283,148,140,54,37
284,147,140,54,37
285,145,140,54,37
286,152,139,54,37
287,150,139,54,37
288,145,139,54,37
289,151,138,54,37
290,159,137,54,37
291,165,136,54,37
292,172,135,54,37
293,181,134,54,37
294,181,134,54,37
295,188,133,54,37
296,188,133,54,37
297,196,132,54,37
298,195,132,54,37
299,65,147,54,37
300,72,146,54,37
301,71,146,54,37
302,78,145,54,37
303,98,142,54,37
304,104,141,54,37
305,119,139,54,37
306,133,137,54,37
307,140,136,54,37
308,138,136,54,37
309,140,136,54,37
310,157,135,54,37
311,162,135,54,37
312,156,136,54,37
313,162,136,54,37
314,168,136,54,37
315,172,136,54,37
316,173,137,54,37
317,179,137,54,37
318,186,136,54,37
319,191,135,54,37
320,191,134,54,37
321,196,132,54,37
322,199,131,54,37
323,204,129,54,37
324,222,125,54,37
325,227,123,54,37
326,232,121,54,37
327,235,120,54,37
328,230,120,54,37
329,231,120,54,37
330,234,120,54,37
331,233,121,54,37
332,206,125,54,37
333,227,123,54,37
334,191,129,54,37
335,195,129,54,37
336,201,129,54,37
337,191,133,54,37
338,197,133,54,37
339,202,133,54,37
340,213,133,54,37
341,216,133,54,37
342,219,133,54,37
343,221,133,54,37
344,225,133,54,37
345,230,133,54,37
346,231,133,54,37
347,233,133,54,37
348,235,133,54,37
349,235,133,54,37
350,231,134,54,37
351,232,134,54,37
352,233,134,54,37
353,235,134,54,37
354,235,134,54,37
355,234,134,54,37
356,234,134,54,37
357,235,134,54,37
358,233,135,54,37
359,235,135,54,37
360,164,145,54,37
361,160,146,54,37
362,172,145,54,37
363,179,144,54,37
364,18,38,54,37
365,43,35,54,37
366,52,34,54,37
367,77,31,54,37
368,77,31,54,37
369,107,124,54,37
370,127,121,54,37
371,142,119,54,37
372,138,118,54,37
373,150,115,54,37
374,196,115,54,37
375,196,116,54,37
376,206,113,54,37
377,83,46,54,37
378,83,47,54,37
379,105,47,54,37
380,123,45,54,37
381,136,42,54,37
382,167,46,54,37
383,172,38,54,37
384,207,44,54,37
385,214,39,54,37
386,200,81,54,37
387,228,74,54,37
388,230,67,54,37
389,211,28,54,37
390,212,21,54,37
391,212,19,54,37
392,218,12,54,37
393,204,51,54,37
394,211,45,54,37
395,215,36,54,37
396,220,31,54,37
397,222,31,54,37
398,234,6,54,37
399,235,6,54,37
400,235,6,54,37
401,235,6,54,37
402,235,6,54,37
403,235,5,54,37
404,234,7,54,37
405,230,9,54,37
406,219,16,54,37
407,212,20,54,37
408,203,25,54,37
409,197,28,54,37
410,177,35,54,37
411,172,32,54,37
412,155,30,54,37
413,149,30,54,37
414,143,31,54,37
415,140,32,54,37
416,130,38,54,37
417,115,48,54,37
418,109,53,54,37
419,97,65,54,37
420,84,79,54,37
421,80,84,54,37
422,67,95,54,37
423,61,98,54,37
424,57,99,54,37
425,52,89,54,37
426,51,79,54,37
427,49,67,54,37
428,157,36,54,37
429,170,14,54,37
430,179,170,54,37
431,218,168,54,37
432,216,103,54,37
433,214,91,54,37
434,38,113,54,37
435,39,113,54,37
436,53,113,54,37
437,76,113,54,37
438,108,119,54,37
439,121,124,54,37
440,107,130,54,37
441,139,144,54,37
442,159,147,54,37
443,185,149,54,37
444,186,166,54,37
445,182,172,54,37
446,185,177,54,37
447,23,116,54,37
448,19,120,54,37
449,23,127,54,37
450,18,133,54,37
451,28,134,54,37
452,29,138,54,37
453,29,140,54,37
454,41,140,54,37
455,41,141,54,37
456,44,141,54,37
457,43,142,54,37
458,42,142,54,37
459,47,140,54,37
460,47,139,54,37
461,75,133,54,37
462,77,134,54,37
463,77,134,54,37
464,78,133,54,37
465,87,129,54,37
466,51,132,54,37
467,78,126,54,37
468,90,126,54,37
469,64,124,54,37
470,61,124,54,37
471,63,124,54,37
472,63,123,54,37
473,65,120,54,37
474,64,120,54,37
475,65,118,54,37
476,62,118,54,37
477,62,118,54,37
478,62,117,54,37
479,63,116,54,37
480,63,116,54,37
481,63,115,54,37
482,62,115,54,37
483,61,115,54,37
484,60,115,54,37
485,60,115,54,37
486,58,115,54,37
487,58,114,54,37
488,50,114,54,37
489,50,114,54,37
490,49,114,54,37
491,48,114,54,37
492,45,114,54,37
493,42,114,54,37
494,42,114,54,37
495,39,114,54,37
496,38,114,54,37
497,33,115,54,37
498,31,115,54,37
499,30,115,54,37
500,25,116,54,37
501,24,116,54,37
502,23,116,54,37
503,21,116,54,37
504,17,117,54,37
505,13,118,54,37
506,14,118,54,37
507,11,119,54,37
508,9,120,54,37
509,4,121,54,37
510,0,122,54,37
511,185,21,54,37
512,181,21,54,37
513,180,21,54,37
514,186,19,54,37
515,199,77,54,37
516,195,77,54,37
517,192,77,54,37
518,191,76,54,37
519,200,73,54,37
520,204,72,54,37
521,204,71,54,37
522,202,70,54,37
523,201,69,54,37
524,199,69,54,37
525,196,69,54,37
526,197,67,54,37
527,197,64,54,37
528,197,63,54,37
529,196,63,54,37
530,196,63,54,37
531,197,62,54,37
532,197,62,54,37
533,203,61,54,37
534,213,59,54,37
535,215,59,54,37
536,205,61,54,37
537,177,130,54,37
538,181,124,54,37
539,186,111,54,37
540,184,106,54,37
541,176,101,54,37
542,170,93,54,37
543,174,89,54,37
544,101,99,54,37
545,109,95,54,37
546,120,91,54,37
547,134,87,54,37
548,138,86,54,37
549,120,90,54,37
550,129,89,54,37
551,142,89,54,37
552,149,89,54,37
553,157,89,54,37
554,160,89,54,37
555,173,89,54,37
556,177,89,54,37
557,179,89,54,37
558,181,89,54,37
559,183,89,54,37
560,184,89,54,37
561,186,88,54,37
562,190,86,54,37
563,195,83,54,37
564,200,80,54,37
565,206,77,54,37
566,212,74,54,37
567,217,70,54,37
568,222,66,54,37
569,228,64,54,37
570,231,63,54,37
571,234,63,54,37
572,234,64,54,37
573,234,69,54,37
574,235,71,54,37
575,0,75,54,37
576,13,81,54,37
577,21,84,54,37
578,30,87,54,37
579,36,93,54,37
580,41,95,54,37
581,50,95,54,37
582,60,93,54,37
583,63,91,54,37
584,68,87,54,37
585,77,83,54,37
586,65,70,54,37
587,70,61,54,37
588,80,53,54,37
589,213,16,54,37
590,215,9,54,37
591,221,2,54,37
592,222,2,54,37
593,125,124,54,37
594,141,123,54,37
595,172,127,54,37
596,146,132,54,37
597,164,133,54,37
598,172,139,54,37
599,187,142,54,37
600,175,152,54,37
601,115,166,54,37
602,127,169,54,37
603,177,173,54,37
604,185,176,54,37
605,193,178,54,37
606,201,178,54,37
607,207,179,54,37
608,219,179,54,37
609,225,179,54,37
610,21,161,54,37
611,23,162,54,37
612,40,162,54,37
613,39,162,54,37
614,47,162,54,37
615,52,162,54,37
616,55,162,54,37
617,59,162,54,37
618,65,162,54,37
619,70,162,54,37
620,124,156,54,37
621,127,156,54,37
622,154,153,54,37
623,154,153,54,37
624,152,153,54,37
625,147,153,54,37
626,143,153,54,37
627,138,153,54,37
628,134,153,54,37
629,140,152,54,37
630,143,151,54,37
631,153,149,54,37
632,159,148,54,37
633,168,146,54,37
634,181,144,54,37
635,191,141,54,37
636,67,126,54,37
637,42,119,54,37
638,52,30,54,37
639,31,70,54,37
640,127,28,54,37
641,213,163,54,37
642,196,11,54,37
643,27,71,54,37
644,82,51,54,37
645,90,67,54,37
646,89,122,54,37
647,167,115,54,37
648,165,136,54,37
649,153,149,54,37
650,168,69,54,37
651,191,69,54,37
652,209,132,54,37
653,235,133,54,37
654,176,52,54,37
655,223,56,54,37
656,220,103,54,37
657,234,123,54,37
658,231,174,54,37
659,96,171,54,37
660,137,169,54,37
661,185,151,54,37
662,190,152,54,37
663,190,154,54,37
664,193,157,54,37
665,198,158,54,37
666,204,160,54,37
667,212,161,54,37
668,185,165,54,37
669,190,165,54,37
670,197,165,54,37
671,200,165,54,37
672,200,165,54,37
673,183,166,54,37
674,167,167,54,37
675,168,167,54,37
676,169,167,54,37
677,167,167,54,37
678,193,165,54,37
679,201,164,54,37
680,210,163,54,37
681,217,162,54,37
682,224,161,54,37
683,226,161,54,37
684,231,161,54,37
685,235,161,54,37
686,234,161,54,37
687,67,173,54,37
688,75,173,54,37
689,80,174,54,37
690,89,175,54,37
691,102,177,54,37
692,108,179,54,37
693,128,179,54,37
694,144,179,54,37
695,170,179,54,37
696,179,179,54,37
697,190,179,54,37
698,195,179,54,37
699,201,179,54,37
700,206,179,54,37
701,211,179,54,37
702,214,179,54,37
703,217,179,54,37
704,225,179,54,37
705,102,31,54,37
706,131,32,54,37
707,145,32,54,37
708,217,39,54,37
709,217,39,54,37
710,216,39,54,37
711,216,38,54,37
712,215,37,54,37
713,214,34,54,37
714,214,31,54,37
715,213,28,54,37
716,213,24,54,37
717,213,22,54,37
718,207,16,54,37
719,207,13,54,37
720,205,11,54,37
721,205,10,54,37
722,205,10,54,37
723,205,10,54,37
724,212,10,54,37
725,203,16,54,37
726,203,17,54,37
727,203,19,54,37
728,202,22,54,37
729,203,22,54,37
730,203,23,54,37
731,203,24,54,37
732,208,24,54,37
733,208,25,54,37
734,208,26,54,37
735,210,27,54,37
736,209,28,54,37
737,210,28,54,37
738,210,28,54,37
739,210,28,54,37
740,211,28,54,37
741,205,29,54,37
742,210,29,54,37
743,211,29,54,37
744,213,29,54,37
745,214,30,54,37
746,215,30,54,37
747,218,30,54,37
748,220,30,54,37
749,220,31,54,37
750,223,33,54,37
751,224,33,54,37
752,224,34,54,37
753,225,34,54,37
754,227,35,54,37
755,228,35,54,37
756,229,36,54,37
757,231,36,54,37
758,232,36,54,37
759,233,36,54,37
760,234,36,54,37
761,235,36,54,37
762,235,36,54,37
763,235,36,54,37
764,0,36,54,37
765,19,35,54,37
766,26,33,54,37
767,67,31,54,37
768,112,27,54,37
769,10,80,54,37
770,30,78,54,37
771,39,77,54,37
772,59,75,54,37
773,61,73,54,37
774,61,71,54,37
775,61,70,54,37
776,66,67,54,37
777,89,64,54,37
778,90,10,54,37
779,81,9,54,37
780,81,9,54,37
781,91,7,54,37
782,139,6,54,37
783,182,5,54,37
784,167,38,54,37
785,167,38,54,37
786,167,38,54,37
787,168,38,54,37
788,171,37,54,37
789,171,37,54,37
790,169,38,54,37
791,169,38,54,37
792,170,38,54,37
793,171,38,54,37
794,171,38,54,37
795,172,38,54,37
796,174,37,54,37
797,174,37,54,37
798,175,37,54,37
799,175,37,54,37
800,176,37,54,37
801,177,37,54,37
802,178,37,54,37
803,180,36,54,37
804,180,36,54,37
805,182,35,54,37
806,181,36,54,37
807,181,36,54,37
808,181,36,54,37
809,181,36,54,37
810,180,37,54,37
811,174,40,54,37
812,173,40,54,37
813,171,40,54,37
814,168,40,54,37
815,166,40,54,37
816,164,40,54,37
817,163,40,54,37
818,161,40,54,37
819,156,40,54,37
820,155,40,54,37
821,151,40,54,37
822,149,39,54,37
823,147,37,54,37
824,147,35,54,37
825,146,34,54,37
826,143,34,54,37
827,139,35,54,37
828,136,36,54,37
829,133,37,54,37
830,132,37,54,37
831,126,39,54,37
832,125,39,54,37
833,124,39,54,37
834,119,40,54,37
835,119,40,54,37
836,115,41,54,37
837,113,42,54,37
838,108,44,54,37
839,108,44,54,37
840,107,45,54,37
841,107,45,54,37
842,106,46,54,37
843,103,48,54,37
844,101,49,54,37
845,98,51,54,37
846,97,52,54,37
847,93,55,54,37
848,93,56,54,37
849,94,56,54,37
850,106,56,54,37
851,126,58,54,37
852,128,59,54,37
853,127,61,54,37
854,128,64,54,37
855,100,18,54,37
856,110,21,54,37
857,117,23,54,37
858,124,26,54,37
859,136,28,54,37
860,145,29,54,37
861,153,30,54,37
862,158,31,54,37
863,175,35,54,37
864,183,36,54,37
865,188,37,54,37
866,198,42,54,37
867,208,43,54,37
868,213,44,54,37
869,220,45,54,37
870,228,47,54,37
871,232,48,54,37
872,0,49,54,37
873,2,50,54,37
874,56,52,54,37
875,51,52,54,37
876,66,55,54,37
877,81,57,54,37
878,91,59,54,37
879,91,63,54,37
880,91,63,54,37
881,147,65,54,37
882,212,67,54,37
883,219,67,54,37
884,177,20,54,37
885,178,21,54,37
886,199,21,54,37
887,24,21,54,37
888,24,21,54,37
889,23,21,54,37
890,55,22,54,37
891,87,22,54,37
892,130,20,54,37
893,146,21,54,37
894,71,134,54,37
895,83,134,54,37
896,107,132,54,37
897,109,132,54,37
898,118,129,54,37
899,120,124,54,37
900,126,112,54,37
901,131,103,54,37
902,136,94,54,37
903,140,86,54,37
904,149,68,54,37
905,154,56,54,37
906,158,47,54,37
907,168,27,54,37
908,172,20,54,37
909,178,10,54,37
910,182,3,54,37
911,184,0,54,37
912,185,0,54,37
913,187,0,54,37
914,191,1,54,37
915,192,2,54,37
916,193,8,54,37
917,192,22,54,37
918,192,25,54,37
919,192,34,54,37
920,192,38,54,37
921,193,45,54,37
922,194,52,54,37
923,196,59,54,37
924,197,61,54,37
925,199,70,54,37
926,201,74,54,37
927,204,79,54,37
928,204,79,54,37
929,207,83,54,37
930,208,84,54,37
931,210,86,54,37
932,212,87,54,37
933,215,88,54,37
934,218,87,54,37
935,224,85,54,37
936,224,85,54,37
937,230,83,54,37
938,233,82,54,37
939,234,80,54,37
940,234,78,54,37
941,235,77,54,37
942,235,76,54,37
943,235,75,54,37
944,235,71,54,37
945,234,69,54,37
946,235,68,54,37
947,235,64,54,37
948,235,62,54,37
949,0,62,54,37
950,0,59,54,37
951,37,55,54,37
952,31,53,54,37
953,51,49,54,37
954,53,47,54,37
955,56,45,54,37
956,60,44,54,37
957,66,44,54,37
958,94,45,54,37
959,90,45,54,37
960,107,46,54,37
961,112,47,54,37
962,111,48,54,37
963,111,49,54,37
964,108,49,54,37
965,102,48,54,37
966,110,48,54,37
967,100,47,54,37
968,91,46,54,37
969,103,46,54,37
970,99,45,54,37
971,91,44,54,37
972,98,44,54,37
973,107,44,54,37
974,105,43,54,37
975,114,43,54,37
976,115,43,54,37
977,116,43,54,37
978,220,37,54,37
979,220,37,54,37
980,220,37,54,37
981,210,42,54,37
982,216,33,54,37
983,95,32,54,37
984,125,29,54,37
985,143,27,54,37
986,143,8,54,37
987,228,34,54,37
988,233,21,54,37
989,28,135,54,37
990,30,124,54,37
991,29,97,54,37
992,47,79,54,37
993,65,78,54,37
994,86,66,54,37
995,84,53,54,37
996,112,50,54,37
997,121,45,54,37
998,130,47,54,37
999,146,53,54,37
1000,150,55,54,37
1001,200,87,54,37
1002,200,87,54,37
1003,208,88,54,37
1004,214,89,54,37
1005,219,88,54,37
1006,223,88,54,37
1007,228,88,54,37
1008,209,71,54,37
1009,214,71,54,37
1010,220,68,54,37
1011,223,68,54,37
1012,228,67,54,37
1013,231,66,54,37
1014,234,62,54,37
1015,233,57,54,37
1016,235,55,54,37
1017,235,49,54,37
1018,235,45,54,37
1019,235,42,54,37
1020,235,39,54,37
1021,235,38,54,37
1022,234,30,54,37
1023,235,28,54,37
1024,235,27,54,37
1025,235,27,54,37
1026,0,28,54,37
1027,0,29,54,37
1028,6,30,54,37
1029,8,31,54,37
1030,11,32,54,37
1031,6,32,54,37
1032,22,34,54,37
1033,27,35,54,37
1034,30,35,54,37
1035,38,36,54,37
1036,52,37,54,37
1037,55,37,54,37
1038,65,37,54,37
1039,80,37,54,37
1040,85,37,54,37
1041,87,37,54,37
1042,45,34,54,37
1043,34,33,54,37
1044,45,33,54,37
1045,41,32,54,37
1046,29,30,54,37
1047,41,30,54,37
1048,40,29,54,37
1049,40,28,54,37
1050,44,27,54,37
1051,47,26,54,37
1052,50,25,54,37
1053,53,24,54,37
1054,59,23,54,37
1055,62,22,54,37
1056,66,22,54,37
1057,68,22,54,37
1058,80,22,54,37
1059,85,22,54,37
1060,86,22,54,37
1061,89,21,54,37
1062,92,21,54,37
1063,94,21,54,37
1064,100,20,54,37
1065,102,19,54,37
1066,104,19,54,37
1067,110,18,54,37
1068,113,17,54,37
1069,114,17,54,37
1070,118,16,54,37
1071,120,15,54,37
1072,125,14,54,37
1073,128,13,54,37
1074,130,12,54,37
1075,135,11,54,37
1076,139,10,54,37
1077,141,9,54,37
1078,144,8,54,37
1079,145,8,54,37
1080,151,7,54,37
1081,154,6,54,37
1082,155,6,54,37
1083,161,5,54,37
1084,164,4,54,37
1085,165,4,54,37
1086,168,3,54,37
1087,170,3,54,37
1088,175,2,54,37
1089,178,2,54,37
1090,180,2,54,37
1091,183,2,54,37
1092,185,2,54,37
1093,187,2,54,37
1094,189,2,54,37
1095,192,2,54,37
1096,193,2,54,37
1097,195,2,54,37
1098,196,2,54,37
1099,199,2,54,37
1100,201,2,54,37
1101,202,2,54,37
1102,204,2,54,37
1103,205,2,54,37
1104,207,2,54,37
1105,209,2,54,37
1106,210,2,54,37
1107,211,2,54,37
1108,213,2,54,37
1109,214,2,54,37
1110,216,3,54,37
1111,216,3,54,37
1112,218,4,54,37
1113,219,5,54,37
1114,220,5,54,37
1115,223,7,54,37
1116,225,8,54,37
1117,226,8,54,37
1118,228,9,54,37
1119,231,10,54,37
1120,232,10,54,37
1121,235,11,54,37
1122,235,11,54,37
1123,234,11,54,37
1124,0,12,54,37
1125,4,12,54,37
1126,12,12,54,37
1127,21,12,54,37
1128,30,12,54,37
1129,45,12,54,37
1130,59,12,54,37
1131,65,11,54,37
1132,77,9,54,37
1133,88,8,54,37
1134,97,7,54,37
1135,111,6,54,37
1136,123,4,54,37
1137,129,3,54,37
1138,136,2,54,37
1139,139,1,54,37
1140,149,0,54,37
1141,155,0,54,37
1142,158,0,54,37
1143,161,0,54,37
1144,140,92,54,37
1145,146,92,54,37
1146,159,92,54,37
1147,166,92,54,37
1148,179,92,54,37
1149,192,92,54,37
1150,101,91,54,37
1151,107,91,54,37
1152,123,91,54,37
1153,142,90,54,37
1154,142,90,54,37
1155,163,90,54,37
1156,175,90,54,37
1157,186,90,54,37
1158,196,90,54,37
1159,204,91,54,37
1160,7,150,54,37
1161,15,151,54,37
1162,34,155,54,37
1163,47,157,54,37
1164,72,161,54,37
1165,93,165,54,37
1166,105,167,54,37
1167,133,171,54,37
1168,148,175,54,37
1169,162,177,54,37
1170,176,179,54,37
1171,157,160,54,37
1172,140,137,54,37
1173,156,139,54,37
1174,176,141,54,37
1175,184,143,54,37
1176,190,145,54,37
1177,204,147,54,37
1178,210,148,54,37
1179,61,152,54,37
1180,74,154,54,37
1181,81,155,54,37
1182,122,159,54,37
1183,138,161,54,37
1184,148,162,54,37
1185,173,164,54,37
1186,14,168,54,37
1187,21,169,54,37
1188,35,171,54,37
1189,51,173,54,37
1190,77,175,54,37
1191,98,177,54,37
1192,108,179,54,37
1193,141,179,54,37
1194,153,179,54,37
1195,163,179,54,37
1196,174,179,54,37
1197,181,179,54,37
1198,47,130,54,37
1199,67,130,54,37
1200,75,130,54,37
1201,86,130,54,37
1202,124,130,54,37
1203,129,131,54,37
1204,220,132,54,37
1205,220,133,54,37
1206,151,134,54,37
1207,137,136,54,37
1208,144,139,54,37
1209,152,139,54,37
1210,203,140,54,37
1211,229,141,54,37
1212,235,142,54,37
1213,119,144,54,37
1214,117,145,54,37
1215,113,146,54,37
1216,128,146,54,37
1217,122,147,54,37
1218,139,147,54,37
1219,149,147,54,37
1220,17,150,54,37
1221,40,150,54,37
1222,68,150,54,37
1223,81,150,54,37
1224,101,150,54,37
1225,109,150,54,37
1226,114,149,54,37
1227,58,148,54,37
1228,98,147,54,37
1229,88,146,54,37
1230,79,144,54,37
1231,129,143,54,37
1232,136,141,54,37
1233,120,139,54,37
1234,92,139,54,37
1235,74,138,54,37
1236,81,137,54,37
1237,99,135,54,37
1238,91,134,54,37
1239,103,133,54,37
1240,93,132,54,37
1241,105,130,54,37
1242,118,129,54,37
1243,139,127,54,37
1244,160,125,54,37
1245,173,124,54,37
1246,198,123,54,37
1247,207,122,54,37
1248,186,121,54,37
1249,199,120,54,37
1250,194,120,54,37
1251,169,119,54,37
1252,177,118,54,37
1253,173,118,54,37
1254,160,117,54,37
1255,176,116,54,37
1256,171,115,54,37
1257,179,114,54,37
1258,186,113,54,37
1259,192,111,54,37
1260,197,110,54,37
1261,204,109,54,37
1262,211,109,54,37
1263,216,109,54,37
1264,221,108,54,37
1265,226,108,54,37
1266,231,108,54,37
1267,0,110,54,37
1268,9,110,54,37
1269,42,113,54,37
1270,65,113,54,37
1271,76,113,54,37
1272,101,112,54,37
1273,117,112,54,37
1274,149,114,54,37
1275,155,116,54,37
1276,168,118,54,37
1277,149,120,54,37
1278,154,121,54,37
1279,156,122,54,37
1280,165,123,54,37
1281,199,123,54,37
1282,213,124,54,37
1283,218,124,54,37
1284,223,124,54,37
1285,88,126,54,37
1286,104,125,54,37
1287,119,124,54,37
1288,138,123,54,37
1289,125,122,54,37
1290,134,121,54,37
1291,133,121,54,37
1292,164,120,54,37
1293,166,120,54,37
1294,178,120,54,37
1295,186,120,54,37
1296,205,120,54,37
1297,210,120,54,37
1298,204,121,54,37
1299,192,122,54,37
1300,177,124,54,37
1301,172,125,54,37
1302,170,126,54,37
1303,171,127,54,37
1304,182,128,54,37
1305,190,128,54,37
1306,194,128,54,37
1307,202,128,54,37
1308,201,129,54,37
1309,206,129,54,37
1310,211,129,54,37
1311,211,129,54,37
1312,217,129,54,37
1313,222,129,54,37
1314,227,129,54,37
1315,229,129,54,37
1316,233,129,54,37
1317,0,130,54,37
1318,1,130,54,37
1319,18,129,54,37
1320,34,128,54,37
1321,64,126,54,37
1322,67,125,54,37
1323,62,124,54,37
1324,63,123,54,37
1325,78,122,54,37
1326,71,120,54,37
1327,101,118,54,37
1328,118,117,54,37
1329,115,115,54,37
1330,124,114,54,37
1331,118,114,54,37
1332,100,114,54,37
1333,106,114,54,37
1334,110,114,54,37
1335,103,115,54,37
1336,110,115,54,37
1337,113,115,54,37
1338,129,115,54,37
1339,139,115,54,37
1340,132,116,54,37
1341,146,116,54,37
1342,152,116,54,37
1343,155,116,54,37
1344,168,116,54,37
1345,171,116,54,37
1346,172,116,54,37
1347,176,116,54,37
1348,182,116,54,37
1349,184,116,54,37
1350,192,116,54,37
1351,204,116,54,37
1352,205,116,54,37
1353,209,116,54,37
1354,213,116,54,37
1355,215,116,54,37
1356,217,116,54,37
1357,217,116,54,37
1358,221,116,54,37
1359,225,116,54,37
1360,227,116,54,37
1361,232,116,54,37
1362,235,116,54,37
1363,235,116,54,37
1364,212,117,54,37
1365,220,117,54,37
1366,225,117,54,37
1367,230,117,54,37
1368,157,120,54,37
1369,231,118,54,37
1370,235,118,54,37
1371,235,118,54,37
1372,235,118,54,37
1373,218,119,54,37
1374,224,119,54,37
1375,229,119,54,37
1376,234,119,54,37
1377,217,120,54,37
1378,221,120,54,37
1379,221,120,54,37
1380,220,120,54,37
1381,221,120,54,37
1382,198,121,54,37
1383,201,121,54,37
1384,188,122,54,37
1385,192,122,54,37
1386,193,122,54,37
1387,200,122,54,37
1388,134,125,54,37
1389,137,125,54,37
1390,152,125,54,37
1391,161,125,54,37
1392,164,125,54,37
1393,153,126,54,37
1394,145,127,54,37
1395,152,127,54,37
1396,150,128,54,37
1397,141,131,54,37
1398,141,132,54,37
1399,135,135,54,37
1400,126,140,54,37
1401,131,141,54,37
1402,143,143,54,37
1403,134,145,54,37
1404,149,147,54,37
1405,154,148,54,37
1406,73,152,54,37
1407,83,152,54,37
1408,96,151,54,37
1409,104,148,54,37
1410,106,147,54,37
1411,118,143,54,37
1412,133,137,54,37
1413,145,135,54,37
1414,163,130,54,37
1415,155,128,54,37
1416,157,123,54,37
1417,168,119,54,37
1418,182,114,54,37
1419,186,113,54,37
1420,195,112,54,37
1421,202,112,54,37
1422,221,112,54,37
1423,229,113,54,37
1424,234,114,54,37
1425,235,115,54,37
1426,0,116,54,37
1427,4,116,54,37
1428,9,115,54,37
1429,41,113,54,37
1430,52,109,54,37
1431,57,107,54,37
1432,63,106,54,37
1433,69,104,54,37
1434,77,103,54,37
1435,86,102,54,37
1436,91,102,54,37
1437,81,103,54,37
1438,92,104,54,37
1439,109,106,54,37
1440,97,110,54,37
1441,106,112,54,37
1442,109,115,54,37
1443,121,118,54,37
1444,102,121,54,37
1445,111,123,54,37
1446,112,124,54,37
1447,125,124,54,37
1448,117,124,54,37
1449,118,123,54,37
1450,119,122,54,37
1451,136,121,54,37
1452,128,120,54,37
1453,128,119,54,37
1454,132,118,54,37
1455,143,117,54,37
1456,141,116,54,37
1457,138,115,54,37
1458,135,115,54,37
1459,132,115,54,37
1460,130,115,54,37
1461,126,115,54,37
1462,124,115,54,37
1463,122,115,54,37
1464,122,115,54,37
1465,120,115,54,37
1466,119,115,54,37
1467,117,116,54,37
1468,115,117,54,37
1469,113,118,54,37
1470,112,119,54,37
1471,112,120,54,37
1472,111,121,54,37
1473,111,122,54,37
1474,111,122,54,37
1475,109,124,54,37
1476,108,125,54,37
1477,108,125,54,37
1478,107,125,54,37
1479,106,125,54,37
1480,105,123,54,37
1481,104,121,54,37
1482,103,119,54,37
1483,102,117,54,37
1484,100,114,54,37
1485,100,112,54,37
1486,101,110,54,37
1487,101,107,54,37
1488,113,105,54,37
1489,172,13,54,37
1490,172,13,54,37
1491,144,10,54,37
1492,149,10,54,37
1493,157,9,54,37
1494,170,9,54,37
1495,114,8,54,37
1496,114,8,54,37
1497,177,128,54,37
1498,181,128,54,37
1499,186,128,54,37
1500,196,128,54,37
1501,180,127,54,37
1502,190,127,54,37
1503,171,126,54,37
1504,183,126,54,37
1505,162,125,54,37
1506,169,125,54,37
1507,122,123,54,37
1508,117,123,54,37
1509,111,123,54,37
1510,99,123,54,37
1511,167,126,54,37
1512,159,126,54,37
1513,141,126,54,37
1514,157,128,54,37
1515,159,128,54,37
1516,156,128,54,37
1517,171,129,54,37
1518,176,130,54,37
1519,182,131,54,37
1520,198,132,54,37
1521,203,133,54,37
1522,199,133,54,37
1523,198,133,54,37
1524,199,133,54,37
1525,200,133,54,37
1526,202,133,54,37
1527,191,132,54,37
1528,198,132,54,37
1529,160,130,54,37
1530,156,129,54,37
1531,146,128,54,37
1532,156,128,54,37
1533,144,127,54,37
1534,134,126,54,37
1535,161,127,54,37
1536,170,127,54,37
1537,144,125,54,37
1538,153,125,54,37
1539,167,125,54,37
1540,152,124,54,37
1541,168,124,54,37
1542,178,124,54,37
1543,185,125,54,37
1544,185,125,54,37
1545,182,125,54,37
1546,181,125,54,37
1547,149,124,54,37
1548,168,125,54,37
1549,200,127,54,37
1550,170,126,54,37
1551,175,127,54,37
1552,172,127,54,37
1553,165,127,54,37
1554,160,127,54,37
1555,169,128,54,37
1556,194,130,54,37
1557,200,131,54,37
1558,205,132,54,37
1559,210,132,54,37
1560,202,135,54,37
1561,160,134,54,37
1562,129,133,54,37
1563,129,134,54,37
1564,126,136,54,37
1565,138,137,54,37
1566,192,141,54,37
1567,134,139,54,37
1568,134,139,54,37
1569,153,141,54,37
1570,173,143,54,37
1571,182,144,54,37
1572,190,145,54,37
1573,176,145,54,37
1574,180,146,54,37
1575,185,147,54,37
1576,192,148,54,37
1577,189,149,54,37
1578,196,150,54,37
1579,201,151,54,37
1580,208,152,54,37
1581,213,153,54,37
1582,214,153,54,37
1583,220,154,54,37
1584,202,153,54,37
1585,205,153,54,37
1586,203,153,54,37
1587,209,153,54,37
1588,213,153,54,37
1589,207,152,54,37
1590,178,149,54,37
1591,166,147,54,37
1592,202,148,54,37
1593,207,146,54,37
1594,215,146,54,37
1595,208,144,54,37
1596,216,144,54,37
1597,179,137,54,37
1598,160,135,54,37
1599,181,135,54,37
1600,191,135,54,37
1601,196,134,54,37
1602,200,133,54,37
1603,204,133,54,37
1604,207,133,54,37
1605,206,131,54,37
1606,171,128,54,37
1607,175,128,54,37
1608,189,128,54,37
1609,194,127,54,37
1610,196,127,54,37
1611,202,126,54,37
1612,208,126,54,37
1613,209,126,54,37
1614,209,126,54,37
1615,209,126,54,37
1616,211,126,54,37
1617,214,126,54,37
1618,215,126,54,37
1619,215,126,54,37
1620,195,124,54,37
1621,175,122,54,37
1622,176,122,54,37
1623,178,122,54,37
1624,187,122,54,37
1625,198,123,54,37
1626,203,123,54,37
1627,170,50,54,37
1628,190,52,54,37
1629,44,106,54,37
1630,63,105,54,37
1631,79,103,54,37
1632,41,36,54,37
1633,61,36,54,37
1634,81,37,54,37
1635,114,34,54,37
1636,104,9,54,37
1637,125,11,54,37
1638,209,80,54,37
1639,197,42,54,37
1640,206,18,54,37
1641,213,17,54,37
1642,25,53,54,37
1643,33,54,54,37
1644,33,54,54,37
1645,31,54,54,37
1646,30,54,54,37
1647,30,54,54,37
1648,29,54,54,37
1649,27,54,54,37
1650,27,54,54,37
1651,1,52,54,37
1652,14,53,54,37
1653,26,54,54,37
1654,70,107,54,37
1655,78,109,54,37
1656,99,111,54,37
1657,109,112,54,37
1658,91,112,54,37
1659,101,113,54,37
1660,108,114,54,37
1661,89,112,54,37
1662,109,114,54,37
1663,110,114,54,37
1664,100,114,54,37
1665,120,116,54,37
1666,121,117,54,37
1667,141,120,54,37
1668,154,121,54,37
1669,154,121,54,37
1670,164,122,54,37
1671,172,123,54,37
1672,178,124,54,37
1673,171,123,54,37
1674,176,123,54,37
1675,187,124,54,37
1676,190,124,54,37
1677,190,124,54,37
1678,191,124,54,37
1679,182,123,54,37
1680,162,121,54,37
1681,175,122,54,37
1682,175,122,54,37
1683,177,122,54,37
1684,177,122,54,37
1685,179,122,54,37
1686,179,122,54,37
1687,179,122,54,37
1688,180,122,54,37
1689,190,123,54,37
1690,194,124,54,37
1691,176,122,54,37
1692,185,123,54,37
1693,189,123,54,37
1694,178,122,54,37
1695,190,123,54,37
1696,215,125,54,37
1697,216,125,54,37
1698,221,125,54,37
1699,25,104,54,37
1700,26,104,54,37
1701,42,105,54,37
1702,62,107,54,37
1703,75,108,54,37
1704,75,108,54,37
1705,75,108,54,37
1706,74,107,54,37
1707,74,107,54,37
1708,74,107,54,37
1709,74,107,54,37
1710,74,107,54,37
1711,73,107,54,37
1712,73,107,54,37
1713,73,107,54,37
1714,73,107,54,37
1715,136,115,54,37
1716,136,115,54,37
1717,136,115,54,37
1718,136,115,54,37
1719,135,115,54,37
1720,134,115,54,37
1721,133,115,54,37
1722,138,116,54,37
1723,136,116,54,37
1724,135,116,54,37
1725,134,116,54,37
1726,133,116,54,37
1727,132,116,54,37
1728,131,116,54,37
1729,131,116,54,37
1730,128,116,54,37
1731,127,116,54,37
1732,129,117,54,37
1733,125,117,54,37
1734,122,117,54,37
1735,121,117,54,37
1736,122,118,54,37
1737,124,120,54,37
1738,123,120,54,37
1739,123,121,54,37
1740,123,122,54,37
1741,123,123,54,37
1742,124,124,54,37
1743,123,125,54,37
1744,122,125,54,37
1745,123,126,54,37
1746,120,127,54,37
1747,119,127,54,37
1748,120,128,54,37
1749,120,129,54,37
1750,120,129,54,37
1751,141,132,54,37
1752,193,140,54,37
1753,200,141,54,37
1754,83,25,54,37
1755,83,25,54,37
1756,72,24,54,37
1757,74,24,54,37
1758,226,44,54,37
1759,227,44,54,37
1760,229,44,54,37
1761,217,42,54,37
1762,223,42,54,37
1763,225,42,54,37
1764,94,25,54,37
1765,129,28,54,37
1766,132,28,54,37
1767,126,26,54,37
1768,142,27,54,37
1769,174,29,54,37
1770,200,31,54,37
1771,206,31,54,37
1772,211,31,54,37
1773,207,30,54,37
1774,230,39,54,37
1775,235,40,54,37
1776,210,76,54,37
1777,210,76,54,37
1778,210,76,54,37
1779,211,76,54,37
1780,212,76,54,37
1781,212,76,54,37
1782,213,76,54,37
1783,214,76,54,37
1784,214,76,54,37
1785,214,76,54,37
1786,214,76,54,37
1787,214,76,54,37
1788,214,76,54,37
1789,213,76,54,37
1790,212,76,54,37
1791,211,76,54,37
1792,210,76,54,37
1793,209,76,54,37
1794,207,76,54,37
1795,204,76,54,37
1796,203,76,54,37
1797,203,76,54,37
1798,199,76,54,37
1799,198,76,54,37
1800,197,76,54,37
1801,195,76,54,37
1802,192,76,54,37
1803,191,76,54,37
1804,189,76,54,37
1805,187,76,54,37
1806,186,76,54,37
1807,183,76,54,37
1808,181,76,54,37
1809,179,76,54,37
1810,178,76,54,37
1811,174,76,54,37
1812,172,76,54,37
1813,171,76,54,37
1814,169,76,54,37
1815,164,76,54,37
1816,163,76,54,37
1817,168,77,54,37
1818,163,77,54,37
1819,168,78,54,37
1820,165,78,54,37
1821,160,78,54,37
1822,159,78,54,37
1823,155,78,54,37
1824,153,78,54,37
1825,152,78,54,37
1826,146,78,54,37
1827,146,78,54,37
1828,143,78,54,37
1829,140,78,54,37
1830,137,79,54,37
1831,136,79,54,37
1832,135,79,54,37
1833,134,79,54,37
1834,133,80,54,37
1835,132,81,54,37
1836,132,82,54,37
1837,133,83,54,37
1838,133,84,54,37
1839,133,84,54,37
1840,135,86,54,37
1841,135,87,54,37
1842,135,87,54,37
1843,136,89,54,37
1844,137,90,54,37
1845,137,90,54,37
1846,138,91,54,37
1847,138,91,54,37
1848,139,92,54,37
1849,139,93,54,37
1850,139,93,54,37
1851,139,93,54,37
1852,139,94,54,37
1853,139,95,54,37
1854,139,95,54,37
1855,139,95,54,37
1856,139,96,54,37
1857,139,96,54,37
1858,139,96,54,37
1859,139,96,54,37
1860,139,96,54,37
1861,139,96,54,37
1862,139,96,54,37
1863,139,96,54,37
1864,139,96,54,37
1865,138,96,54,37
1866,137,96,54,37
1867,137,96,54,37
1868,136,96,54,37
1869,136,96,54,37
1870,136,96,54,37
1871,136,96,54,37
1872,136,96,54,37
1873,136,96,54,37
1874,136,96,54,37
1875,136,95,54,37
1876,136,95,54,37
1877,135,94,54,37
1878,135,94,54,37
1879,135,94,54,37
1880,134,93,54,37
1881,134,93,54,37
1882,134,93,54,37
1883,134,93,54,37
1884,133,92,54,37
1885,134,92,54,37
1886,134,92,54,37
1887,136,92,54,37
1888,138,92,54,37
1889,140,92,54,37
1890,143,92,54,37
1891,145,92,54,37
1892,147,92,54,37
1893,150,92,54,37
1894,152,92,54,37
1895,153,92,54,37
1896,153,92,54,37
1897,159,93,54,37
1898,160,93,54,37
1899,160,93,54,37
1900,166,94,54,37
1901,170,95,54,37
1902,170,95,54,37
1903,174,96,54,37
1904,178,97,54,37
1905,182,98,54,37
1906,186,99,54,37
1907,198,102,54,37
1908,201,103,54,37
1909,205,104,54,37
1910,211,107,54,37
1911,214,108,54,37
1912,218,109,54,37
1913,223,112,54,37
1914,225,113,54,37
1915,230,115,54,37
1916,235,117,54,37
1917,235,118,54,37
1918,235,119,54,37
1919,234,120,54,37
1920,235,121,54,37
1921,234,121,54,37
1922,232,121,54,37
1923,235,122,54,37
1924,235,122,54,37
1925,233,122,54,37
1926,0,124,54,37
1927,0,124,54,37
1928,13,127,54,37
1929,12,127,54,37
1930,12,127,54,37
1931,12,127,54,37
1932,48,135,54,37
1933,48,135,54,37
1934,48,135,54,37
1935,48,135,54,37
1936,76,141,54,37
1937,89,144,54,37
1938,102,146,54,37
1939,111,147,54,37
1940,123,149,54,37
1941,133,150,54,37
1942,142,152,54,37
1943,153,155,54,37
1944,134,153,54,37
1945,135,153,54,37
1946,137,153,54,37
1947,138,153,54,37
1948,138,153,54,37
1949,138,153,54,37
1950,140,153,54,37
1951,140,153,54,37
1952,141,153,54,37
1953,142,153,54,37
1954,143,153,54,37
1955,155,155,54,37
1956,162,156,54,37
1957,168,157,54,37
1958,173,158,54,37
1959,194,163,54,37
1960,176,157,54,37
1961,177,157,54,37
1962,180,157,54,37
1963,183,157,54,37
1964,186,157,54,37
1965,188,157,54,37
1966,189,157,54,37
1967,190,157,54,37
1968,191,157,54,37
1969,194,157,54,37
1970,196,157,54,37
1971,201,158,54,37
1972,204,158,54,37
1973,207,158,54,37
1974,210,158,54,37
1975,212,158,54,37
1976,210,157,54,37
1977,212,157,54,37
1978,214,157,54,37
1979,220,158,54,37
1980,225,159,54,37
1981,229,160,54,37
1982,233,161,54,37
1983,203,153,54,37
1984,207,154,54,37
1985,196,151,54,37
1986,200,152,54,37
1987,203,153,54,37
1988,210,155,54,37
1989,214,156,54,37
1990,220,158,54,37
1991,224,159,54,37
1992,134,154,54,37
1993,146,160,54,37
1994,152,161,54,37
1995,80,30,54,37
1996,103,36,54,37
1997,209,76,54,37
1998,208,85,54,37
1999,213,93,54,37
2000,83,93,54,37
2001,108,99,54,37
2002,123,105,54,37
2003,131,106,54,37
2004,131,106,54,37
2005,42,154,54,37
2006,50,155,54,37
2007,116,4,54,37
2008,135,12,54,37
2009,159,20,54,37
2010,119,49,54,37
2011,142,56,54,37
2012,153,60,54,37
2013,124,15,54,37
2014,141,20,54,37
2015,164,27,54,37
2016,200,76,54,37
2017,206,78,54,37
2018,205,79,54,37
2019,202,79,54,37
2020,208,80,54,37
2021,209,80,54,37
2022,210,80,54,37
2023,213,80,54,37
2024,212,80,54,37
2025,212,80,54,37
2026,209,80,54,37
2027,207,80,54,37
2028,205,80,54,37
2029,203,80,54,37
2030,201,80,54,37
2031,199,80,54,37
2032,198,79,54,37
2033,199,78,54,37
2034,200,77,54,37
2035,201,77,54,37
2036,204,77,54,37
2037,204,77,54,37
2038,205,77,54,37
2039,207,76,54,37
2040,211,75,54,37
2041,211,75,54,37
2042,214,75,54,37
2043,217,75,54,37
2044,219,75,54,37
2045,220,75,54,37
2046,162,162,54,37
2047,170,161,54,37
2048,180,163,54,37
2049,175,160,54,37
2050,160,177,54,37
2051,165,178,54,37
2052,227,90,54,37
2053,228,89,54,37
2054,228,88,54,37
2055,228,87,54,37
2056,231,87,54,37
2057,233,87,54,37
2058,234,87,54,37
2059,235,86,54,37
2060,235,86,54,37
2061,235,86,54,37
2062,235,85,54,37
2063,235,84,54,37
2064,233,83,54,37
2065,232,83,54,37
2066,231,83,54,37
2067,230,83,54,37
2068,230,83,54,37
2069,235,85,54,37
2070,234,85,54,37
2071,234,85,54,37
2072,234,85,54,37
2073,235,86,54,37
2074,234,86,54,37
2075,235,87,54,37
2076,165,41,54,37
2077,169,42,54,37
2078,185,46,54,37
2079,192,48,54,37
2080,200,49,54,37
2081,191,46,54,37
2082,200,48,54,37
2083,213,52,54,37
2084,31,45,54,37
2085,31,45,54,37
2086,31,45,54,37
2087,31,45,54,37
2088,31,45,54,37
2089,32,45,54,37
2090,32,45,54,37
2091,32,45,54,37
2092,34,45,54,37
2093,34,45,54,37
2094,33,45,54,37
2095,34,46,54,37
2096,41,48,54,37
2097,44,49,54,37
2098,44,49,54,37
2099,43,49,54,37
2100,44,49,54,37
2101,46,49,54,37
2102,48,49,54,37
2103,49,49,54,37
2104,49,49,54,37
2105,49,49,54,37
2106,50,49,54,37
2107,50,49,54,37
2108,50,49,54,37
2109,50,49,54,37
2110,50,49,54,37
2111,49,49,54,37
2112,49,49,54,37
2113,48,49,54,37
2114,47,49,54,37
2115,47,49,54,37
2116,47,49,54,37
2117,46,49,54,37
2118,45,49,54,37
2119,45,49,54,37
2120,44,49,54,37
2121,43,49,54,37
2122,42,49,54,37
2123,41,49,54,37
2124,41,49,54,37
2125,41,49,54,37
2126,42,50,54,37
2127,42,50,54,37
2128,42,51,54,37
2129,43,52,54,37
2130,44,53,54,37
2131,44,53,54,37
2132,44,53,54,37
2133,46,55,54,37
2134,47,56,54,37
2135,48,57,54,37
2136,48,58,54,37
2137,49,59,54,37
2138,49,59,54,37
2139,50,60,54,37
2140,51,61,54,37
2141,51,61,54,37
2142,52,62,54,37
2143,53,63,54,37
2144,53,63,54,37
2145,55,64,54,37
2146,56,65,54,37
2147,57,65,54,37
2148,57,65,54,37
2149,60,65,54,37
2150,61,65,54,37
2151,62,66,54,37
2152,63,66,54,37
2153,65,66,54,37
2154,66,66,54,37
2155,70,65,54,37
2156,72,65,54,37
2157,73,65,54,37
2158,78,65,54,37
2159,79,65,54,37
2160,80,65,54,37
2161,82,65,54,37
2162,86,65,54,37
2163,89,65,54,37
2164,91,65,54,37
2165,93,65,54,37
2166,94,65,54,37
2167,98,65,54,37
2168,99,65,54,37
2169,99,65,54,37
2170,101,64,54,37
2171,102,64,54,37
2172,102,64,54,37
2173,101,63,54,37
2174,100,62,54,37
2175,99,61,54,37
2176,98,60,54,37
2177,97,59,54,37
2178,97,59,54,37
2179,97,59,54,37
2180,96,58,54,37
2181,96,58,54,37
2182,96,58,54,37
2183,96,58,54,37
2184,96,58,54,37
2185,97,59,54,37
2186,97,59,54,37
2187,97,59,54,37
2188,97,59,54,37
2189,99,60,54,37
2190,99,60,54,37
2191,99,60,54,37
2192,99,60,54,37
2193,101,61,54,37
2194,101,61,54,37
2195,102,62,54,37
2196,102,62,54,37
2197,102,62,54,37
2198,101,62,54,37
2199,100,62,54,37
2200,100,62,54,37
2201,99,62,54,37
2202,99,62,54,37
2203,99,62,54,37
2204,98,62,54,37
2205,97,62,54,37
2206,96,62,54,37
2207,95,62,54,37
2208,95,62,54,37
2209,94,62,54,37
2210,94,62,54,37
2211,94,62,54,37
2212,94,62,54,37
2213,93,62,54,37
2214,92,62,54,37
2215,92,62,54,37
2216,92,62,54,37
2217,89,61,54,37
2218,89,61,54,37
2219,89,61,54,37
2220,84,59,54,37
2221,82,58,54,37
2222,77,56,54,37
2223,74,55,54,37
2224,68,53,54,37
2225,60,50,54,37
2226,54,48,54,37
2227,50,47,54,37
2228,49,47,54,37
2229,42,46,54,37
2230,40,46,54,37
2231,39,46,54,37
2232,38,47,54,37
2233,36,48,54,37
2234,35,48,54,37
2235,32,49,54,37
2236,32,50,54,37
2237,32,50,54,37
2238,32,51,54,37
2239,32,52,54,37
2240,33,53,54,37
2241,43,58,54,37
2242,44,59,54,37
2243,46,60,54,37
2244,56,64,54,37
2245,61,66,54,37
2246,66,68,54,37
2247,71,70,54,37
2248,81,74,54,37
2249,83,75,54,37
2250,88,77,54,37
2251,98,81,54,37
2252,106,84,54,37
2253,106,84,54,37
2254,113,87,54,37
2255,116,88,54,37
2256,121,90,54,37
2257,127,92,54,37
2258,130,93,54,37
2259,132,94,54,37
2260,139,97,54,37
2261,143,98,54,37
2262,146,99,54,37
2263,151,101,54,37
2264,155,102,54,37
2265,159,103,54,37
2266,166,105,54,37
2267,172,107,54,37
2268,179,109,54,37
2269,184,110,54,37
2270,189,111,54,37
2271,194,112,54,37
2272,201,114,54,37
2273,206,115,54,37
2274,211,116,54,37
2275,211,116,54,37
2276,219,117,54,37
2277,224,118,54,37
2278,225,118,54,37
2279,231,117,54,37
2280,234,117,54,37
2281,235,117,54,37
2282,217,96,54,37
2283,220,96,54,37
2284,221,96,54,37
2285,224,95,54,37
2286,229,96,54,37
2287,230,96,54,37
2288,234,95,54,37
2289,234,94,54,37
2290,235,94,54,37
2291,234,92,54,37
2292,234,91,54,37
2293,234,90,54,37
2294,235,88,54,37
2295,235,87,54,37
2296,235,87,54,37
2297,235,86,54,37
2298,235,85,54,37
2299,235,85,54,37
2300,235,85,54,37
2301,235,85,54,37
2302,234,86,54,37
2303,235,90,54,37
2304,235,91,54,37
2305,235,92,54,37
2306,0,94,54,37
2307,9,97,54,37
2308,20,100,54,37
2309,23,101,54,37
2310,39,106,54,37
2311,49,109,54,37
2312,65,114,54,37
2313,80,119,54,37
2314,94,124,54,37
2315,111,130,54,37
2316,126,135,54,37
2317,137,139,54,37
2318,147,143,54,37
2319,150,144,54,37
2320,55,114,54,37
2321,74,121,54,37
2322,77,122,54,37
2323,97,129,54,37
2324,110,134,54,37
2325,124,139,54,37
2326,140,135,54,37
2327,157,141,54,37
2328,167,145,54,37
2329,176,149,54,37
2330,183,153,54,37
2331,183,153,54,37
2332,191,156,54,37
2333,192,157,54,37
2334,199,160,54,37
2335,199,160,54,37
2336,187,158,54,37
2337,198,162,54,37
2338,197,162,54,37
2339,203,165,54,37
2340,210,169,54,37
2341,213,170,54,37
2342,221,173,54,37
2343,227,176,54,37
2344,232,178,54,37
2345,235,179,54,37
2346,88,134,54,37
2347,99,138,54,37
2348,112,142,54,37
2349,118,144,54,37
2350,132,149,54,37
2351,135,150,54,37
2352,145,154,54,37
2353,156,159,54,37
2354,159,160,54,37
2355,165,163,54,37
2356,19,118,54,37
2357,22,119,54,37
2358,34,123,54,37
2359,46,127,54,37
2360,61,132,54,37
2361,80,138,54,37
2362,86,140,54,37
2363,102,145,54,37
2364,119,150,54,37
2365,128,152,54,37
2366,132,153,54,37
2367,144,155,54,37
2368,150,155,54,37
2369,160,157,54,37
2370,171,160,54,37
2371,179,162,54,37
2372,83,132,54,37
2373,90,134,54,37
2374,97,136,54,37
2375,110,141,54,37
2376,122,145,54,37
2377,130,148,54,37
2378,142,152,54,37
2379,174,162,54,37
2380,184,164,54,37
2381,191,166,54,37
2382,195,167,54,37
2383,64,169,54,37
2384,80,174,54,37
2385,83,175,54,37
2386,95,175,54,37
2387,105,178,54,37
2388,112,179,54,37
2389,153,48,54,37
2390,158,50,54,37
2391,163,52,54,37
2392,174,56,54,37
2393,179,58,54,37
2394,184,60,54,37
2395,192,63,54,37
2396,197,65,54,37
2397,202,67,54,37
2398,203,67,54,37
2399,209,69,54,37
2400,214,71,54,37
2401,215,71,54,37
2402,221,74,54,37
2403,226,76,54,37
2404,227,76,54,37
2405,232,78,54,37
2406,235,80,54,37
2407,235,80,54,37
2408,235,82,54,37
2409,235,83,54,37
2410,235,85,54,37
2411,235,86,54,37
2412,0,88,54,37
2413,2,89,54,37
2414,2,89,54,37
2415,26,97,54,37
2416,31,99,54,37
2417,34,100,54,37
2418,41,103,54,37
2419,42,104,54,37
2420,41,104,54,37
2421,47,107,54,37
2422,57,111,54,37
2423,56,111,54,37
2424,46,109,54,37
2425,45,109,54,37
2426,45,109,54,37
2427,48,110,54,37
2428,48,110,54,37
2429,48,110,54,37
2430,48,110,54,37
2431,48,110,54,37
2432,48,110,54,37
2433,48,110,54,37
2434,48,110,54,37
2435,48,110,54,37
2436,48,110,54,37
2437,48,110,54,37
2438,49,110,54,37
2439,49,110,54,37
2440,51,110,54,37
2441,53,110,54,37
2442,53,110,54,37
2443,56,110,54,37
2444,58,110,54,37
2445,58,109,54,37
2446,60,107,54,37
2447,62,106,54,37
2448,63,104,54,37
2449,67,102,54,37
2450,69,101,54,37
2451,72,100,54,37
2452,65,94,54,37
2453,77,96,54,37
2454,80,95,54,37
2455,82,93,54,37
2456,83,92,54,37
2457,84,91,54,37
2458,85,91,54,37
2459,87,88,54,37
2460,84,86,54,37
2461,85,84,54,37
2462,85,83,54,37
2463,85,82,54,37
2464,85,80,54,37
2465,87,80,54,37
2466,87,79,54,37
2467,88,79,54,37
2468,88,77,54,37
2469,88,76,54,37
2470,89,76,54,37
2471,89,75,54,37
2472,89,74,54,37
2473,89,73,54,37
2474,90,72,54,37
2475,90,71,54,37
2476,90,70,54,37
2477,91,70,54,37
2478,92,68,54,37
2479,92,67,54,37
2480,93,67,54,37
2481,95,66,54,37
2482,96,66,54,37
2483,96,66,54,37
2484,97,66,54,37
2485,97,66,54,37
2486,97,66,54,37
2487,97,66,54,37
2488,97,66,54,37
2489,97,66,54,37
2490,97,65,54,37
2491,98,65,54,37
2492,99,65,54,37
2493,98,64,54,37
2494,99,64,54,37
2495,98,63,54,37
2496,99,63,54,37
2497,100,63,54,37
2498,100,63,54,37
2499,101,63,54,37
2500,101,63,54,37
2501,101,63,54,37
2502,101,63,54,37
2503,101,63,54,37
2504,101,63,54,37
2505,101,63,54,37
2506,101,63,54,37
2507,101,63,54,37
2508,101,63,54,37
2509,101,63,54,37
2510,101,63,54,37
2511,101,63,54,37
2512,101,63,54,37
2513,101,63,54,37
2514,101,63,54,37
2515,101,63,54,37
2516,101,63,54,37
2517,101,63,54,37
2518,101,63,54,37
2519,101,63,54,37
2520,102,63,54,37
2521,102,63,54,37
2522,103,63,54,37
2523,103,63,54,37
2524,103,63,54,37
2525,104,63,54,37
2526,104,62,54,37
2527,104,62,54,37
2528,105,62,54,37
2529,106,62,54,37
2530,106,62,54,37
2531,105,61,54,37
2532,105,60,54,37
2533,105,60,54,37
2534,105,59,54,37
2535,106,58,54,37
2536,106,58,54,37
2537,107,57,54,37
2538,107,56,54,37
2539,107,55,54,37
2540,107,53,54,37
2541,107,52,54,37
2542,107,51,54,37
2543,108,49,54,37
2544,108,48,54,37
2545,108,47,54,37
2546,109,47,54,37
2547,111,46,54,37
2548,112,44,54,37
2549,113,44,54,37
2550,115,43,54,37
2551,116,43,54,37
2552,116,43,54,37
2553,118,43,54,37
2554,119,43,54,37
2555,119,43,54,37
2556,122,45,54,37
2557,124,46,54,37
2558,124,46,54,37
2559,127,48,54,37
2560,129,49,54,37
2561,129,49,54,37
2562,131,50,54,37
2563,133,51,54,37
2564,136,52,54,37
2565,139,53,54,37
2566,140,53,54,37
2567,141,53,54,37
2568,145,54,54,37
2569,146,54,54,37
2570,148,54,54,37
2571,151,54,54,37
2572,153,54,54,37
2573,156,54,54,37
2574,159,54,54,37
2575,162,54,54,37
2576,163,54,54,37
2577,166,54,54,37
2578,170,54,54,37
2579,171,54,54,37
2580,174,54,54,37
2581,176,54,54,37
2582,177,53,54,37
2583,178,52,54,37
2584,177,51,54,37
2585,176,50,54,37
2586,176,50,54,37
2587,171,47,54,37
2588,169,46,54,37
2589,169,46,54,37
2590,160,42,54,37
2591,158,41,54,37
2592,158,41,54,37
2593,154,39,54,37
2594,149,37,54,37
2595,149,37,54,37
2596,144,36,54,37
2597,141,36,54,37
2598,140,36,54,37
2599,136,36,54,37
2600,133,37,54,37
2601,132,37,54,37
2602,130,39,54,37
2603,125,41,54,37
2604,124,41,54,37
2605,121,44,54,37
2606,120,45,54,37
2607,119,45,54,37
2608,117,47,54,37
2609,115,47,54,37
2610,115,47,54,37
2611,112,47,54,37
2612,111,48,54,37
2613,111,48,54,37
2614,110,49,54,37
2615,110,50,54,37
2616,109,50,54,37
2617,108,51,54,37
2618,104,51,54,37
2619,104,51,54,37
2620,101,51,54,37
2621,99,51,54,37
2622,97,51,54,37
2623,95,51,54,37
2624,95,51,54,37
2625,95,51,54,37
2626,95,51,54,37
2627,95,51,54,37
2628,95,51,54,37
2629,95,51,54,37
2630,95,51,54,37
2631,91,50,54,37
2632,91,50,54,37
2633,91,50,54,37
2634,90,50,54,37
2635,90,50,54,37
2636,90,50,54,37
2637,90,50,54,37
2638,90,50,54,37
2639,90,50,54,37
2640,91,50,54,37
2641,91,50,54,37
2642,89,49,54,37
2643,90,49,54,37
2644,98,51,54,37
2645,99,51,54,37
2646,100,51,54,37
2647,100,51,54,37
2648,106,53,54,37
2649,105,53,54,37
2650,104,53,54,37
2651,102,53,54,37
2652,109,56,54,37
2653,111,57,54,37
2654,112,58,54,37
2655,111,59,54,37
2656,112,60,54,37
2657,113,61,54,37
2658,113,62,54,37
2659,114,63,54,37
2660,113,63,54,37
2661,113,63,54,37
2662,113,64,54,37
2663,112,64,54,37
2664,112,64,54,37
2665,113,65,54,37
2666,113,66,54,37
2667,112,66,54,37
2668,112,67,54,37
2669,112,68,54,37
2670,112,68,54,37
2671,112,69,54,37
2672,112,70,54,37
2673,112,70,54,37
2674,113,72,54,37
2675,111,72,54,37
2676,110,72,54,37
2677,106,72,54,37
2678,105,72,54,37
2679,105,72,54,37
2680,105,72,54,37
2681,106,72,54,37
2682,106,72,54,37
2683,107,72,54,37
2684,92,67,54,37
2685,92,67,54,37
2686,93,67,54,37
2687,91,66,54,37
2688,91,66,54,37
2689,92,66,54,37
2690,92,66,54,37
2691,92,66,54,37
2692,92,66,54,37
2693,92,66,54,37
2694,92,66,54,37
2695,92,66,54,37
2696,91,66,54,37
2697,87,65,54,37
2698,87,65,54,37
2699,86,65,54,37
2700,86,65,54,37
2701,89,66,54,37
2702,92,67,54,37
2703,98,69,54,37
2704,98,69,54,37
2705,95,68,54,37
2706,88,66,54,37
2707,88,66,54,37
2708,87,66,54,37
2709,86,66,54,37
2710,86,66,54,37
2711,85,66,54,37
2712,94,69,54,37
2713,94,69,54,37
2714,92,69,54,37
2715,92,69,54,37
2716,92,69,54,37
2717,91,69,54,37
2718,90,69,54,37
2719,90,69,54,37
2720,89,69,54,37
2721,89,69,54,37
2722,89,69,54,37
2723,87,68,54,37
2724,87,68,54,37
2725,87,68,54,37
2726,87,68,54,37
2727,84,67,54,37
2728,84,67,54,37
2729,83,67,54,37
2730,83,67,54,37
2731,83,67,54,37
2732,83,67,54,37
2733,83,67,54,37
2734,83,67,54,37
2735,83,67,54,37
2736,83,67,54,37
2737,83,67,54,37
2738,81,66,54,37
2739,81,66,54,37
2740,81,66,54,37
2741,80,65,54,37
2742,80,65,54,37
2743,80,65,54,37
2744,80,65,54,37
2745,80,65,54,37
2746,80,65,54,37
2747,80,65,54,37
2748,79,65,54,37
2749,78,65,54,37
2750,78,65,54,37
2751,77,65,54,37
2752,76,65,54,37
2753,75,65,54,37
2754,74,65,54,37
2755,73,65,54,37
2756,72,65,54,37
2757,72,65,54,37
2758,70,65,54,37
2759,69,65,54,37
2760,69,66,54,37
2761,68,66,54,37
2762,67,66,54,37
2763,68,67,54,37
2764,67,67,54,37
2765,66,67,54,37
2766,66,67,54,37
2767,67,68,54,37
2768,67,68,54,37
2769,67,68,54,37
2770,59,66,54,37
2771,59,66,54,37
2772,59,66,54,37
2773,66,68,54,37
2774,70,69,54,37
2775,70,69,54,37
2776,70,69,54,37
2777,93,75,54,37
2778,94,75,54,37
2779,94,75,54,37
2780,96,75,54,37
2781,97,74,54,37
2782,98,74,54,37
2783,98,74,54,37
2784,99,73,54,37
2785,100,72,54,37
2786,100,72,54,37
2787,101,71,54,37
2788,101,70,54,37
2789,102,69,54,37
2790,103,68,54,37
2791,103,67,54,37
2792,104,66,54,37
2793,105,65,54,37
2794,106,64,54,37
2795,106,64,54,37
2796,106,63,54,37
2797,106,62,54,37
2798,106,62,54,37
2799,106,62,54,37
2800,107,61,54,37
2801,107,61,54,37
2802,107,61,54,37
2803,107,61,54,37
2804,107,61,54,37
2805,107,61,54,37
2806,107,61,54,37
2807,107,61,54,37
2808,107,61,54,37
2809,107,61,54,37
2810,107,61,54,37
2811,107,61,54,37
2812,107,61,54,37
2813,107,61,54,37
2814,107,61,54,37
2815,107,61,54,37
2816,107,61,54,37
