14-LongDuration 8
1,1,182,41,142
2,1,182,41,142
3,1,182,41,142
4,1,182,41,142
5,1,182,41,142
6,10,180,41,142
7,10,180,41,142
8,10,180,41,142
9,16,179,41,142
10,16,179,41,142
11,21,178,41,142
12,21,178,41,142
13,26,177,41,142
14,26,177,41,142
15,26,177,41,142
16,33,175,41,142
17,33,175,41,142
18,37,174,41,142
19,37,174,41,142
20,37,174,41,142
21,40,173,41,142
22,40,173,41,142
23,40,173,41,142
24,45,172,41,142
25,45,171,41,142
26,45,171,41,142
27,45,171,41,142
28,53,169,41,142
29,53,169,41,142
30,53,169,41,142
31,57,167,41,142
32,57,167,41,142
33,57,167,41,142
34,57,167,41,142
35,57,167,41,142
36,57,167,41,142
37,57,167,41,142
38,57,167,41,142
39,57,166,41,142
40,57,166,41,142
41,57,166,41,142
42,57,166,41,142
43,57,166,41,142
44,57,166,41,142
45,57,166,41,142
46,57,166,41,142
47,57,166,41,142
48,57,166,41,142
49,57,166,41,142
50,57,166,41,142
51,57,165,41,142
52,57,164,41,142
53,57,164,41,142
54,57,164,41,142
55,57,164,41,142
56,57,164,41,142
57,57,164,41,142
58,57,164,41,142
59,57,164,41,142
60,57,164,41,142
61,57,164,41,142
62,57,164,41,142
63,57,164,41,142
64,57,164,41,142
65,57,164,41,142
66,57,164,41,142
67,57,164,41,142
68,57,164,41,142
69,57,164,41,142
70,57,164,41,142
71,57,164,41,142
72,57,164,41,142
73,57,164,41,142
74,57,164,41,142
75,57,162,41,142
76,57,161,41,142
77,57,161,41,142
78,57,161,41,142
79,57,161,41,142
80,57,161,41,142
81,57,161,41,142
82,57,161,41,142
83,57,161,41,142
84,57,161,41,142
85,57,161,41,142
86,57,161,41,142
87,57,160,41,142
88,57,160,41,142
89,57,160,41,142
90,57,160,41,142
91,57,160,41,142
92,57,160,41,142
93,57,160,41,142
94,57,160,41,142
95,57,160,41,142
96,57,160,41,142
97,57,160,41,142
98,57,160,41,142
99,57,160,41,142
100,57,160,41,142
101,57,160,41,142
102,57,159,41,142
103,57,159,41,142
104,57,159,41,142
105,57,159,41,142
106,57,159,41,142
107,57,159,41,142
108,57,159,41,142
109,57,159,41,142
110,57,159,41,142
111,57,159,41,142
112,57,159,41,142
113,57,159,41,142
114,57,159,41,142
115,57,159,41,142
116,57,159,41,142
117,57,159,41,142
118,57,159,41,142
119,57,159,41,142
120,57,159,41,142
121,57,159,41,142
122,57,159,41,142
123,57,159,41,142
124,57,159,41,142
125,57,159,41,142
126,57,159,41,142
127,57,159,41,142
128,57,159,41,142
129,57,159,41,142
130,57,159,41,142
131,57,159,41,142
132,57,159,41,142
133,57,159,41,142
134,57,159,41,142
135,57,159,41,142
136,57,159,41,142
137,57,159,41,142
138,57,159,41,142
139,57,159,41,142
140,57,159,41,142
141,57,159,41,142
142,57,159,41,142
143,57,159,41,142
144,57,159,41,142
145,57,159,41,142
146,57,159,41,142
147,57,159,41,142
148,57,159,41,142
149,57,159,41,142
150,57,159,41,142
151,57,159,41,142
152,57,159,41,142
153,57,159,41,142
154,57,159,41,142
155,57,159,41,142
156,57,159,41,142
157,57,159,41,142
158,57,159,41,142
159,57,159,41,142
160,57,159,41,142
161,57,159,41,142
162,57,159,41,142
163,57,158,41,142
164,57,158,41,142
165,57,158,41,142
166,57,158,41,142
167,57,158,41,142
168,57,158,41,142
169,57,158,41,142
170,57,158,41,142
171,57,157,41,142
172,57,156,41,142
173,57,156,41,142
174,57,156,41,142
175,57,156,41,142
176,57,156,41,142
177,57,156,41,142
178,57,156,41,142
179,57,156,41,142
180,57,156,41,142
181,57,156,41,142
182,57,156,41,142
183,57,156,41,142
184,57,156,41,142
185,57,156,41,142
186,57,156,41,142
187,57,156,41,142
188,57,156,41,142
189,57,156,41,142
190,57,156,41,142
191,57,155,41,142
192,57,155,41,142
193,57,155,41,142
194,57,155,41,142
195,57,155,41,142
196,57,155,41,142
197,57,155,41,142
198,57,155,41,142
199,57,155,41,142
200,57,155,41,142
201,57,155,41,142
202,57,155,41,142
203,57,155,41,142
204,57,155,41,142
205,57,155,41,142
206,57,155,41,142
207,57,155,41,142
208,57,155,41,142
209,57,155,41,142
210,57,155,41,142
211,57,155,41,142
212,57,155,41,142
213,57,155,41,142
214,57,155,41,142
215,57,155,41,142
216,57,155,41,142
217,57,155,41,142
218,57,156,41,142
219,57,156,41,142
220,57,156,41,142
221,57,156,41,142
222,57,156,41,142
223,57,156,41,142
224,57,156,41,142
225,57,156,41,142
226,57,156,41,142
227,57,156,41,142
228,57,156,41,142
229,57,155,41,142
230,57,155,41,142
231,57,154,41,142
232,57,154,41,142
233,57,153,41,142
234,57,153,41,142
235,57,153,41,142
236,57,153,41,142
237,57,153,41,142
238,57,153,41,142
239,57,153,41,142
240,57,153,41,142
241,57,153,41,142
242,57,153,41,142
243,57,153,41,142
244,57,152,41,142
245,57,152,41,142
246,57,152,41,142
247,57,152,41,142
248,57,152,41,142
249,57,152,41,142
250,57,152,41,142
251,57,152,41,142
252,57,152,41,142
253,57,152,41,142
254,57,151,41,142
255,57,151,41,142
256,57,151,41,142
257,57,151,41,142
258,57,151,41,142
259,57,151,41,142
260,57,151,41,142
261,57,151,41,142
262,57,151,41,142
263,57,151,41,142
264,57,151,41,142
265,57,151,41,142
266,57,151,41,142
267,57,151,41,142
268,57,151,41,142
269,57,150,41,142
270,57,150,41,142
271,57,149,41,142
272,57,149,41,142
273,57,149,41,142
274,57,149,41,142
275,57,149,41,142
276,57,149,41,142
277,57,149,41,142
278,57,149,41,142
279,57,149,41,142
280,57,149,41,142
281,57,149,41,142
282,57,149,41,142
283,57,149,41,142
284,57,150,41,142
285,57,150,41,142
286,57,150,41,142
287,57,150,41,142
288,57,150,41,142
289,57,149,41,142
290,57,149,41,142
291,57,149,41,142
292,57,149,41,142
293,57,149,41,142
294,57,149,41,142
295,57,148,41,142
296,57,148,41,142
297,57,147,41,142
298,57,147,41,142
299,57,147,41,142
300,57,147,41,142
301,57,147,41,142
302,57,147,41,142
303,57,147,41,142
304,57,147,41,142
305,57,147,41,142
306,57,147,41,142
307,57,147,41,142
308,57,147,41,142
309,57,147,41,142
310,57,147,41,142
311,57,147,41,142
312,57,147,41,142
313,57,147,41,142
314,57,147,41,142
315,57,147,41,142
316,57,147,41,142
317,57,147,41,142
318,57,147,41,142
319,57,147,41,142
320,57,147,41,142
321,57,147,41,142
322,57,147,41,142
323,57,147,41,142
324,57,147,41,142
325,57,147,41,142
326,57,147,41,142
327,57,147,41,142
328,57,147,41,142
329,57,147,41,142
330,57,147,41,142
331,57,147,41,142
332,57,147,41,142
333,57,147,41,142
334,57,147,41,142
335,57,147,41,142
336,57,147,41,142
337,57,147,41,142
338,57,147,41,142
339,57,147,41,142
340,57,147,41,142
341,57,147,41,142
342,57,147,41,142
343,57,147,41,142
344,57,147,41,142
345,57,147,41,142
346,57,146,41,142
347,57,146,41,142
348,57,146,41,142
349,57,146,41,142
350,57,146,41,142
351,57,146,41,142
352,57,146,41,142
353,57,146,41,142
354,57,145,41,142
355,57,145,41,142
356,57,145,41,142
357,57,145,41,142
358,57,144,41,142
359,57,144,41,142
360,57,145,41,142
361,57,145,41,142
362,57,145,41,142
363,57,145,41,142
364,57,145,41,142
365,57,145,41,142
366,57,145,41,142
367,57,145,41,142
368,57,145,41,142
369,57,145,41,142
370,57,145,41,142
371,57,145,41,142
372,57,145,41,142
373,57,145,41,142
374,57,145,41,142
375,57,145,41,142
376,57,144,41,142
377,57,144,41,142
378,57,144,41,142
379,57,144,41,142
380,57,144,41,142
381,57,144,41,142
382,57,144,41,142
383,57,144,41,142
384,57,144,41,142
385,57,144,41,142
386,57,144,41,142
387,57,144,41,142
388,57,144,41,142
389,57,144,41,142
390,57,144,41,142
391,57,144,41,142
392,57,144,41,142
393,57,144,41,142
394,57,144,41,142
395,57,144,41,142
396,57,144,41,142
397,57,144,41,142
398,57,144,41,142
399,57,145,41,142
400,57,145,41,142
401,57,145,41,142
402,57,145,41,142
403,57,145,41,142
404,57,145,41,142
405,57,145,41,142
406,57,145,41,142
407,57,144,41,142
408,57,144,41,142
409,57,144,41,142
410,57,144,41,142
411,57,143,41,142
412,57,143,41,142
413,57,143,41,142
414,57,143,41,142
415,57,143,41,142
416,57,143,41,142
417,57,143,41,142
418,57,143,41,142
419,57,143,41,142
420,57,143,41,142
421,57,143,41,142
422,57,143,41,142
423,57,143,41,142
424,57,143,41,142
425,57,143,41,142
426,57,143,41,142
427,57,143,41,142
428,57,143,41,142
429,57,143,41,142
430,57,143,41,142
431,57,143,41,142
432,57,143,41,142
433,57,143,41,142
434,57,143,41,142
435,57,143,41,142
436,57,144,41,142
437,57,144,41,142
438,57,144,41,142
439,57,144,41,142
440,57,144,41,142
441,57,144,41,142
442,57,144,41,142
443,57,144,41,142
444,57,144,41,142
445,57,144,41,142
446,57,144,41,142
447,57,144,41,142
448,57,144,41,142
449,57,144,41,142
450,57,144,41,142
451,57,144,41,142
452,57,144,41,142
453,57,144,41,142
454,57,144,41,142
455,57,144,41,142
456,57,144,41,142
457,57,144,41,142
458,57,144,41,142
459,57,144,41,142
460,57,144,41,142
461,57,144,41,142
462,57,144,41,142
463,57,144,41,142
464,57,144,41,142
465,57,144,41,142
466,57,144,41,142
467,57,144,41,142
468,57,144,41,142
469,57,144,41,142
470,57,144,41,142
471,57,144,41,142
472,57,143,41,142
473,57,143,41,142
474,57,142,41,142
475,57,141,41,142
476,57,141,41,142
477,57,141,41,142
478,57,141,41,142
479,57,141,41,142
480,57,141,41,142
481,57,141,41,142
482,57,141,41,142
483,57,141,41,142
484,57,141,41,142
485,57,141,41,142
486,57,141,41,142
487,57,141,41,142
488,57,141,41,142
489,57,140,41,142
490,57,140,41,142
491,57,140,41,142
492,57,140,41,142
493,57,140,41,142
494,57,140,41,142
495,57,140,41,142
496,57,140,41,142
497,57,140,41,142
498,57,140,41,142
499,57,140,41,142
500,57,140,41,142
501,57,140,41,142
502,57,140,41,142
503,57,139,41,142
504,57,139,41,142
505,57,139,41,142
506,57,139,41,142
507,57,139,41,142
508,57,139,41,142
509,57,139,41,142
510,57,139,41,142
511,57,138,41,142
512,57,138,41,142
513,57,138,41,142
514,57,138,41,142
515,57,138,41,142
516,57,138,41,142
517,57,138,41,142
518,57,138,41,142
519,57,138,41,142
520,57,138,41,142
521,57,138,41,142
522,57,137,41,142
523,57,137,41,142
524,57,137,41,142
525,57,136,41,142
526,57,136,41,142
527,57,136,41,142
528,57,136,41,142
529,57,136,41,142
530,57,136,41,142
531,57,136,41,142
532,57,136,41,142
533,57,136,41,142
534,57,136,41,142
535,57,136,41,142
536,57,136,41,142
537,57,136,41,142
538,57,136,41,142
539,57,136,41,142
540,57,136,41,142
541,57,136,41,142
542,57,136,41,142
543,57,136,41,142
544,57,136,41,142
545,57,135,41,142
546,57,135,41,142
547,57,135,41,142
548,57,135,41,142
549,57,135,41,142
550,57,135,41,142
551,57,133,41,142
552,57,133,41,142
553,57,132,41,142
554,57,132,41,142
555,57,132,41,142
556,57,132,41,142
557,57,131,41,142
558,57,131,41,142
559,57,131,41,142
560,57,131,41,142
561,57,131,41,142
562,57,130,41,142
563,57,130,41,142
564,57,130,41,142
565,57,130,41,142
566,57,130,41,142
567,57,130,41,142
568,57,130,41,142
569,57,130,41,142
570,57,130,41,142
571,57,130,41,142
572,57,130,41,142
573,57,130,41,142
574,57,130,41,142
575,57,130,41,142
576,57,130,41,142
577,57,130,41,142
578,57,130,41,142
579,57,130,41,142
580,57,131,41,142
581,57,131,41,142
582,57,131,41,142
583,57,131,41,142
584,57,131,41,142
585,57,131,41,142
586,57,131,41,142
587,57,131,41,142
588,57,131,41,142
589,57,131,41,142
590,57,131,41,142
591,57,131,41,142
592,57,131,41,142
593,57,131,41,142
594,57,131,41,142
595,57,131,41,142
596,57,131,41,142
597,57,131,41,142
598,57,132,41,142
599,57,132,41,142
600,57,132,41,142
601,57,132,41,142
602,57,132,41,142
603,57,132,41,142
604,57,132,41,142
605,57,131,41,142
606,57,131,41,142
607,57,131,41,142
608,57,131,41,142
609,57,131,41,142
610,57,131,41,142
611,57,131,41,142
612,57,131,41,142
613,57,131,41,142
614,57,131,41,142
615,57,130,41,142
616,57,129,41,142
617,57,129,41,142
618,57,129,41,142
619,57,129,41,142
620,57,129,41,142
621,57,129,41,142
622,57,129,41,142
623,57,129,41,142
624,57,129,41,142
625,57,129,41,142
626,57,129,41,142
627,57,129,41,142
628,57,129,41,142
629,57,129,41,142
630,57,129,41,142
631,57,129,41,142
632,57,129,41,142
633,57,129,41,142
634,57,129,41,142
635,57,129,41,142
636,57,129,41,142
637,57,129,41,142
638,57,129,41,142
639,57,129,41,142
640,57,129,41,142
641,57,129,41,142
642,57,129,41,142
643,57,129,41,142
644,57,129,41,142
645,57,129,41,142
646,57,129,41,142
647,57,129,41,142
648,57,129,41,142
649,57,129,41,142
650,57,129,41,142
651,57,129,41,142
652,57,129,41,142
653,57,129,41,142
654,57,129,41,142
655,57,129,41,142
656,57,129,41,142
657,57,129,41,142
658,57,129,41,142
659,57,129,41,142
660,57,129,41,142
661,57,129,41,142
662,57,129,41,142
663,57,129,41,142
664,57,129,41,142
665,57,129,41,142
666,57,129,41,142
667,57,129,41,142
668,57,129,41,142
669,57,129,41,142
670,57,129,41,142
671,57,129,41,142
672,57,129,41,142
673,57,129,41,142
674,57,129,41,142
675,57,129,41,142
676,57,129,41,142
677,57,129,41,142
678,57,129,41,142
679,57,129,41,142
680,57,129,41,142
681,57,129,41,142
682,57,129,41,142
683,57,128,41,142
684,57,128,41,142
685,57,128,41,142
686,57,128,41,142
687,57,128,41,142
688,57,128,41,142
689,57,128,41,142
690,57,128,41,142
691,57,128,41,142
692,57,128,41,142
693,57,128,41,142
694,57,128,41,142
695,57,128,41,142
696,57,128,41,142
697,57,128,41,142
698,57,128,41,142
699,57,128,41,142
700,57,128,41,142
701,57,128,41,142
702,57,128,41,142
703,57,128,41,142
704,57,128,41,142
705,57,128,41,142
706,57,128,41,142
707,57,128,41,142
708,57,128,41,142
709,57,128,41,142
710,57,128,41,142
711,57,128,41,142
712,57,128,41,142
713,57,128,41,142
714,57,128,41,142
715,57,128,41,142
716,57,128,41,142
717,57,128,41,142
718,57,128,41,142
719,57,128,41,142
720,57,128,41,142
721,57,128,41,142
722,57,126,41,142
723,57,126,41,142
724,57,126,41,142
725,57,126,41,142
726,57,126,41,142
727,57,126,41,142
728,57,126,41,142
729,57,126,41,142
730,57,126,41,142
731,57,126,41,142
732,57,126,41,142
733,57,126,41,142
734,57,126,41,142
735,57,126,41,142
736,57,126,41,142
737,57,126,41,142
738,57,126,41,142
739,57,126,41,142
740,57,126,41,142
741,57,126,41,142
742,57,126,41,142
743,57,126,41,142
744,57,126,41,142
745,57,126,41,142
746,57,126,41,142
747,57,126,41,142
748,57,126,41,142
749,57,126,41,142
750,57,126,41,142
751,57,126,41,142
752,57,126,41,142
753,57,126,41,142
754,57,126,41,142
755,57,126,41,142
756,57,126,41,142
757,57,126,41,142
758,57,126,41,142
759,57,126,41,142
760,57,126,41,142
761,57,126,41,142
762,57,126,41,142
763,57,126,41,142
764,57,126,41,142
765,57,126,41,142
766,57,126,41,142
767,57,126,41,142
768,57,126,41,142
769,57,126,41,142
770,57,126,41,142
771,57,126,41,142
772,57,126,41,142
773,57,126,41,142
774,57,126,41,142
775,57,126,41,142
776,57,126,41,142
777,57,126,41,142
778,57,126,41,142
779,57,126,41,142
780,57,126,41,142
781,57,126,41,142
782,57,126,41,142
783,57,126,41,142
784,57,126,41,142
785,57,126,41,142
786,57,126,41,142
787,57,126,41,142
788,57,126,41,142
789,57,126,41,142
790,57,125,41,142
791,57,125,41,142
792,57,125,41,142
793,57,125,41,142
794,57,125,41,142
795,57,125,41,142
796,57,125,41,142
797,57,125,41,142
798,57,126,41,142
799,57,126,41,142
800,57,126,41,142
801,57,126,41,142
802,57,126,41,142
803,57,126,41,142
804,57,126,41,142
805,57,126,41,142
806,57,126,41,142
807,57,126,41,142
808,57,126,41,142
809,57,126,41,142
810,57,126,41,142
811,57,126,41,142
812,57,126,41,142
813,57,126,41,142
814,57,126,41,142
815,57,126,41,142
816,57,126,41,142
817,57,126,41,142
818,57,126,41,142
819,57,126,41,142
820,57,126,41,142
821,57,126,41,142
822,57,126,41,142
823,57,126,41,142
824,57,126,41,142
825,57,125,41,142
826,57,125,41,142
827,57,125,41,142
828,57,125,41,142
829,57,125,41,142
830,57,125,41,142
831,57,125,41,142
832,57,125,41,142
833,57,125,41,142
834,57,125,41,142
835,57,125,41,142
836,57,125,41,142
837,57,125,41,142
838,57,125,41,142
839,57,125,41,142
840,57,125,41,142
841,57,125,41,142
842,57,125,41,142
843,57,125,41,142
844,57,125,41,142
845,57,125,41,142
846,57,125,41,142
847,57,125,41,142
848,57,125,41,142
849,57,125,41,142
850,57,125,41,142
851,57,125,41,142
852,57,125,41,142
853,57,125,41,142
854,57,125,41,142
855,57,126,41,142
856,57,126,41,142
857,57,126,41,142
858,57,126,41,142
859,57,126,41,142
860,57,126,41,142
861,57,126,41,142
862,57,126,41,142
863,57,126,41,142
864,57,126,41,142
865,57,126,41,142
866,57,126,41,142
867,57,125,41,142
868,57,124,41,142
869,57,123,41,142
870,57,123,41,142
871,57,123,41,142
872,57,123,41,142
873,57,122,41,142
874,57,122,41,142
875,57,122,41,142
876,57,122,41,142
877,57,122,41,142
878,57,122,41,142
879,57,122,41,142
880,57,122,41,142
881,57,122,41,142
882,57,122,41,142
883,57,122,41,142
884,57,122,41,142
885,57,122,41,142
886,57,122,41,142
887,57,122,41,142
888,57,122,41,142
889,57,122,41,142
890,57,122,41,142
891,57,122,41,142
892,57,122,41,142
893,57,122,41,142
894,57,122,41,142
895,57,122,41,142
896,57,122,41,142
897,57,122,41,142
898,57,122,41,142
899,57,122,41,142
900,57,122,41,142
901,57,122,41,142
902,57,122,41,142
903,57,122,41,142
904,57,122,41,142
905,57,122,41,142
906,57,122,41,142
907,57,122,41,142
908,57,122,41,142
909,57,122,41,142
910,57,122,41,142
911,57,122,41,142
912,57,122,41,142
913,57,122,41,142
914,57,121,41,142
915,57,121,41,142
916,57,121,41,142
917,57,121,41,142
918,57,120,41,142
919,57,120,41,142
920,57,120,41,142
921,57,119,41,142
922,57,119,41,142
923,57,119,41,142
924,57,119,41,142
925,57,119,41,142
926,57,119,41,142
927,57,119,41,142
928,57,119,41,142
929,57,119,41,142
930,57,119,41,142
931,57,118,41,142
932,57,118,41,142
933,57,118,41,142
934,57,117,41,142
935,57,117,41,142
936,57,117,41,142
937,57,117,41,142
938,57,117,41,142
939,57,117,41,142
940,57,117,41,142
941,57,117,41,142
942,57,117,41,142
943,57,117,41,142
944,57,117,41,142
945,57,116,41,142
946,57,116,41,142
947,57,116,41,142
948,57,116,41,142
949,57,116,41,142
950,57,116,41,142
951,57,116,41,142
952,57,116,41,142
953,57,116,41,142
954,57,116,41,142
955,57,116,41,142
956,57,116,41,142
957,57,116,41,142
958,57,116,41,142
959,57,116,41,142
960,57,117,41,142
961,57,117,41,142
962,57,117,41,142
963,57,117,41,142
964,57,117,41,142
965,57,117,41,142
966,57,117,41,142
967,57,117,41,142
968,57,117,41,142
969,57,118,41,142
970,57,117,41,142
971,57,117,41,142
972,57,117,41,142
973,57,117,41,142
974,57,117,41,142
975,57,117,41,142
976,57,117,41,142
977,57,117,41,142
978,57,118,41,142
979,57,118,41,142
980,57,118,41,142
981,57,118,41,142
982,57,118,41,142
983,57,118,41,142
984,57,118,41,142
985,57,118,41,142
986,57,118,41,142
987,57,118,41,142
988,57,118,41,142
989,57,118,41,142
990,57,118,41,142
991,57,118,41,142
992,57,118,41,142
993,57,118,41,142
994,57,117,41,142
995,57,117,41,142
996,57,117,41,142
997,57,117,41,142
998,57,117,41,142
999,57,117,41,142
1000,57,117,41,142
1001,57,117,41,142
1002,57,117,41,142
1003,57,117,41,142
1004,57,117,41,142
1005,57,117,41,142
1006,57,117,41,142
1007,57,117,41,142
1008,57,117,41,142
1009,57,117,41,142
1010,57,117,41,142
1011,57,117,41,142
1012,57,117,41,142
1013,57,117,41,142
1014,57,117,41,142
1015,57,117,41,142
1016,57,117,41,142
1017,57,117,41,142
1018,57,117,41,142
1019,57,117,41,142
1020,57,117,41,142
1021,57,117,41,142
1022,57,117,41,142
1023,57,117,41,142
1024,57,117,41,142
1025,57,117,41,142
1026,57,117,41,142
1027,57,117,41,142
1028,57,117,41,142
1029,57,117,41,142
1030,57,117,41,142
1031,57,117,41,142
1032,57,117,41,142
1033,57,117,41,142
1034,57,117,41,142
1035,57,117,41,142
1036,57,116,41,142
1037,57,116,41,142
1038,57,116,41,142
1039,57,116,41,142
1040,57,116,41,142
1041,57,116,41,142
1042,57,116,41,142
1043,57,116,41,142
1044,57,115,41,142
1045,57,115,41,142
1046,57,115,41,142
1047,57,115,41,142
1048,57,115,41,142
1049,57,115,41,142
1050,57,115,41,142
1051,57,115,41,142
1052,57,115,41,142
1053,57,115,41,142
1054,57,115,41,142
1055,57,115,41,142
1056,57,115,41,142
1057,57,115,41,142
1058,57,115,41,142
1059,57,115,41,142
1060,57,115,41,142
1061,57,115,41,142
1062,57,115,41,142
1063,57,115,41,142
1064,57,115,41,142
1065,57,115,41,142
1066,57,115,41,142
1067,57,115,41,142
1068,57,115,41,142
1069,57,115,41,142
1070,57,115,41,142
1071,57,115,41,142
1072,57,115,41,142
1073,57,115,41,142
1074,57,115,41,142
1075,57,115,41,142
1076,57,115,41,142
1077,57,115,41,142
1078,57,115,41,142
1079,57,115,41,142
1080,57,115,41,142
1081,57,115,41,142
1082,57,115,41,142
1083,57,115,41,142
1084,57,115,41,142
1085,57,115,41,142
1086,57,115,41,142
1087,57,115,41,142
1088,57,115,41,142
1089,57,115,41,142
1090,57,115,41,142
1091,57,115,41,142
1092,57,115,41,142
1093,57,115,41,142
1094,57,115,41,142
1095,57,115,41,142
1096,57,115,41,142
1097,57,115,41,142
1098,57,115,41,142
1099,57,115,41,142
1100,57,115,41,142
1101,57,115,41,142
1102,57,115,41,142
1103,57,115,41,142
1104,57,115,41,142
1105,57,115,41,142
1106,57,115,41,142
1107,57,115,41,142
1108,57,115,41,142
1109,57,115,41,142
1110,57,115,41,142
1111,57,115,41,142
1112,57,115,41,142
1113,57,115,41,142
1114,57,115,41,142
1115,57,115,41,142
1116,57,115,41,142
1117,57,115,41,142
1118,57,114,41,142
1119,57,114,41,142
1120,57,114,41,142
1121,57,114,41,142
1122,57,114,41,142
1123,57,114,41,142
1124,57,114,41,142
1125,57,114,41,142
1126,57,114,41,142
1127,57,114,41,142
1128,57,114,41,142
1129,57,114,41,142
1130,57,114,41,142
1131,57,114,41,142
1132,57,116,41,142
1133,57,117,41,142
1134,57,117,41,142
1135,57,117,41,142
1136,57,117,41,142
1137,57,117,41,142
1138,57,117,41,142
1139,57,117,41,142
1140,57,117,41,142
1141,57,117,41,142
1142,57,117,41,142
1143,57,117,41,142
1144,57,117,41,142
1145,57,117,41,142
1146,57,117,41,142
1147,57,117,41,142
1148,57,117,41,142
1149,57,117,41,142
1150,57,117,41,142
1151,57,117,41,142
1152,57,117,41,142
1153,57,117,41,142
1154,57,117,41,142
1155,57,117,41,142
1156,57,116,41,142
1157,57,116,41,142
1158,57,116,41,142
1159,57,116,41,142
1160,57,116,41,142
1161,57,116,41,142
1162,57,116,41,142
1163,57,116,41,142
1164,57,116,41,142
1165,57,116,41,142
1166,57,116,41,142
1167,57,116,41,142
1168,57,116,41,142
1169,57,116,41,142
1170,57,116,41,142
1171,57,116,41,142
1172,57,116,41,142
1173,57,116,41,142
1174,57,116,41,142
1175,57,116,41,142
1176,57,116,41,142
1177,57,116,41,142
1178,57,116,41,142
1179,57,116,41,142
1180,57,116,41,142
1181,57,116,41,142
1182,57,116,41,142
1183,57,116,41,142
1184,57,116,41,142
1185,57,116,41,142
1186,57,116,41,142
1187,57,116,41,142
1188,57,116,41,142
1189,57,116,41,142
1190,57,116,41,142
1191,57,116,41,142
1192,57,116,41,142
1193,57,116,41,142
1194,57,116,41,142
1195,57,116,41,142
1196,57,116,41,142
1197,57,116,41,142
1198,57,116,41,142
1199,57,116,41,142
1200,57,116,41,142
1201,57,116,41,142
1202,57,116,41,142
1203,57,116,41,142
1204,57,116,41,142
1205,57,116,41,142
1206,57,116,41,142
1207,57,116,41,142
1208,57,116,41,142
1209,57,116,41,142
1210,57,113,41,142
1211,57,112,41,142
1212,57,112,41,142
1213,57,112,41,142
1214,57,112,41,142
1215,57,112,41,142
1216,57,112,41,142
1217,57,111,41,142
1218,57,111,41,142
1219,57,111,41,142
1220,57,111,41,142
1221,57,111,41,142
1222,57,111,41,142
1223,57,111,41,142
1224,57,111,41,142
1225,57,111,41,142
1226,57,111,41,142
1227,57,111,41,142
1228,57,111,41,142
1229,57,111,41,142
1230,57,111,41,142
1231,57,111,41,142
1232,57,111,41,142
1233,57,112,41,142
1234,57,112,41,142
1235,57,112,41,142
1236,57,112,41,142
1237,57,112,41,142
1238,57,112,41,142
1239,57,112,41,142
1240,57,112,41,142
1241,57,112,41,142
1242,57,112,41,142
1243,57,112,41,142
1244,57,112,41,142
1245,57,112,41,142
1246,57,112,41,142
1247,57,112,41,142
1248,57,113,41,142
1249,57,113,41,142
1250,57,113,41,142
1251,57,113,41,142
1252,65,112,41,142
1253,65,112,41,142
1254,65,112,41,142
1255,71,110,41,142
1256,71,110,41,142
1257,71,110,41,142
1258,76,108,41,142
1259,76,108,41,142
1260,79,106,41,142
1261,79,106,41,142
1262,82,105,41,142
1263,82,106,41,142
1264,82,106,41,142
1265,87,105,41,142
1266,87,105,41,142
1267,90,106,41,142
1268,90,107,41,142
1269,90,107,41,142
1270,98,104,41,142
1271,98,104,41,142
1272,98,104,41,142
1273,106,102,41,142
1274,106,102,41,142
1275,112,100,41,142
1276,112,100,41,142
1277,112,100,41,142
1278,112,100,41,142
1279,112,100,41,142
1280,121,97,41,142
1281,121,97,41,142
1282,121,97,41,142
1283,126,96,41,142
1284,126,96,41,142
1285,127,96,41,142
1286,127,96,41,142
1287,127,96,41,142
1288,137,94,41,142
1289,137,94,41,142
1290,137,94,41,142
1291,137,94,41,142
1292,137,94,41,142
1293,137,94,41,142
1294,137,94,41,142
1295,137,94,41,142
1296,137,94,41,142
1297,137,94,41,142
1298,137,94,41,142
1299,137,94,41,142
1300,137,94,41,142
1301,137,94,41,142
1302,150,91,41,142
1303,150,91,41,142
1304,150,91,41,142
1305,150,91,41,142
1306,150,91,41,142
1307,150,91,41,142
1308,165,88,41,142
1309,165,89,41,142
1310,165,89,41,142
1311,165,89,41,142
1312,173,87,41,142
1313,173,87,41,142
1314,173,87,41,142
1315,173,87,41,142
1316,173,86,41,142
1317,173,86,41,142
1318,173,86,41,142
1319,173,86,41,142
1320,173,85,41,142
1321,173,86,41,142
1322,173,86,41,142
1323,173,85,41,142
1324,173,85,41,142
1325,173,85,41,142
1326,173,86,41,142
1327,173,86,41,142
1328,173,86,41,142
1329,173,86,41,142
1330,173,86,41,142
1331,173,86,41,142
1332,173,86,41,142
1333,173,86,41,142
1334,173,86,41,142
1335,173,86,41,142
1336,173,86,41,142
1337,173,85,41,142
1338,173,85,41,142
1339,173,85,41,142
1340,173,85,41,142
1341,173,85,41,142
1342,173,85,41,142
1343,173,83,41,142
1344,173,84,41,142
1345,173,85,41,142
1346,173,85,41,142
1347,173,85,41,142
1348,173,85,41,142
1349,173,85,41,142
1350,173,85,41,142
1351,173,85,41,142
1352,173,85,41,142
1353,173,85,41,142
1354,173,86,41,142
1355,173,86,41,142
1356,173,86,41,142
1357,173,87,41,142
1358,173,86,41,142
1359,173,86,41,142
1360,173,86,41,142
1361,173,86,41,142
1362,173,86,41,142
1363,173,86,41,142
1364,173,86,41,142
1365,173,86,41,142
1366,173,86,41,142
1367,173,86,41,142
1368,173,86,41,142
1369,173,86,41,142
1370,173,86,41,142
1371,173,86,41,142
1372,173,86,41,142
1373,173,86,41,142
1374,173,86,41,142
1375,173,86,41,142
1376,173,86,41,142
1377,173,85,41,142
1378,173,85,41,142
1379,173,85,41,142
1380,173,85,41,142
1381,173,85,41,142
1382,173,85,41,142
1383,173,85,41,142
1384,173,85,41,142
1385,173,85,41,142
1386,173,85,41,142
1387,173,85,41,142
1388,173,85,41,142
1389,173,85,41,142
1390,173,85,41,142
1391,173,85,41,142
1392,173,85,41,142
1393,173,86,41,142
1394,173,86,41,142
1395,173,86,41,142
1396,173,86,41,142
1397,173,85,41,142
1398,173,85,41,142
1399,173,85,41,142
1400,173,85,41,142
1401,173,85,41,142
1402,173,85,41,142
1403,173,86,41,142
1404,173,86,41,142
1405,173,86,41,142
1406,173,85,41,142
1407,173,85,41,142
1408,173,85,41,142
1409,173,85,41,142
1410,173,85,41,142
1411,173,85,41,142
1412,173,86,41,142
1413,173,87,41,142
1414,173,87,41,142
1415,173,87,41,142
1416,173,88,41,142
1417,173,88,41,142
1418,173,88,41,142
1419,173,88,41,142
1420,173,88,41,142
1421,173,88,41,142
1422,173,89,41,142
1423,173,89,41,142
1424,173,89,41,142
1425,173,89,41,142
1426,173,89,41,142
1427,173,89,41,142
1428,173,89,41,142
1429,173,88,41,142
1430,173,88,41,142
1431,173,88,41,142
1432,345,296,41,142
1433,346,297,41,142
1434,346,297,41,142
1435,346,297,41,142
1436,346,297,41,142
1437,346,297,41,142
1438,346,297,41,142
1439,346,297,41,142
1440,346,297,41,142
1441,346,296,41,142
1442,346,296,41,142
1443,346,296,41,142
1444,346,296,41,142
1445,346,296,41,142
1446,346,296,41,142
1447,346,296,41,142
1448,346,296,41,142
1449,346,296,41,142
1450,346,296,41,142
1451,346,296,41,142
1452,346,296,41,142
1453,345,296,41,142
1454,345,296,41,142
1455,345,296,41,142
1456,345,296,41,142
1457,345,296,41,142
1458,345,296,41,142
1459,345,296,41,142
1460,345,296,41,142
1461,345,296,41,142
1462,345,296,41,142
1463,345,296,41,142
1464,345,296,41,142
1465,346,296,41,142
1466,346,296,41,142
1467,345,296,41,142
1468,345,296,41,142
1469,345,296,41,142
1470,345,296,41,142
1471,345,296,41,142
1472,345,296,41,142
1473,345,296,41,142
1474,345,296,41,142
1475,345,296,41,142
1476,345,296,41,142
1477,344,296,41,142
1478,344,296,41,142
1479,344,296,41,142
1480,343,295,41,142
1481,342,295,41,142
1482,342,295,41,142
1483,342,295,41,142
1484,311,303,41,142
1485,311,303,41,142
1486,311,303,41,142
1487,311,303,41,142
1488,311,303,41,142
1489,311,303,41,142
1490,311,303,41,142
1491,311,303,41,142
1492,311,303,41,142
1493,311,303,41,142
1494,311,302,41,142
1495,310,301,41,142
1496,310,301,41,142
1497,310,301,41,142
1498,309,301,41,142
1499,309,301,41,142
1500,309,301,41,142
1501,309,301,41,142
1502,309,301,41,142
1503,309,301,41,142
1504,310,301,41,142
1505,310,300,41,142
1506,309,300,41,142
1507,323,296,41,142
1508,323,296,41,142
1509,323,296,41,142
1510,323,296,41,142
1511,324,296,41,142
1512,324,296,41,142
1513,293,304,41,142
1514,293,304,41,142
1515,293,304,41,142
1516,293,304,41,142
1517,293,304,41,142
1518,293,304,41,142
1519,293,304,41,142
1520,293,304,41,142
1521,293,304,41,142
1522,293,304,41,142
1523,293,304,41,142
1524,293,304,41,142
1525,293,304,41,142
1526,293,304,41,142
1527,293,304,41,142
1528,293,304,41,142
1529,294,304,41,142
1530,312,299,41,142
1531,312,299,41,142
1532,312,299,41,142
1533,312,299,41,142
1534,312,299,41,142
1535,311,299,41,142
1536,311,300,41,142
1537,312,301,41,142
1538,312,301,41,142
1539,312,301,41,142
1540,312,301,41,142
1541,312,301,41,142
1542,312,301,41,142
1543,312,301,41,142
1544,312,301,41,142
1545,312,301,41,142
1546,312,301,41,142
1547,312,301,41,142
1548,312,301,41,142
1549,312,301,41,142
1550,312,301,41,142
1551,308,302,41,142
1552,308,302,41,142
1553,308,302,41,142
1554,308,302,41,142
1555,308,302,41,142
1556,308,302,41,142
1557,308,302,41,142
1558,308,302,41,142
1559,308,302,41,142
1560,308,302,41,142
1561,308,302,41,142
1562,308,302,41,142
1563,308,302,41,142
1564,308,302,41,142
1565,308,302,41,142
1566,308,302,41,142
1567,308,302,41,142
1568,307,301,41,142
1569,307,301,41,142
1570,307,301,41,142
1571,307,301,41,142
1572,307,301,41,142
1573,307,301,41,142
1574,307,301,41,142
1575,307,301,41,142
1576,308,301,41,142
1577,308,301,41,142
1578,308,301,41,142
1579,308,301,41,142
1580,303,302,41,142
1581,303,301,41,142
1582,303,301,41,142
1583,303,301,41,142
1584,303,301,41,142
1585,303,301,41,142
1586,303,301,41,142
1587,303,301,41,142
1588,303,301,41,142
1589,303,301,41,142
1590,303,301,41,142
1591,303,301,41,142
1592,303,301,41,142
1593,303,301,41,142
1594,303,301,41,142
1595,303,301,41,142
1596,303,301,41,142
1597,303,301,41,142
1598,302,301,41,142
1599,302,301,41,142
1600,298,302,41,142
1601,298,302,41,142
1602,298,302,41,142
1603,299,302,41,142
1604,303,301,41,142
1605,302,301,41,142
1606,302,301,41,142
1607,302,301,41,142
1608,302,301,41,142
1609,302,301,41,142
1610,290,304,41,142
1611,290,304,41,142
1612,290,304,41,142
1613,290,304,41,142
1614,290,304,41,142
1615,290,304,41,142
1616,290,304,41,142
1617,290,304,41,142
1618,290,304,41,142
1619,290,304,41,142
1620,290,304,41,142
1621,290,304,41,142
1622,290,304,41,142
1623,290,304,41,142
1624,291,304,41,142
1625,291,304,41,142
1626,291,304,41,142
1627,291,304,41,142
1628,291,304,41,142
1629,291,304,41,142
1630,291,304,41,142
1631,291,304,41,142
1632,291,304,41,142
1633,291,304,41,142
1634,291,304,41,142
1635,291,304,41,142
1636,291,304,41,142
1637,290,304,41,142
1638,290,304,41,142
1639,290,304,41,142
1640,290,304,41,142
1641,290,304,41,142
1642,290,304,41,142
1643,290,304,41,142
1644,290,304,41,142
1645,290,304,41,142
1646,290,304,41,142
1647,290,304,41,142
1648,290,304,41,142
1649,290,304,41,142
1650,290,304,41,142
1651,290,304,41,142
1652,290,304,41,142
1653,290,304,41,142
1654,290,304,41,142
1655,290,304,41,142
1656,290,304,41,142
1657,291,304,41,142
1658,291,304,41,142
1659,291,304,41,142
1660,291,304,41,142
1661,291,304,41,142
1662,291,304,41,142
1663,290,304,41,142
1664,290,304,41,142
1665,290,304,41,142
1666,290,304,41,142
1667,290,304,41,142
1668,290,304,41,142
1669,290,304,41,142
1670,290,304,41,142
1671,290,304,41,142
1672,290,304,41,142
1673,290,304,41,142
1674,290,304,41,142
1675,290,304,41,142
1676,290,304,41,142
1677,290,304,41,142
1678,290,304,41,142
1679,290,304,41,142
1680,290,304,41,142
1681,290,304,41,142
1682,290,304,41,142
1683,290,304,41,142
1684,290,304,41,142
1685,291,304,41,142
1686,291,304,41,142
