14-LongDuration 5
350,361,35,66,96
351,361,35,66,96
352,361,35,66,96
353,361,35,66,96
354,361,35,66,96
355,361,35,66,96
356,361,35,66,96
357,362,35,66,96
358,362,35,66,96
359,362,35,66,96
360,362,35,66,96
361,362,35,66,96
362,362,35,66,96
363,362,35,66,96
364,362,35,66,96
365,362,35,66,96
366,362,35,66,96
367,362,35,66,96
368,362,35,66,96
369,363,36,66,96
370,364,37,66,96
371,364,37,66,96
372,365,38,66,96
373,365,39,66,96
374,365,39,66,96
375,366,39,66,96
376,366,39,66,96
377,367,39,66,96
378,368,39,66,96
379,369,39,66,96
380,370,39,66,96
381,370,39,66,96
382,371,40,66,96
383,372,41,66,96
384,373,42,66,96
385,374,42,66,96
386,374,42,66,96
387,375,42,66,96
388,376,42,66,96
389,377,42,66,96
390,377,42,66,96
391,377,41,66,96
392,378,42,66,96
393,378,42,66,96
394,377,42,66,96
395,376,42,66,96
396,376,42,66,96
397,375,42,66,96
398,373,42,66,96
399,371,42,66,96
400,369,42,66,96
401,369,42,66,96
402,366,42,66,96
403,363,42,66,96
404,359,42,66,96
405,355,42,66,96
406,355,42,66,96
407,350,42,66,96
408,345,41,66,96
409,340,40,66,96
410,336,39,66,96
411,336,39,66,96
412,333,38,66,96
413,331,38,66,96
414,332,39,66,96
415,336,41,66,96
416,336,41,66,96
417,342,44,66,96
418,349,48,66,96
419,354,51,66,96
420,357,53,66,96
421,357,53,66,96
422,359,54,66,96
423,362,55,66,96
424,363,55,66,96
425,365,56,66,96
426,365,56,66,96
427,366,57,66,96
428,366,58,66,96
429,366,58,66,96
430,365,58,66,96
431,365,58,66,96
432,364,58,66,96
433,364,58,66,96
434,362,58,66,96
435,307,42,66,96
436,307,42,66,96
437,307,42,66,96
438,308,42,66,96
439,309,42,66,96
440,310,42,66,96
441,310,42,66,96
442,311,42,66,96
443,312,43,66,96
444,313,44,66,96
445,314,45,66,96
446,314,45,66,96
447,315,46,66,96
448,316,47,66,96
449,317,48,66,96
450,318,49,66,96
451,318,49,66,96
452,319,49,66,96
453,320,49,66,96
454,321,49,66,96
455,322,49,66,96
456,322,49,66,96
457,323,49,66,96
458,324,49,66,96
459,325,49,66,96
460,326,49,66,96
461,326,49,66,96
462,327,49,66,96
463,328,49,66,96
464,328,50,66,96
465,328,50,66,96
466,328,50,66,96
467,328,50,66,96
468,328,50,66,96
469,328,50,66,96
470,328,50,66,96
471,328,50,66,96
472,327,50,66,96
473,326,50,66,96
474,325,50,66,96
475,324,50,66,96
476,324,50,66,96
477,426,197,66,96
478,426,197,66,96
479,426,197,66,96
480,426,197,66,96
481,426,197,66,96
482,426,197,66,96
483,426,197,66,96
484,426,197,66,96
485,426,197,66,96
486,426,197,66,96
487,426,197,66,96
488,426,197,66,96
489,426,197,66,96
490,426,197,66,96
491,426,197,66,96
492,426,197,66,96
493,426,197,66,96
494,426,197,66,96
495,426,197,66,96
496,426,197,66,96
497,426,197,66,96
498,426,197,66,96
499,426,197,66,96
500,426,197,66,96
501,426,197,66,96
502,426,197,66,96
503,426,197,66,96
504,426,197,66,96
505,426,197,66,96
506,426,197,66,96
507,426,197,66,96
508,426,197,66,96
509,426,197,66,96
510,426,197,66,96
511,426,197,66,96
512,426,197,66,96
513,426,197,66,96
514,426,197,66,96
515,426,197,66,96
516,426,197,66,96
517,426,197,66,96
518,426,197,66,96
519,426,197,66,96
520,426,197,66,96
521,426,197,66,96
522,426,197,66,96
523,426,197,66,96
524,426,197,66,96
525,426,197,66,96
526,426,197,66,96
527,426,197,66,96
528,426,197,66,96
529,426,197,66,96
530,426,197,66,96
531,426,197,66,96
532,426,197,66,96
533,426,197,66,96
534,426,197,66,96
535,426,197,66,96
536,426,197,66,96
537,426,197,66,96
538,426,197,66,96
539,426,197,66,96
540,426,197,66,96
541,426,197,66,96
542,426,197,66,96
543,426,197,66,96
544,426,197,66,96
545,426,197,66,96
546,426,197,66,96
547,426,197,66,96
548,426,197,66,96
549,426,197,66,96
550,426,197,66,96
551,426,197,66,96
552,426,197,66,96
553,426,197,66,96
554,426,197,66,96
555,426,197,66,96
556,426,197,66,96
557,426,197,66,96
558,426,197,66,96
559,426,197,66,96
560,426,197,66,96
561,426,197,66,96
562,426,197,66,96
563,426,197,66,96
564,426,197,66,96
565,426,197,66,96
566,426,197,66,96
567,426,197,66,96
568,426,197,66,96
569,426,197,66,96
570,426,197,66,96
571,426,197,66,96
572,426,197,66,96
573,426,197,66,96
574,426,197,66,96
575,426,197,66,96
576,426,197,66,96
577,426,197,66,96
578,426,197,66,96
579,426,197,66,96
580,426,197,66,96
581,426,197,66,96
582,426,197,66,96
583,426,197,66,96
584,426,197,66,96
585,426,197,66,96
586,426,197,66,96
587,286,145,66,96
588,287,145,66,96
589,287,145,66,96
590,287,145,66,96
591,287,145,66,96
592,287,145,66,96
593,288,145,66,96
594,288,145,66,96
595,288,145,66,96
596,288,145,66,96
597,288,145,66,96
598,288,145,66,96
599,288,145,66,96
600,288,145,66,96
601,288,145,66,96
602,288,145,66,96
603,288,145,66,96
604,288,145,66,96
605,288,145,66,96
606,288,145,66,96
607,288,145,66,96
608,288,145,66,96
609,288,145,66,96
610,288,145,66,96
611,288,145,66,96
612,288,145,66,96
613,288,145,66,96
614,288,145,66,96
615,288,145,66,96
616,288,145,66,96
617,288,145,66,96
618,288,145,66,96
619,288,145,66,96
620,288,145,66,96
621,288,145,66,96
622,522,211,66,96
623,522,211,66,96
624,522,211,66,96
625,522,211,66,96
626,522,211,66,96
627,522,211,66,96
628,522,211,66,96
629,522,211,66,96
630,522,211,66,96
631,522,211,66,96
632,522,211,66,96
633,522,211,66,96
634,522,211,66,96
635,522,211,66,96
636,522,211,66,96
637,522,211,66,96
638,522,211,66,96
639,522,211,66,96
640,522,211,66,96
641,522,211,66,96
642,522,211,66,96
643,522,211,66,96
644,522,211,66,96
645,522,211,66,96
646,522,211,66,96
647,522,211,66,96
648,522,211,66,96
649,522,211,66,96
650,523,213,66,96
651,523,213,66,96
652,525,220,66,96
653,533,233,66,96
654,522,245,66,96
655,518,260,66,96
656,518,260,66,96
657,510,263,66,96
658,380,259,66,96
659,378,260,66,96
660,377,261,66,96
661,377,261,66,96
662,376,261,66,96
663,376,261,66,96
664,376,261,66,96
665,377,261,66,96
666,377,261,66,96
667,378,262,66,96
668,378,262,66,96
669,379,263,66,96
670,379,263,66,96
671,379,262,66,96
672,380,262,66,96
673,381,262,66,96
674,382,263,66,96
675,382,261,66,96
676,382,261,66,96
677,383,262,66,96
678,384,262,66,96
679,385,261,66,96
680,386,261,66,96
681,386,261,66,96
682,387,261,66,96
683,388,261,66,96
684,389,261,66,96
685,390,261,66,96
686,390,261,66,96
687,391,261,66,96
688,391,261,66,96
689,391,261,66,96
690,391,261,66,96
691,391,261,66,96
692,391,261,66,96
693,391,261,66,96
694,390,261,66,96
695,389,261,66,96
696,389,261,66,96
697,388,261,66,96
698,386,260,66,96
699,384,259,66,96
700,382,259,66,96
701,382,259,66,96
702,379,259,66,96
703,376,259,66,96
704,373,259,66,96
705,370,259,66,96
706,370,259,66,96
707,367,258,66,96
708,364,258,66,96
709,361,259,66,96
710,357,260,66,96
711,357,260,66,96
712,353,261,66,96
713,349,261,66,96
714,345,262,66,96
715,341,262,66,96
716,341,262,66,96
717,338,262,66,96
718,335,262,66,96
719,332,261,66,96
720,329,260,66,96
721,329,260,66,96
722,327,258,66,96
723,325,257,66,96
724,324,257,66,96
725,312,259,66,96
726,312,259,66,96
727,312,259,66,96
728,312,259,66,96
729,312,259,66,96
730,312,259,66,96
731,312,259,66,96
732,312,259,66,96
733,312,259,66,96
734,312,259,66,96
735,312,259,66,96
736,312,259,66,96
737,312,259,66,96
738,312,259,66,96
739,312,259,66,96
740,312,258,66,96
741,312,258,66,96
742,312,258,66,96
743,312,258,66,96
744,312,258,66,96
745,312,258,66,96
746,312,258,66,96
747,312,258,66,96
748,312,258,66,96
749,312,258,66,96
750,312,258,66,96
751,312,258,66,96
752,312,258,66,96
753,312,258,66,96
754,312,258,66,96
755,312,258,66,96
756,312,258,66,96
757,312,258,66,96
758,90,209,66,96
759,90,209,66,96
760,90,209,66,96
761,90,209,66,96
762,90,209,66,96
763,90,209,66,96
764,90,209,66,96
765,90,209,66,96
766,90,209,66,96
767,90,209,66,96
768,90,209,66,96
769,90,209,66,96
770,90,209,66,96
771,90,209,66,96
772,90,209,66,96
773,90,209,66,96
774,90,209,66,96
775,90,209,66,96
776,90,209,66,96
777,89,209,66,96
778,89,209,66,96
779,89,209,66,96
780,88,209,66,96
781,88,209,66,96
782,88,209,66,96
783,88,209,66,96
784,88,209,66,96
785,88,209,66,96
786,88,209,66,96
787,88,209,66,96
788,87,209,66,96
789,87,209,66,96
790,87,209,66,96
791,87,209,66,96
792,87,209,66,96
793,87,209,66,96
794,87,209,66,96
795,87,209,66,96
796,87,209,66,96
797,87,209,66,96
798,87,209,66,96
799,87,209,66,96
800,87,209,66,96
801,87,209,66,96
802,87,209,66,96
803,87,209,66,96
804,87,209,66,96
805,87,209,66,96
806,87,209,66,96
807,87,209,66,96
808,87,209,66,96
809,87,209,66,96
810,87,209,66,96
811,87,209,66,96
812,87,209,66,96
813,87,209,66,96
814,87,209,66,96
815,87,209,66,96
816,87,209,66,96
817,87,209,66,96
818,87,209,66,96
819,87,209,66,96
820,87,209,66,96
821,87,209,66,96
822,87,209,66,96
823,87,209,66,96
824,87,209,66,96
825,87,209,66,96
826,87,209,66,96
827,87,209,66,96
828,87,209,66,96
829,87,209,66,96
830,87,209,66,96
831,86,209,66,96
832,86,209,66,96
833,86,209,66,96
834,86,209,66,96
835,86,209,66,96
836,86,209,66,96
837,86,208,66,96
838,86,207,66,96
839,86,206,66,96
840,85,205,66,96
841,85,205,66,96
842,85,205,66,96
843,85,205,66,96
844,84,204,66,96
845,83,204,66,96
846,83,204,66,96
847,83,204,66,96
848,82,204,66,96
849,82,204,66,96
850,81,204,66,96
851,81,204,66,96
852,81,204,66,96
853,80,204,66,96
854,80,204,66,96
855,79,204,66,96
856,79,204,66,96
857,79,204,66,96
858,78,204,66,96
859,77,204,66,96
860,76,204,66,96
861,76,204,66,96
862,76,204,66,96
863,76,204,66,96
864,76,204,66,96
865,76,204,66,96
866,76,204,66,96
867,192,95,66,96
868,191,95,66,96
869,191,96,66,96
870,191,96,66,96
871,191,96,66,96
872,192,97,66,96
873,193,98,66,96
874,194,97,66,96
875,196,97,66,96
876,196,97,66,96
877,198,97,66,96
878,201,97,66,96
879,205,98,66,96
880,209,100,66,96
881,209,100,66,96
882,213,102,66,96
883,216,105,66,96
884,218,109,66,96
885,219,112,66,96
886,219,112,66,96
887,221,113,66,96
888,222,111,66,96
889,224,110,66,96
890,226,110,66,96
891,226,110,66,96
892,228,110,66,96
893,230,111,66,96
894,231,112,66,96
895,232,112,66,96
896,232,112,66,96
897,233,111,66,96
898,235,111,66,96
899,236,110,66,96
900,237,110,66,96
901,237,110,66,96
902,238,110,66,96
903,239,110,66,96
904,240,110,66,96
905,241,110,66,96
906,241,110,66,96
907,241,110,66,96
908,241,110,66,96
909,241,110,66,96
910,241,110,66,96
911,241,110,66,96
912,240,109,66,96
913,238,108,66,96
914,236,107,66,96
915,233,106,66,96
916,233,106,66,96
917,230,106,66,96
918,226,106,66,96
919,224,107,66,96
920,223,109,66,96
921,223,109,66,96
922,223,111,66,96
923,224,112,66,96
924,227,113,66,96
925,231,114,66,96
926,231,114,66,96
927,234,115,66,96
928,237,116,66,96
929,238,116,66,96
930,239,116,66,96
931,239,116,66,96
932,240,116,66,96
933,241,117,66,96
934,242,118,66,96
935,243,118,66,96
936,243,118,66,96
937,245,118,66,96
938,247,118,66,96
939,248,118,66,96
940,248,118,66,96
941,248,118,66,96
942,247,117,66,96
943,245,116,66,96
944,244,116,66,96
945,243,115,66,96
946,243,115,66,96
947,242,115,66,96
948,240,114,66,96
949,237,113,66,96
950,234,113,66,96
951,234,113,66,96
952,231,113,66,96
953,228,114,66,96
954,225,115,66,96
955,222,117,66,96
956,222,117,66,96
957,219,119,66,96
958,216,120,66,96
959,214,120,66,96
960,212,120,66,96
961,212,120,66,96
962,210,120,66,96
963,208,120,66,96
964,205,120,66,96
965,202,120,66,96
966,202,120,66,96
967,198,121,66,96
968,195,122,66,96
969,193,124,66,96
970,191,126,66,96
971,191,126,66,96
972,189,127,66,96
973,187,127,66,96
974,185,127,66,96
975,181,127,66,96
976,181,127,66,96
977,176,128,66,96
978,170,130,66,96
979,162,132,66,96
980,154,133,66,96
981,154,133,66,96
982,146,133,66,96
983,138,133,66,96
984,129,133,66,96
985,119,133,66,96
986,119,133,66,96
987,109,133,66,96
988,99,134,66,96
989,88,134,66,96
990,77,134,66,96
991,67,134,66,96
992,57,134,66,96
993,46,133,66,96
994,35,133,66,96
995,35,133,66,96
996,26,132,66,96
997,18,130,66,96
998,11,129,66,96
999,4,129,66,96
1000,4,129,66,96
1001,0,134,66,96
1002,0,144,66,96
1003,11,140,66,96
1004,1,140,66,96
1005,1,140,66,96
1006,0,146,66,96
1007,0,151,66,96
1008,0,153,66,96
1009,0,153,66,96
1010,0,153,66,96
1011,0,155,66,96
1012,0,155,66,96
1013,0,162,66,96
1014,0,168,66,96
1015,0,168,66,96
1016,0,174,66,96
1017,0,177,66,96
1018,0,180,66,96
1019,0,181,66,96
1020,0,181,66,96
1021,0,181,66,96
1022,1,181,66,96
1023,1,181,66,96
1024,1,181,66,96
1025,1,181,66,96
1026,1,181,66,96
1027,1,181,66,96
1028,1,181,66,96
1029,1,181,66,96
1030,1,181,66,96
1031,0,181,66,96
1032,0,181,66,96
1033,0,181,66,96
1034,0,181,66,96
1035,0,181,66,96
1036,0,181,66,96
1037,0,181,66,96
1038,0,181,66,96
1039,0,181,66,96
1040,0,181,66,96
1041,0,182,66,96
1042,0,181,66,96
1043,0,181,66,96
1044,0,181,66,96
1045,0,181,66,96
1046,0,181,66,96
1047,0,181,66,96
1048,0,181,66,96
1049,0,181,66,96
1050,0,181,66,96
1051,0,181,66,96
1052,0,181,66,96
1053,0,181,66,96
1054,0,181,66,96
1055,0,181,66,96
1056,0,181,66,96
1057,212,61,66,96
1058,209,60,66,96
1059,207,60,66,96
1060,207,60,66,96
1061,206,60,66,96
1062,205,60,66,96
1063,204,60,66,96
1064,204,60,66,96
1065,204,60,66,96
1066,204,60,66,96
1067,204,60,66,96
1068,204,60,66,96
1069,205,60,66,96
1070,205,60,66,96
1071,207,60,66,96
1072,210,60,66,96
1073,214,60,66,96
1074,217,60,66,96
1075,217,60,66,96
1076,221,60,66,96
1077,225,60,66,96
1078,228,60,66,96
1079,231,60,66,96
1080,231,60,66,96
1081,234,60,66,96
1082,234,61,66,96
1083,232,62,66,96
1084,230,63,66,96
1085,230,63,66,96
1086,224,64,66,96
1087,226,64,66,96
1088,230,65,66,96
1089,234,64,66,96
1090,234,64,66,96
1091,238,63,66,96
1092,241,58,66,96
1093,234,58,66,96
1094,227,56,66,96
1095,227,56,66,96
1096,219,55,66,96
1097,213,53,66,96
1098,208,50,66,96
1099,204,47,66,96
1100,204,47,66,96
1101,202,44,66,96
1102,200,42,66,96
1103,189,152,66,96
1104,189,152,66,96
1105,189,152,66,96
1106,189,152,66,96
1107,189,152,66,96
1108,189,152,66,96
1109,189,152,66,96
1110,189,152,66,96
1111,189,152,66,96
1112,189,152,66,96
1113,189,152,66,96
1114,189,152,66,96
1115,189,152,66,96
1116,189,152,66,96
1117,189,152,66,96
1118,189,152,66,96
1119,189,152,66,96
1120,189,152,66,96
1121,189,152,66,96
1122,189,152,66,96
1123,189,152,66,96
1124,189,152,66,96
1125,189,152,66,96
1126,189,152,66,96
1127,189,152,66,96
1128,189,152,66,96
1129,189,152,66,96
1130,189,152,66,96
1131,189,152,66,96
1132,189,152,66,96
1133,188,152,66,96
1134,188,152,66,96
1135,188,152,66,96
1136,188,152,66,96
1137,188,152,66,96
1138,188,152,66,96
1139,188,152,66,96
1140,188,152,66,96
1141,188,152,66,96
1142,188,152,66,96
1143,188,152,66,96
1144,188,152,66,96
1145,188,152,66,96
1146,188,152,66,96
1147,188,152,66,96
1148,188,152,66,96
1149,188,152,66,96
1150,188,152,66,96
1151,188,152,66,96
1152,188,152,66,96
1153,188,152,66,96
1154,188,152,66,96
1155,188,152,66,96
1156,188,152,66,96
1157,188,152,66,96
1158,187,152,66,96
1159,187,152,66,96
1160,187,152,66,96
1161,187,152,66,96
1162,187,152,66,96
1163,187,152,66,96
1164,187,152,66,96
1165,187,152,66,96
1166,187,152,66,96
1167,187,152,66,96
1168,187,152,66,96
1169,187,152,66,96
1170,187,152,66,96
1171,187,152,66,96
1172,187,152,66,96
1173,187,152,66,96
1174,187,152,66,96
1175,187,152,66,96
1176,187,152,66,96
1177,187,152,66,96
1178,187,152,66,96
1179,187,152,66,96
1180,187,152,66,96
1181,187,152,66,96
1182,187,152,66,96
1183,187,152,66,96
1184,187,152,66,96
1185,187,152,66,96
1186,187,152,66,96
1187,187,152,66,96
1188,187,152,66,96
1189,187,152,66,96
1190,187,152,66,96
1191,187,152,66,96
1192,187,152,66,96
1193,187,152,66,96
1194,188,152,66,96
1195,188,152,66,96
1196,188,152,66,96
1197,188,152,66,96
1198,189,152,66,96
1199,190,152,66,96
1200,190,152,66,96
1201,190,152,66,96
1202,189,152,66,96
1203,188,152,66,96
1204,187,152,66,96
1205,187,152,66,96
1206,186,152,66,96
1207,186,152,66,96
1208,186,152,66,96
1209,186,152,66,96
1210,186,152,66,96
1211,186,152,66,96
1212,186,152,66,96
1213,186,152,66,96
1214,186,152,66,96
1215,186,152,66,96
1216,185,152,66,96
1217,184,152,66,96
1218,184,152,66,96
1219,184,152,66,96
1220,184,152,66,96
1221,184,152,66,96
1222,184,152,66,96
1223,184,152,66,96
1224,185,152,66,96
1225,185,152,66,96
1226,186,152,66,96
1227,187,152,66,96
1228,188,152,66,96
1229,189,152,66,96
1230,189,152,66,96
1231,190,152,66,96
1232,192,152,66,96
1233,194,152,66,96
1234,196,152,66,96
1235,196,152,66,96
1236,198,152,66,96
1237,200,152,66,96
1238,202,152,66,96
1239,204,152,66,96
1240,204,152,66,96
1241,206,153,66,96
1242,209,153,66,96
1243,212,153,66,96
1244,215,153,66,96
1245,215,153,66,96
1246,218,153,66,96
1247,221,153,66,96
1248,223,153,66,96
1249,225,153,66,96
1250,225,153,66,96
1251,227,153,66,96
1252,230,153,66,96
1253,233,153,66,96
1254,236,153,66,96
1255,236,153,66,96
1256,238,153,66,96
1257,240,153,66,96
1258,242,153,66,96
1259,243,153,66,96
1260,243,153,66,96
1261,244,153,66,96
1262,245,153,66,96
1263,246,153,66,96
1264,247,153,66,96
1265,247,153,66,96
1266,248,153,66,96
1267,248,153,66,96
1268,248,153,66,96
1269,248,153,66,96
1270,248,153,66,96
1271,248,153,66,96
1272,248,153,66,96
1273,248,153,66,96
1274,248,153,66,96
1275,248,153,66,96
1276,248,153,66,96
1277,248,153,66,96
1278,247,153,66,96
1279,246,153,66,96
1280,246,153,66,96
1281,244,153,66,96
1282,242,153,66,96
1283,240,153,66,96
1284,238,153,66,96
1285,238,153,66,96
1286,236,152,66,96
1287,234,152,66,96
1288,232,152,66,96
1289,231,152,66,96
1290,231,152,66,96
1291,230,152,66,96
1292,230,152,66,96
1293,229,152,66,96
1294,228,152,66,96
1295,228,152,66,96
1296,228,152,66,96
1297,228,152,66,96
1298,228,152,66,96
1299,228,152,66,96
1300,228,152,66,96
1301,228,152,66,96
1302,228,152,66,96
1303,228,152,66,96
1304,228,152,66,96
1305,228,152,66,96
1306,228,152,66,96
1307,229,152,66,96
1308,230,152,66,96
1309,231,152,66,96
1310,231,152,66,96
1311,232,152,66,96
1312,233,152,66,96
1313,234,153,66,96
1314,235,153,66,96
1315,235,153,66,96
1316,236,154,66,96
1317,237,155,66,96
1318,238,156,66,96
1319,239,156,66,96
1320,239,156,66,96
1321,240,156,66,96
1322,241,156,66,96
1323,242,157,66,96
1324,242,158,66,96
1325,242,158,66,96
1326,242,158,66,96
1327,242,158,66,96
1328,242,158,66,96
1329,242,158,66,96
1330,242,158,66,96
1331,241,158,66,96
1332,240,157,66,96
1333,239,156,66,96
1334,238,155,66,96
1335,238,155,66,96
1336,236,154,66,96
1337,234,153,66,96
1338,230,153,66,96
1339,226,154,66,96
1340,226,154,66,96
1341,222,156,66,96
1342,218,159,66,96
1343,214,164,66,96
1344,192,126,66,96
1345,192,127,66,96
1346,189,139,66,96
1347,183,153,66,96
1348,175,169,66,96
1349,165,185,66,96
1350,165,185,66,96
1351,157,196,66,96
1352,148,205,66,96
1353,147,209,66,96
1354,146,210,66,96
1355,146,210,66,96
1356,144,198,66,96
1357,143,198,66,96
1358,142,198,66,96
1359,141,198,66,96
1360,141,198,66,96
1361,140,197,66,96
1362,139,197,66,96
1363,138,197,66,96
1364,138,197,66,96
1365,138,197,66,96
1366,138,197,66,96
1367,138,197,66,96
1368,138,197,66,96
1369,138,198,66,96
1370,138,198,66,96
1371,139,198,66,96
1372,140,198,66,96
1373,142,196,66,96
1374,144,196,66,96
1375,144,196,66,96
1376,167,201,66,96
1377,167,200,66,96
1378,166,198,66,96
1379,164,195,66,96
1380,164,194,66,96
1381,162,191,66,96
1382,161,188,66,96
1383,160,185,66,96
1384,159,183,66,96
1385,159,183,66,96
1386,158,181,66,96
1387,156,178,66,96
1388,155,174,66,96
1389,154,170,66,96
1390,154,170,66,96
1391,154,166,66,96
1392,154,161,66,96
1393,155,156,66,96
1394,156,150,66,96
1395,156,150,66,96
1396,157,145,66,96
1397,159,139,66,96
1398,162,133,66,96
1399,166,127,66,96
1400,166,127,66,96
1401,170,120,66,96
1402,173,114,66,96
1403,175,110,66,96
1404,176,109,66,96
1405,176,109,66,96
1406,176,111,66,96
1407,175,116,66,96
1408,172,124,66,96
1409,169,135,66,96
1410,169,135,66,96
1411,165,147,66,96
1412,163,159,66,96
1413,160,167,66,96
1414,157,171,66,96
1415,157,171,66,96
1416,154,172,66,96
1417,150,171,66,96
1418,146,169,66,96
1419,142,168,66,96
1420,142,168,66,96
1421,138,168,66,96
1422,134,170,66,96
1423,131,173,66,96
1424,128,177,66,96
1425,128,177,66,96
1426,125,180,66,96
1427,123,181,66,96
1428,120,181,66,96
1429,117,180,66,96
1430,117,180,66,96
1431,114,179,66,96
1432,112,178,66,96
1433,110,178,66,96
1434,109,178,66,96
1435,109,178,66,96
1436,109,179,66,96
1437,110,180,66,96
1438,111,182,66,96
1439,112,184,66,96
1440,112,184,66,96
1441,113,185,66,96
1442,114,186,66,96
1443,115,187,66,96
1444,116,187,66,96
1445,116,187,66,96
1446,117,187,66,96
1447,118,187,66,96
1448,118,187,66,96
1449,118,187,66,96
1450,118,187,66,96
1451,118,187,66,96
1452,118,188,66,96
1453,118,188,66,96
1454,118,188,66,96
1455,118,188,66,96
1456,118,188,66,96
1457,118,188,66,96
1458,118,188,66,96
1459,119,188,66,96
1460,119,188,66,96
1461,120,188,66,96
1462,121,188,66,96
1463,122,187,66,96
1464,123,187,66,96
1465,123,187,66,96
1466,124,187,66,96
1467,125,187,66,96
1468,125,187,66,96
1469,125,187,66,96
1470,125,187,66,96
1471,125,187,66,96
1472,125,186,66,96
1473,125,186,66,96
1474,125,186,66,96
1475,125,186,66,96
1476,126,185,66,96
1477,126,185,66,96
1478,126,185,66,96
1479,126,185,66,96
1480,126,185,66,96
1481,126,185,66,96
1482,126,185,66,96
1483,126,185,66,96
1484,127,185,66,96
1485,127,185,66,96
1486,128,185,66,96
1487,128,185,66,96
1488,129,185,66,96
1489,130,185,66,96
1490,130,185,66,96
1491,131,185,66,96
1492,131,185,66,96
1493,132,184,66,96
1494,133,183,66,96
1495,133,183,66,96
1496,133,183,66,96
1497,134,182,66,96
1498,134,181,66,96
1499,135,180,66,96
1500,135,180,66,96
1501,135,180,66,96
1502,136,179,66,96
1503,136,179,66,96
1504,137,178,66,96
1505,137,178,66,96
1506,138,177,66,96
1507,139,176,66,96
1508,140,175,66,96
1509,142,174,66,96
1510,142,174,66,96
1511,143,173,66,96
1512,145,172,66,96
1513,146,171,66,96
1514,147,170,66,96
1515,147,170,66,96
1516,148,169,66,96
1517,149,168,66,96
1518,150,168,66,96
1519,150,168,66,96
1520,150,168,66,96
1521,150,168,66,96
1522,150,167,66,96
1523,149,166,66,96
1524,149,166,66,96
1525,149,166,66,96
1526,149,166,66,96
1527,149,166,66,96
1528,149,166,66,96
1529,149,166,66,96
1530,149,166,66,96
1531,149,166,66,96
1532,149,166,66,96
1533,149,166,66,96
1534,148,167,66,96
1535,148,167,66,96
1536,147,168,66,96
1537,147,169,66,96
1538,145,170,66,96
1539,144,170,66,96
1540,144,170,66,96
1541,143,170,66,96
1542,141,170,66,96
1543,141,170,66,96
1544,140,170,66,96
1545,140,170,66,96
1546,140,170,66,96
1547,140,171,66,96
1548,140,171,66,96
1549,141,170,66,96
1550,141,170,66,96
1551,142,169,66,96
1552,144,167,66,96
1553,145,166,66,96
1554,146,165,66,96
1555,146,165,66,96
1556,148,164,66,96
1557,150,163,66,96
1558,152,162,66,96
1559,149,146,66,96
1560,149,146,66,96
1561,150,133,66,96
1562,150,132,66,96
1563,150,132,66,96
1564,150,132,66,96
1565,150,132,66,96
1566,150,132,66,96
1567,150,132,66,96
1568,150,132,66,96
1569,150,132,66,96
1570,150,132,66,96
1571,150,132,66,96
1572,150,132,66,96
1573,150,132,66,96
1574,150,132,66,96
1575,150,132,66,96
1576,150,132,66,96
1577,150,132,66,96
1578,150,132,66,96
1579,150,132,66,96
1580,150,132,66,96
1581,150,132,66,96
1582,150,132,66,96
1583,150,132,66,96
1584,150,132,66,96
1585,150,132,66,96
1586,150,132,66,96
1587,150,132,66,96
1588,150,131,66,96
1589,150,131,66,96
1590,150,131,66,96
1591,150,131,66,96
1592,150,131,66,96
1593,150,131,66,96
1594,150,131,66,96
1595,150,131,66,96
1596,150,131,66,96
1597,150,131,66,96
1598,150,131,66,96
1599,150,131,66,96
1600,150,131,66,96
1601,150,131,66,96
1602,150,131,66,96
1603,150,131,66,96
1604,150,131,66,96
1605,150,131,66,96
1606,150,131,66,96
1607,150,131,66,96
1608,150,131,66,96
1609,150,131,66,96
1610,149,131,66,96
1611,149,131,66,96
1612,149,131,66,96
1613,149,131,66,96
1614,149,131,66,96
1615,149,131,66,96
1616,149,131,66,96
1617,149,131,66,96
1618,149,131,66,96
1619,149,131,66,96
1620,149,131,66,96
1621,149,131,66,96
1622,149,131,66,96
1623,149,131,66,96
1624,149,131,66,96
1625,149,131,66,96
1626,149,131,66,96
1627,149,131,66,96
1628,149,131,66,96
1629,149,131,66,96
1630,149,131,66,96
1631,149,131,66,96
1632,149,131,66,96
1633,149,131,66,96
1634,149,131,66,96
1635,149,131,66,96
1636,149,131,66,96
1637,149,131,66,96
1638,149,131,66,96
1639,149,131,66,96
1640,149,131,66,96
1641,149,131,66,96
1642,149,131,66,96
1643,149,131,66,96
1644,149,131,66,96
1645,149,131,66,96
1646,149,131,66,96
1647,149,131,66,96
1648,149,131,66,96
1649,149,131,66,96
1650,149,131,66,96
1651,149,131,66,96
1652,149,131,66,96
1653,149,131,66,96
1654,148,132,66,96
1655,148,132,66,96
1656,147,133,66,96
1657,146,134,66,96
1658,146,135,66,96
1659,145,136,66,96
1660,145,136,66,96
1661,145,136,66,96
1662,145,136,66,96
1663,145,135,66,96
1664,145,134,66,96
1665,145,134,66,96
1666,145,133,66,96
1667,145,133,66,96
1668,145,133,66,96
1669,145,133,66,96
1670,145,133,66,96
1671,145,133,66,96
1672,145,132,66,96
1673,145,131,66,96
1674,145,131,66,96
1675,145,131,66,96
1676,145,131,66,96
1677,145,131,66,96
1678,145,131,66,96
1679,145,131,66,96
1680,145,131,66,96
1681,145,131,66,96
1682,145,131,66,96
1683,145,131,66,96
1684,145,131,66,96
1685,145,131,66,96
1686,145,131,66,96
1687,145,131,66,96
1688,145,131,66,96
1689,145,131,66,96
1690,145,131,66,96
1691,145,131,66,96
1692,146,130,66,96
1693,146,130,66,96
1694,146,130,66,96
1695,146,130,66,96
1696,146,130,66,96
1697,146,130,66,96
1698,146,129,66,96
1699,146,128,66,96
1700,146,128,66,96
1701,146,127,66,96
1702,146,126,66,96
1703,146,126,66,96
1704,146,126,66,96
1705,146,126,66,96
1706,146,126,66,96
1707,146,126,66,96
1708,146,125,66,96
1709,146,124,66,96
1710,146,124,66,96
1711,146,123,66,96
1712,146,122,66,96
1713,146,120,66,96
1714,146,119,66,96
1715,146,119,66,96
1716,146,118,66,96
1717,147,117,66,96
1718,148,116,66,96
1719,149,115,66,96
1720,149,115,66,96
1721,150,114,66,96
1722,151,113,66,96
1723,152,92,66,96
1724,152,92,66,96
1725,152,92,66,96
1726,152,92,66,96
1727,152,93,66,96
1728,152,93,66,96
1729,152,93,66,96
1730,152,93,66,96
1731,152,93,66,96
1732,152,93,66,96
1733,152,93,66,96
1734,152,93,66,96
1735,152,93,66,96
1736,152,91,66,96
1737,152,91,66,96
1738,152,91,66,96
1739,152,91,66,96
1740,152,91,66,96
1741,152,91,66,96
1742,152,91,66,96
1743,152,91,66,96
1744,152,91,66,96
1745,152,91,66,96
1746,152,91,66,96
1747,152,91,66,96
1748,152,91,66,96
1749,152,91,66,96
1750,152,91,66,96
1751,152,91,66,96
1752,152,91,66,96
1753,152,91,66,96
1754,152,91,66,96
1755,152,91,66,96
1756,152,91,66,96
1757,152,91,66,96
1758,152,90,66,96
1759,152,90,66,96
1760,152,90,66,96
1761,152,90,66,96
1762,152,90,66,96
1763,152,90,66,96
1764,152,90,66,96
1765,152,90,66,96
1766,152,90,66,96
1767,152,90,66,96
1768,152,90,66,96
1769,152,90,66,96
1770,152,90,66,96
1771,152,90,66,96
1772,152,91,66,96
1773,152,91,66,96
1774,152,91,66,96
1775,152,91,66,96
1776,152,91,66,96
1777,152,92,66,96
1778,152,92,66,96
1779,152,92,66,96
1780,152,92,66,96
1781,152,92,66,96
1782,152,92,66,96
1783,152,92,66,96
1784,152,92,66,96
1785,152,92,66,96
1786,152,92,66,96
1787,152,92,66,96
1788,152,92,66,96
1789,152,92,66,96
1790,152,92,66,96
1791,152,94,66,96
1792,152,94,66,96
1793,152,94,66,96
1794,151,94,66,96
1795,151,94,66,96
1796,150,93,66,96
1797,149,93,66,96
1798,148,91,66,96
1799,147,90,66,96
1800,147,90,66,96
1801,146,89,66,96
1802,145,88,66,96
1803,144,87,66,96
1804,143,86,66,96
1805,143,86,66,96
1806,142,85,66,96
1807,141,84,66,96
1808,139,82,66,96
1809,138,81,66,96
1810,138,81,66,96
1811,136,80,66,96
1812,134,79,66,96
1813,131,79,66,96
1814,127,76,66,96
1815,127,76,66,96
1816,123,73,66,96
1817,118,69,66,96
1818,112,64,66,96
1819,106,59,66,96
1820,106,59,66,96
1821,100,54,66,96
1822,94,51,66,96
1823,88,45,66,96
1824,83,41,66,96
1825,83,41,66,96
1826,78,35,66,96
1827,74,32,66,96
1828,70,28,66,96
1829,67,26,66,96
1830,67,26,66,96
1831,65,25,66,96
1832,63,23,66,96
1833,62,23,66,96
1834,63,25,66,96
1835,63,25,66,96
1836,65,27,66,96
1837,68,31,66,96
1838,71,34,66,96
1839,74,37,66,96
1840,74,37,66,96
1841,76,41,66,96
1842,77,43,66,96
1843,77,43,66,96
1844,77,44,66,96
1845,77,44,66,96
1846,77,44,66,96
1847,77,44,66,96
1848,77,44,66,96
1849,77,44,66,96
1850,77,44,66,96
1851,77,44,66,96
1852,77,44,66,96
1853,77,44,66,96
1854,77,44,66,96
1855,77,44,66,96
1856,77,44,66,96
1857,77,44,66,96
1858,77,44,66,96
1859,77,44,66,96
1860,77,44,66,96
1861,77,44,66,96
1862,77,44,66,96
1863,76,42,66,96
1864,75,40,66,96
1865,75,39,66,96
1866,74,37,66,96
1867,73,34,66,96
1868,72,33,66,96
1869,70,31,66,96
1870,70,31,66,96
1871,68,29,66,96
1872,65,28,66,96
1873,61,25,66,96
1874,56,20,66,96
1875,56,20,66,96
1876,51,16,66,96
1877,46,12,66,96
1878,227,121,66,96
1879,228,121,66,96
1880,228,121,66,96
1881,229,121,66,96
1882,231,121,66,96
1883,232,121,66,96
1884,233,121,66,96
1885,233,121,66,96
1886,234,121,66,96
1887,235,121,66,96
1888,236,121,66,96
1889,237,121,66,96
1890,237,121,66,96
1891,239,121,66,96
1892,241,121,66,96
1893,243,121,66,96
1894,245,121,66,96
1895,245,121,66,96
1896,246,121,66,96
1897,247,122,66,96
1898,248,123,66,96
1899,248,124,66,96
1900,248,124,66,96
1901,248,124,66,96
1902,248,124,66,96
1903,248,124,66,96
1904,248,124,66,96
1905,248,124,66,96
1906,248,124,66,96
1907,248,124,66,96
1908,248,124,66,96
1909,248,124,66,96
1910,248,124,66,96
1911,248,124,66,96
1912,248,124,66,96
1913,248,124,66,96
1914,248,124,66,96
1915,248,124,66,96
1916,248,124,66,96
1917,249,124,66,96
1918,249,124,66,96
1919,249,124,66,96
1920,249,124,66,96
1921,249,124,66,96
1922,249,124,66,96
1923,249,124,66,96
1924,249,124,66,96
1925,249,124,66,96
1926,249,124,66,96
1927,249,124,66,96
1928,249,123,66,96
1929,250,122,66,96
1930,250,122,66,96
1931,251,121,66,96
1932,251,120,66,96
1933,252,120,66,96
1934,253,120,66,96
1935,253,120,66,96
1936,253,120,66,96
1937,253,120,66,96
1938,253,120,66,96
1939,253,119,66,96
1940,253,119,66,96
1941,253,118,66,96
1942,253,118,66,96
1943,253,118,66,96
1944,253,118,66,96
1945,253,118,66,96
1946,253,119,66,96
1947,253,120,66,96
1948,253,120,66,96
1949,253,120,66,96
1950,253,120,66,96
1951,253,120,66,96
1952,253,121,66,96
1953,252,121,66,96
1954,252,121,66,96
1955,252,121,66,96
1956,251,120,66,96
1957,251,119,66,96
1958,251,119,66,96
1959,251,119,66,96
1960,251,119,66,96
1961,250,119,66,96
1962,250,119,66,96
1963,250,120,66,96
1964,250,121,66,96
1965,250,121,66,96
1966,250,121,66,96
1967,250,120,66,96
1968,251,119,66,96
1969,251,118,66,96
1970,251,118,66,96
1971,251,117,66,96
1972,251,116,66,96
1973,252,116,66,96
1974,252,115,66,96
1975,252,115,66,96
1976,253,115,66,96
1977,254,115,66,96
1978,254,115,66,96
1979,254,115,66,96
1980,254,115,66,96
1981,254,115,66,96
1982,254,115,66,96
1983,254,115,66,96
1984,254,115,66,96
1985,254,115,66,96
1986,254,115,66,96
1987,254,115,66,96
1988,254,115,66,96
1989,254,115,66,96
1990,254,115,66,96
1991,254,115,66,96
1992,254,115,66,96
1993,254,115,66,96
1994,254,115,66,96
1995,254,115,66,96
1996,254,115,66,96
1997,254,115,66,96
1998,254,115,66,96
1999,254,115,66,96
2000,254,115,66,96
2001,254,115,66,96
2002,254,115,66,96
2003,254,115,66,96
2004,254,115,66,96
2005,254,115,66,96
2006,254,115,66,96
2007,254,115,66,96
2008,254,115,66,96
2009,254,115,66,96
2010,254,115,66,96
2011,254,115,66,96
2012,254,115,66,96
2013,254,115,66,96
2014,254,115,66,96
2015,254,115,66,96
2016,254,115,66,96
2017,254,115,66,96
2018,254,115,66,96
2019,254,115,66,96
2020,254,115,66,96
2021,254,115,66,96
2022,254,115,66,96
2023,254,115,66,96
2024,254,115,66,96
2025,254,115,66,96
2026,254,115,66,96
2027,254,115,66,96
2028,254,115,66,96
2029,254,115,66,96
2030,254,115,66,96
2031,254,115,66,96
2032,123,108,66,96
2033,123,112,66,96
2034,123,112,66,96
2035,123,112,66,96
2036,123,112,66,96
2037,123,112,66,96
2038,123,112,66,96
2039,123,112,66,96
2040,123,113,66,96
2041,123,113,66,96
2042,123,113,66,96
2043,123,112,66,96
2044,123,112,66,96
2045,123,112,66,96
2046,123,112,66,96
2047,123,112,66,96
2048,123,112,66,96
2049,123,112,66,96
2050,123,112,66,96
2051,123,112,66,96
2052,123,113,66,96
2053,123,113,66,96
2054,123,115,66,96
2055,123,115,66,96
2056,123,115,66,96
2057,123,115,66,96
2058,123,115,66,96
2059,123,115,66,96
2060,123,114,66,96
2061,123,114,66,96
2062,123,114,66,96
2063,123,114,66,96
2064,123,114,66,96
2065,123,114,66,96
2066,123,114,66,96
2067,123,114,66,96
2068,123,113,66,96
2069,123,113,66,96
2070,123,113,66,96
2071,123,113,66,96
2072,123,113,66,96
2073,123,113,66,96
2074,123,113,66,96
2075,123,113,66,96
2076,123,113,66,96
2077,123,113,66,96
2078,123,113,66,96
2079,123,113,66,96
2080,123,113,66,96
2081,123,113,66,96
2082,123,113,66,96
2083,123,113,66,96
2084,123,114,66,96
2085,123,115,66,96
2086,123,115,66,96
2087,123,115,66,96
2088,123,115,66,96
2089,123,115,66,96
2090,123,115,66,96
2091,123,115,66,96
2092,123,115,66,96
2093,123,115,66,96
2094,123,115,66,96
2095,123,115,66,96
2096,123,115,66,96
2097,123,115,66,96
2098,123,115,66,96
2099,123,115,66,96
2100,123,115,66,96
2101,123,115,66,96
2102,123,115,66,96
2103,123,115,66,96
2104,123,115,66,96
2105,123,115,66,96
2106,123,116,66,96
2107,123,116,66,96
2108,123,115,66,96
2109,123,115,66,96
2110,123,116,66,96
2111,123,116,66,96
2112,123,116,66,96
2113,123,116,66,96
2114,123,116,66,96
2115,123,116,66,96
2116,123,116,66,96
2117,123,116,66,96
2118,123,116,66,96
2119,123,116,66,96
2120,123,116,66,96
2121,123,116,66,96
2122,123,116,66,96
2123,123,116,66,96
2124,123,116,66,96
2125,123,116,66,96
2126,123,116,66,96
2127,123,116,66,96
2128,123,116,66,96
2129,123,116,66,96
2130,123,116,66,96
2131,123,116,66,96
2132,123,115,66,96
2133,123,115,66,96
2134,123,115,66,96
2135,123,115,66,96
2136,123,116,66,96
2137,123,115,66,96
2138,123,114,66,96
2139,123,113,66,96
2140,123,114,66,96
2141,123,114,66,96
2142,123,114,66,96
2143,123,114,66,96
2144,123,114,66,96
2145,123,113,66,96
2146,123,113,66,96
2147,123,113,66,96
2148,123,113,66,96
2149,123,113,66,96
2150,123,113,66,96
2151,123,113,66,96
2152,123,113,66,96
2153,123,113,66,96
2154,123,113,66,96
2155,123,113,66,96
2156,123,113,66,96
2157,123,113,66,96
2158,123,113,66,96
2159,123,113,66,96
2160,123,113,66,96
2161,123,113,66,96
2162,123,114,66,96
2163,123,114,66,96
2164,123,114,66,96
2165,123,114,66,96
2166,123,114,66,96
2167,123,113,66,96
2168,123,113,66,96
2169,123,113,66,96
2170,123,113,66,96
2171,123,113,66,96
2172,123,113,66,96
2173,123,113,66,96
2174,123,113,66,96
2175,123,113,66,96
2176,123,113,66,96
2177,123,113,66,96
2178,123,113,66,96
2179,123,113,66,96
2180,474,209,66,96
2181,475,209,66,96
2182,475,209,66,96
2183,475,209,66,96
2184,475,209,66,96
2185,475,209,66,96
2186,475,209,66,96
2187,475,209,66,96
2188,475,209,66,96
2189,475,209,66,96
2190,475,209,66,96
2191,475,209,66,96
2192,475,209,66,96
2193,475,209,66,96
2194,475,209,66,96
2195,475,209,66,96
2196,475,209,66,96
2197,475,209,66,96
2198,475,209,66,96
2199,475,209,66,96
2200,475,209,66,96
2201,475,209,66,96
2202,475,209,66,96
2203,475,209,66,96
2204,475,209,66,96
2205,475,209,66,96
2206,475,209,66,96
2207,475,209,66,96
2208,475,209,66,96
2209,475,209,66,96
2210,475,209,66,96
2211,475,209,66,96
2212,475,209,66,96
2213,475,209,66,96
2214,475,209,66,96
2215,475,209,66,96
2216,475,209,66,96
2217,475,209,66,96
2218,475,209,66,96
2219,475,209,66,96
2220,475,209,66,96
2221,475,209,66,96
2222,475,209,66,96
2223,475,209,66,96
2224,475,209,66,96
2225,475,209,66,96
2226,475,209,66,96
2227,475,209,66,96
2228,475,209,66,96
2229,475,209,66,96
2230,475,209,66,96
2231,475,209,66,96
2232,475,209,66,96
2233,475,209,66,96
2234,475,209,66,96
2235,475,209,66,96
2236,475,209,66,96
2237,475,209,66,96
2238,475,209,66,96
2239,475,209,66,96
2240,475,209,66,96
2241,475,209,66,96
2242,475,209,66,96
2243,475,209,66,96
2244,475,209,66,96
2245,475,209,66,96
2246,475,209,66,96
2247,475,209,66,96
2248,475,209,66,96
2249,475,209,66,96
2250,475,209,66,96
2251,475,209,66,96
2252,475,209,66,96
2253,475,209,66,96
2254,475,209,66,96
2255,475,209,66,96
2256,475,209,66,96
2257,475,209,66,96
2258,475,209,66,96
2259,475,209,66,96
2260,475,209,66,96
2261,475,209,66,96
2262,475,209,66,96
2263,475,209,66,96
2264,475,209,66,96
2265,475,209,66,96
2266,475,209,66,96
2267,475,209,66,96
2268,475,209,66,96
2269,475,209,66,96
2270,475,209,66,96
2271,475,209,66,96
2272,475,209,66,96
2273,475,209,66,96
2274,475,209,66,96
2275,475,209,66,96
2276,475,209,66,96
2277,475,209,66,96
2278,475,209,66,96
2279,475,209,66,96
2280,475,209,66,96
2281,475,209,66,96
2282,475,209,66,96
2283,475,209,66,96
2284,475,209,66,96
2285,475,209,66,96
2286,475,209,66,96
2287,475,209,66,96
2288,475,209,66,96
2289,475,209,66,96
2290,475,209,66,96
2291,475,209,66,96
2292,475,209,66,96
2293,475,209,66,96
2294,475,209,66,96
2295,475,209,66,96
2296,475,209,66,96
2297,475,209,66,96
2298,475,209,66,96
2299,475,209,66,96
2300,475,209,66,96
2301,475,209,66,96
2302,475,209,66,96
2303,475,209,66,96
2304,475,209,66,96
2305,475,209,66,96
2306,475,209,66,96
2307,475,209,66,96
2308,475,209,66,96
2309,475,209,66,96
2310,475,209,66,96
2311,475,209,66,96
2312,475,209,66,96
2313,475,209,66,96
2314,475,209,66,96
2315,475,209,66,96
2316,475,209,66,96
2317,475,209,66,96
2318,475,209,66,96
2319,475,209,66,96
2320,475,209,66,96
2321,475,209,66,96
2322,474,209,66,96
2323,474,209,66,96
2324,474,209,66,96
2325,474,209,66,96
2326,474,209,66,96
2327,474,209,66,96
2328,474,209,66,96
2329,474,209,66,96
2330,474,209,66,96
2331,474,209,66,96
2332,474,209,66,96
2333,474,209,66,96
2334,474,209,66,96
2335,474,209,66,96
2336,474,209,66,96
2337,474,209,66,96
2338,474,209,66,96
2339,474,209,66,96
2340,474,209,66,96
2341,474,209,66,96
2342,474,209,66,96
2343,474,209,66,96
2344,474,209,66,96
2345,474,209,66,96
2346,474,209,66,96
2347,474,209,66,96
2348,474,209,66,96
2349,474,209,66,96
2350,474,209,66,96
2351,473,198,66,96
2352,473,198,66,96
2353,473,198,66,96
2354,473,198,66,96
2355,473,198,66,96
2356,473,198,66,96
2357,473,198,66,96
2358,473,197,66,96
2359,473,197,66,96
2360,473,197,66,96
2361,473,197,66,96
2362,473,197,66,96
2363,473,196,66,96
2364,473,196,66,96
2365,473,196,66,96
2366,473,196,66,96
2367,473,195,66,96
2368,473,194,66,96
2369,473,194,66,96
2370,472,194,66,96
2371,471,194,66,96
2372,470,194,66,96
2373,470,194,66,96
2374,470,194,66,96
2375,470,194,66,96
2376,470,194,66,96
2377,470,194,66,96
2378,470,194,66,96
2379,470,194,66,96
2380,470,194,66,96
2381,470,194,66,96
2382,470,194,66,96
2383,471,194,66,96
2384,471,194,66,96
2385,472,195,66,96
2386,474,195,66,96
2387,475,197,66,96
2388,475,198,66,96
2389,475,198,66,96
2390,475,197,66,96
2391,474,196,66,96
2392,472,196,66,96
2393,470,196,66,96
2394,470,196,66,96
2395,466,196,66,96
2396,461,197,66,96
2397,456,197,66,96
2398,450,198,66,96
2399,450,198,66,96
2400,443,199,66,96
2401,436,200,66,96
2402,428,202,66,96
2403,420,203,66,96
2404,420,203,66,96
2405,413,212,66,96
2406,408,214,66,96
2407,404,214,66,96
2408,401,214,66,96
2409,401,214,66,96
2410,399,214,66,96
2411,398,214,66,96
2412,397,214,66,96
2413,397,213,66,96
2414,398,213,66,96
2415,397,212,66,96
2416,397,211,66,96
2417,397,210,66,96
2418,397,209,66,96
2419,397,209,66,96
2420,398,208,66,96
2421,399,207,66,96
2422,400,209,66,96
2423,401,212,66,96
2424,401,212,66,96
2425,402,215,66,96
2426,428,222,66,96
2427,427,222,66,96
2428,427,222,66,96
2429,427,222,66,96
2430,428,221,66,96
2431,429,220,66,96
2432,429,220,66,96
2433,427,222,66,96
2434,427,223,66,96
2435,425,225,66,96
2436,424,227,66,96
2437,423,229,66,96
2438,422,232,66,96
2439,422,232,66,96
2440,422,235,66,96
2441,422,238,66,96
2442,422,240,66,96
2443,422,244,66,96
2444,422,243,66,96
2445,422,247,66,96
2446,422,252,66,96
2447,422,256,66,96
2448,422,260,66,96
2449,422,260,66,96
2450,422,263,66,96
2451,422,263,66,96
2452,421,262,66,96
2453,421,263,66,96
2454,421,263,66,96
2455,419,263,66,96
2456,419,263,66,96
2457,418,263,66,96
2458,417,263,66,96
2459,416,262,66,96
2460,416,263,66,96
2461,415,263,66,96
2462,414,263,66,96
2463,414,263,66,96
2464,413,263,66,96
2465,412,262,66,96
2466,412,262,66,96
2467,412,262,66,96
2468,412,262,66,96
2469,412,262,66,96
2470,412,262,66,96
2471,412,261,66,96
2472,412,260,66,96
2473,412,259,66,96
2474,412,259,66,96
2475,413,258,66,96
2476,414,257,66,96
2477,414,256,66,96
2478,414,255,66,96
2479,414,255,66,96
2480,414,254,66,96
2481,415,253,66,96
2482,415,252,66,96
2483,416,251,66,96
2484,416,251,66,96
2485,416,250,66,96
2486,417,250,66,96
2487,417,250,66,96
2488,418,250,66,96
2489,418,250,66,96
2490,419,250,66,96
2491,420,250,66,96
2492,421,250,66,96
2493,422,250,66,96
2494,421,250,66,96
2495,422,250,66,96
2496,423,250,66,96
2497,424,250,66,96
2498,424,250,66,96
2499,424,250,66,96
2500,424,250,66,96
2501,424,250,66,96
2502,425,250,66,96
2503,426,250,66,96
2504,426,250,66,96
2505,427,250,66,96
2506,428,250,66,96
2507,429,250,66,96
2508,430,250,66,96
2509,430,250,66,96
2510,431,250,66,96
2511,432,250,66,96
2512,433,250,66,96
2513,434,250,66,96
2514,434,250,66,96
2515,435,250,66,96
2516,436,250,66,96
2517,437,250,66,96
2518,438,250,66,96
2519,439,250,66,96
2520,440,250,66,96
2521,442,251,66,96
2522,443,251,66,96
2523,444,251,66,96
2524,444,251,66,96
2525,445,251,66,96
2526,446,251,66,96
2527,447,251,66,96
2528,448,252,66,96
2529,448,252,66,96
2530,449,252,66,96
2531,450,253,66,96
2532,451,253,66,96
2533,452,253,66,96
2534,452,253,66,96
2535,453,254,66,96
2536,454,255,66,96
2537,456,256,66,96
2538,457,257,66,96
2539,457,257,66,96
2540,458,257,66,96
2541,459,257,66,96
2542,460,257,66,96
2543,461,258,66,96
2544,461,258,66,96
2545,462,259,66,96
2546,463,260,66,96
2547,463,260,66,96
2548,463,260,66,96
2549,463,260,66,96
2550,463,260,66,96
2551,464,261,66,96
2552,465,262,66,96
2553,466,262,66,96
2554,466,262,66,96
2555,467,262,66,96
2556,467,262,66,96
2557,467,262,66,96
2558,467,262,66,96
2559,467,262,66,96
2560,467,262,66,96
2561,467,262,66,96
2562,467,262,66,96
2563,467,262,66,96
2564,467,262,66,96
2565,467,262,66,96
2566,467,262,66,96
2567,467,262,66,96
2568,467,262,66,96
2569,467,262,66,96
2570,467,262,66,96
2571,467,262,66,96
2572,467,262,66,96
2573,467,262,66,96
2574,467,262,66,96
2575,467,262,66,96
2576,467,262,66,96
2577,467,262,66,96
2578,467,262,66,96
2579,467,262,66,96
2580,467,262,66,96
2581,467,262,66,96
2582,467,262,66,96
2583,467,262,66,96
2584,467,262,66,96
2585,467,262,66,96
2586,467,262,66,96
2587,467,262,66,96
2588,467,262,66,96
2589,467,262,66,96
2590,467,262,66,96
2591,467,262,66,96
2592,467,262,66,96
2593,467,262,66,96
2594,467,262,66,96
2595,467,262,66,96
2596,467,262,66,96
2597,467,262,66,96
2598,467,262,66,96
2599,467,262,66,96
2600,467,262,66,96
2601,467,262,66,96
2602,467,262,66,96
2603,467,262,66,96
2604,467,262,66,96
2605,467,262,66,96
2606,467,262,66,96
2607,467,262,66,96
2608,467,262,66,96
2609,467,262,66,96
2610,467,262,66,96
2611,467,262,66,96
2612,467,262,66,96
2613,467,262,66,96
2614,467,262,66,96
2615,467,262,66,96
2616,467,262,66,96
2617,467,262,66,96
2618,467,262,66,96
2619,467,262,66,96
2620,467,262,66,96
2621,467,262,66,96
2622,467,262,66,96
2623,467,262,66,96
2624,467,262,66,96
2625,467,262,66,96
2626,467,262,66,96
2627,467,262,66,96
2628,467,262,66,96
2629,467,262,66,96
2630,467,262,66,96
2631,467,262,66,96
2632,468,262,66,96
2633,468,262,66,96
2634,468,262,66,96
2635,468,262,66,96
2636,468,262,66,96
2637,468,262,66,96
2638,468,262,66,96
2639,468,262,66,96
2640,468,262,66,96
2641,468,262,66,96
2642,468,262,66,96
2643,468,262,66,96
2644,468,262,66,96
2645,468,262,66,96
2646,468,262,66,96
2647,468,262,66,96
2648,468,262,66,96
2649,468,262,66,96
2650,468,262,66,96
2651,468,262,66,96
2652,468,262,66,96
2653,468,262,66,96
2654,468,262,66,96
2655,468,262,66,96
2656,468,262,66,96
2657,468,262,66,96
2658,468,262,66,96
2659,468,262,66,96
2660,468,262,66,96
2661,468,262,66,96
2662,468,262,66,96
2663,468,262,66,96
2664,468,262,66,96
2665,468,262,66,96
2666,468,262,66,96
2667,468,262,66,96
2668,468,262,66,96
2669,468,262,66,96
2670,468,262,66,96
2671,468,262,66,96
2672,468,262,66,96
2673,468,262,66,96
2674,468,262,66,96
2675,468,262,66,96
2676,468,262,66,96
2677,468,262,66,96
2678,468,262,66,96
2679,468,262,66,96
2680,468,262,66,96
2681,468,262,66,96
2682,468,262,66,96
2683,467,262,66,96
2684,467,262,66,96
2685,467,262,66,96
2686,467,262,66,96
2687,467,262,66,96
2688,467,262,66,96
2689,467,262,66,96
2690,467,262,66,96
2691,467,262,66,96
2692,467,262,66,96
2693,467,262,66,96
2694,467,262,66,96
2695,467,262,66,96
2696,467,262,66,96
2697,467,262,66,96
2698,467,262,66,96
2699,467,262,66,96
2700,467,262,66,96
2701,467,262,66,96
2702,467,262,66,96
2703,467,262,66,96
2704,467,262,66,96
2705,467,262,66,96
2706,467,262,66,96
2707,467,262,66,96
2708,467,262,66,96
2709,467,262,66,96
2710,467,262,66,96
2711,467,262,66,96
2712,467,262,66,96
2713,467,262,66,96
2714,467,262,66,96
2715,467,262,66,96
2716,467,262,66,96
2717,467,262,66,96
2718,467,262,66,96
2719,467,262,66,96
2720,467,262,66,96
2721,467,262,66,96
2722,467,262,66,96
2723,467,262,66,96
2724,467,262,66,96
2725,467,262,66,96
2726,467,262,66,96
2727,467,262,66,96
2728,467,262,66,96
2729,467,262,66,96
2730,467,262,66,96
2731,467,262,66,96
2732,467,262,66,96
2733,467,262,66,96
2734,467,262,66,96
2735,467,262,66,96
2736,467,262,66,96
2737,467,262,66,96
2738,467,262,66,96
2739,467,262,66,96
2740,467,262,66,96
2741,467,262,66,96
2742,467,262,66,96
2743,467,262,66,96
2744,467,262,66,96
2745,467,262,66,96
2746,467,262,66,96
2747,467,262,66,96
2748,467,262,66,96
2749,467,262,66,96
2750,467,262,66,96
2751,467,262,66,96
2752,467,262,66,96
2753,467,262,66,96
2754,467,262,66,96
2755,467,262,66,96
2756,467,262,66,96
2757,467,262,66,96
2758,467,262,66,96
2759,467,262,66,96
2760,467,262,66,96
2761,467,262,66,96
2762,467,262,66,96
2763,467,262,66,96
2764,467,262,66,96
2765,467,262,66,96
2766,467,262,66,96
2767,468,262,66,96
2768,468,262,66,96
2769,468,262,66,96
2770,468,262,66,96
2771,468,262,66,96
2772,468,262,66,96
2773,467,262,66,96
2774,467,262,66,96
2775,467,262,66,96
2776,467,262,66,96
2777,467,262,66,96
2778,467,261,66,96
2779,467,261,66,96
2780,467,261,66,96
2781,467,261,66,96
2782,467,261,66,96
2783,467,261,66,96
2784,467,261,66,96
2785,467,261,66,96
2786,467,261,66,96
2787,467,261,66,96
2788,467,261,66,96
2789,467,261,66,96
2790,467,261,66,96
2791,467,261,66,96
2792,467,261,66,96
2793,467,261,66,96
2794,467,261,66,96
2795,467,261,66,96
2796,467,261,66,96
2797,467,261,66,96
2798,467,261,66,96
2799,467,261,66,96
2800,467,261,66,96
2801,467,261,66,96
2802,467,261,66,96
2803,467,261,66,96
2804,467,261,66,96
2805,467,261,66,96
2806,467,261,66,96
2807,467,261,66,96
2808,467,261,66,96
2809,467,261,66,96
2810,467,261,66,96
2811,467,261,66,96
2812,467,261,66,96
2813,467,261,66,96
2814,467,261,66,96
2815,467,261,66,96
2816,467,261,66,96
2817,467,261,66,96
2818,467,261,66,96
2819,467,261,66,96
2820,467,261,66,96
2821,467,261,66,96
2822,467,261,66,96
2823,467,261,66,96
2824,467,261,66,96
2825,467,261,66,96
2826,467,261,66,96
2827,467,261,66,96
2828,467,261,66,96
2829,467,261,66,96
2830,467,261,66,96
2831,467,261,66,96
2832,467,261,66,96
2833,467,261,66,96
2834,467,261,66,96
2835,467,261,66,96
2836,467,261,66,96
2837,467,261,66,96
2838,467,261,66,96
2839,467,261,66,96
2840,467,261,66,96
2841,467,261,66,96
2842,467,261,66,96
2843,467,261,66,96
2844,467,261,66,96
2845,467,261,66,96
2846,467,261,66,96
2847,467,261,66,96
2848,467,261,66,96
2849,467,261,66,96
2850,467,261,66,96
2851,467,261,66,96
2852,467,261,66,96
2853,467,261,66,96
2854,467,261,66,96
2855,467,261,66,96
2856,467,261,66,96
2857,467,261,66,96
2858,467,261,66,96
2859,467,261,66,96
2860,467,261,66,96
2861,467,261,66,96
2862,467,261,66,96
2863,467,261,66,96
2864,467,261,66,96
2865,467,261,66,96
2866,467,261,66,96
2867,467,261,66,96
2868,467,261,66,96
2869,467,261,66,96
2870,468,260,66,96
2871,471,258,66,96
2872,473,255,66,96
2873,475,252,66,96
2874,475,252,66,96
2875,476,252,66,96
2876,477,252,66,96
2877,525,234,66,96
2878,525,234,66,96
2879,525,234,66,96
2880,525,233,66,96
2881,525,233,66,96
2882,525,233,66,96
2883,525,233,66,96
2884,525,233,66,96
2885,525,233,66,96
2886,525,233,66,96
2887,525,233,66,96
2888,525,233,66,96
2889,525,233,66,96
2890,525,233,66,96
2891,525,233,66,96
2892,525,233,66,96
2893,525,233,66,96
2894,525,233,66,96
2895,525,233,66,96
2896,525,233,66,96
2897,525,233,66,96
2898,525,233,66,96
2899,525,233,66,96
2900,525,233,66,96
2901,525,233,66,96
2902,525,233,66,96
2903,525,234,66,96
2904,525,234,66,96
2905,525,234,66,96
2906,525,234,66,96
2907,525,234,66,96
2908,525,235,66,96
2909,525,235,66,96
2910,525,235,66,96
2911,525,235,66,96
2912,525,235,66,96
2913,525,235,66,96
2914,525,235,66,96
2915,525,235,66,96
2916,525,235,66,96
2917,525,235,66,96
2918,525,235,66,96
2919,525,235,66,96
2920,525,235,66,96
2921,525,235,66,96
2922,525,235,66,96
2923,533,199,66,96
2924,533,199,66,96
2925,532,199,66,96
2926,532,199,66,96
2927,532,199,66,96
2928,532,199,66,96
2929,532,199,66,96
2930,532,199,66,96
2931,532,199,66,96
2932,532,199,66,96
2933,532,199,66,96
2934,532,199,66,96
2935,532,199,66,96
2936,532,199,66,96
2937,532,199,66,96
2938,532,199,66,96
2939,532,199,66,96
2940,532,199,66,96
2941,532,199,66,96
2942,532,199,66,96
2943,532,199,66,96
2944,532,199,66,96
2945,532,199,66,96
2946,532,199,66,96
2947,532,199,66,96
2948,532,199,66,96
2949,532,199,66,96
2950,532,199,66,96
2951,532,199,66,96
2952,532,199,66,96
2953,532,199,66,96
2954,532,199,66,96
2955,532,199,66,96
2956,532,199,66,96
2957,532,199,66,96
2958,532,199,66,96
2959,532,199,66,96
2960,532,199,66,96
2961,532,199,66,96
2962,532,199,66,96
2963,532,199,66,96
2964,532,199,66,96
2965,532,199,66,96
2966,532,199,66,96
2967,532,199,66,96
2968,532,199,66,96
2969,532,199,66,96
2970,532,199,66,96
2971,532,199,66,96
2972,532,199,66,96
2973,532,199,66,96
2974,532,199,66,96
2975,532,199,66,96
2976,532,199,66,96
2977,532,199,66,96
2978,532,199,66,96
2979,532,199,66,96
2980,532,199,66,96
2981,532,199,66,96
2982,532,199,66,96
2983,532,199,66,96
2984,532,199,66,96
2985,532,199,66,96
2986,532,199,66,96
2987,532,199,66,96
2988,532,199,66,96
2989,532,199,66,96
2990,532,199,66,96
2991,532,199,66,96
2992,532,199,66,96
2993,532,199,66,96
2994,532,199,66,96
2995,532,199,66,96
2996,532,199,66,96
2997,532,199,66,96
2998,532,200,66,96
2999,532,200,66,96
3000,532,200,66,96
3001,532,200,66,96
3002,532,200,66,96
3003,532,200,66,96
3004,532,200,66,96
3005,532,200,66,96
3006,532,200,66,96
3007,532,200,66,96
3008,532,200,66,96
3009,532,200,66,96
3010,532,200,66,96
3011,532,200,66,96
3012,532,200,66,96
3013,532,200,66,96
3014,532,200,66,96
3015,532,200,66,96
3016,532,200,66,96
3017,532,200,66,96
3018,532,200,66,96
3019,532,200,66,96
3020,532,201,66,96
3021,532,201,66,96
3022,532,201,66,96
3023,532,201,66,96
3024,532,201,66,96
3025,532,201,66,96
3026,532,201,66,96
3027,532,201,66,96
3028,532,201,66,96
3029,532,201,66,96
3030,532,201,66,96
3031,532,201,66,96
3032,532,201,66,96
3033,532,201,66,96
3034,532,201,66,96
3035,532,201,66,96
3036,532,201,66,96
3037,532,201,66,96
3038,532,201,66,96
3039,532,201,66,96
3040,532,201,66,96
3041,532,201,66,96
3042,532,201,66,96
3043,532,201,66,96
3044,532,201,66,96
3045,532,201,66,96
3046,532,201,66,96
3047,531,201,66,96
3048,531,201,66,96
3049,531,201,66,96
3050,531,201,66,96
3051,531,201,66,96
3052,531,201,66,96
3053,531,201,66,96
3054,531,201,66,96
3055,531,201,66,96
3056,531,201,66,96
3057,531,201,66,96
3058,531,201,66,96
3059,531,201,66,96
3060,531,201,66,96
3061,531,201,66,96
3062,531,201,66,96
3063,531,201,66,96
3064,531,201,66,96
3065,531,201,66,96
3066,531,201,66,96
3067,531,201,66,96
3068,531,201,66,96
3069,531,201,66,96
3070,531,201,66,96
3071,531,201,66,96
3072,531,201,66,96
3073,531,201,66,96
3074,531,201,66,96
3075,531,201,66,96
3076,531,201,66,96
3077,531,201,66,96
3078,531,201,66,96
3079,531,201,66,96
3080,531,201,66,96
3081,531,201,66,96
3082,531,201,66,96
3083,531,201,66,96
3084,531,201,66,96
3085,531,201,66,96
3086,531,201,66,96
3087,531,201,66,96
3088,531,201,66,96
3089,531,201,66,96
3090,531,201,66,96
3091,531,201,66,96
3092,531,201,66,96
3093,531,201,66,96
3094,531,201,66,96
3095,531,201,66,96
3096,531,201,66,96
3097,531,201,66,96
3098,531,201,66,96
3099,531,201,66,96
3100,531,201,66,96
3101,531,201,66,96
3102,531,201,66,96
3103,531,201,66,96
3104,531,201,66,96
3105,531,201,66,96
3106,531,201,66,96
3107,531,201,66,96
3108,531,201,66,96
3109,531,201,66,96
3110,531,201,66,96
3111,531,201,66,96
3112,531,201,66,96
3113,531,201,66,96
3114,531,201,66,96
3115,531,201,66,96
3116,531,201,66,96
3117,531,201,66,96
3118,531,201,66,96
3119,531,201,66,96
3120,531,201,66,96
3121,531,201,66,96
3122,531,201,66,96
3123,531,201,66,96
3124,531,201,66,96
3125,531,201,66,96
3126,531,201,66,96
3127,531,201,66,96
3128,531,201,66,96
3129,531,201,66,96
3130,531,201,66,96
3131,531,201,66,96
3132,531,201,66,96
3133,531,201,66,96
3134,531,201,66,96
3135,531,201,66,96
3136,531,201,66,96
3137,531,201,66,96
3138,531,201,66,96
3139,531,201,66,96
3140,11,114,66,96
3141,11,114,66,96
3142,11,114,66,96
3143,11,114,66,96
3144,11,114,66,96
3145,10,114,66,96
3146,10,114,66,96
3147,10,114,66,96
3148,10,114,66,96
3149,10,114,66,96
3150,10,114,66,96
3151,10,114,66,96
3152,10,114,66,96
3153,10,114,66,96
3154,10,114,66,96
3155,10,114,66,96
3156,10,114,66,96
3157,10,114,66,96
3158,10,114,66,96
3159,10,114,66,96
3160,10,114,66,96
3161,10,114,66,96
3162,10,114,66,96
3163,10,114,66,96
3164,10,114,66,96
3165,121,132,66,96
3166,121,132,66,96
3167,121,132,66,96
3168,121,132,66,96
3169,121,132,66,96
3170,121,132,66,96
3171,122,132,66,96
3172,123,132,66,96
3173,123,132,66,96
3174,124,131,66,96
3175,127,131,66,96
3176,129,131,66,96
3177,131,131,66,96
3178,131,131,66,96
3179,133,131,66,96
3180,135,132,66,96
3181,136,134,66,96
3182,137,135,66,96
3183,137,135,66,96
3184,137,137,66,96
3185,137,139,66,96
3186,137,142,66,96
3187,137,144,66,96
3188,137,144,66,96
3189,137,145,66,96
3190,136,145,66,96
3191,136,144,66,96
3192,135,143,66,96
3193,135,143,66,96
3194,134,142,66,96
3195,132,141,66,96
3196,130,141,66,96
3197,128,141,66,96
3198,128,141,66,96
3199,127,141,66,96
3200,126,141,66,96
3201,126,141,66,96
3202,126,141,66,96
3203,126,141,66,96
3204,126,141,66,96
3205,127,141,66,96
3206,128,141,66,96
3207,130,142,66,96
3208,130,142,66,96
3209,131,143,66,96
3210,132,144,66,96
3211,132,144,66,96
3212,132,144,66,96
3213,132,144,66,96
3214,132,144,66,96
3215,132,143,66,96
3216,131,142,66,96
3217,130,141,66,96
3218,130,141,66,96
3219,129,140,66,96
3220,128,139,66,96
3221,127,139,66,96
3222,126,139,66,96
3223,126,139,66,96
3224,125,139,66,96
3225,124,139,66,96
3226,123,139,66,96
3227,122,139,66,96
3228,122,139,66,96
3229,120,138,66,96
3230,119,138,66,96
3231,118,138,66,96
3232,117,137,66,96
3233,117,137,66,96
3234,117,136,66,96
3235,117,135,66,96
3236,117,133,66,96
3237,117,132,66,96
3238,117,132,66,96
3239,117,131,66,96
3240,118,131,66,96
3241,119,131,66,96
3242,120,131,66,96
3243,120,131,66,96
3244,121,131,66,96
3245,122,131,66,96
3246,123,131,66,96
3247,124,131,66,96
3248,124,131,66,96
3249,125,131,66,96
3250,125,131,66,96
3251,125,131,66,96
3252,125,131,66,96
3253,125,131,66,96
3254,125,131,66,96
3255,125,131,66,96
3256,125,131,66,96
3257,125,130,66,96
3258,125,130,66,96
3259,125,129,66,96
3260,125,128,66,96
3261,125,127,66,96
3262,125,126,66,96
3263,125,126,66,96
3264,125,126,66,96
3265,125,126,66,96
3266,124,126,66,96
3267,124,126,66,96
3268,124,126,66,96
3269,124,125,66,96
3270,124,125,66,96
3271,124,125,66,96
3272,124,125,66,96
3273,124,125,66,96
3274,124,125,66,96
3275,124,126,66,96
3276,124,127,66,96
3277,124,128,66,96
3278,124,128,66,96
3279,124,129,66,96
3280,124,130,66,96
3281,124,131,66,96
3282,124,132,66,96
3283,124,132,66,96
3284,124,133,66,96
3285,124,134,66,96
3286,124,134,66,96
3287,124,134,66,96
3288,124,134,66,96
3289,124,134,66,96
3290,124,134,66,96
3291,124,134,66,96
3292,124,134,66,96
3293,124,134,66,96
3294,124,133,66,96
3295,124,133,66,96
3296,124,133,66,96
3297,124,133,66,96
3298,124,133,66,96
3299,124,133,66,96
3300,124,133,66,96
3301,124,133,66,96
3302,124,133,66,96
3303,124,133,66,96
3304,124,133,66,96
3305,124,133,66,96
3306,124,133,66,96
3307,124,133,66,96
3308,124,133,66,96
3309,124,133,66,96
3310,124,133,66,96
3311,124,133,66,96
3312,124,133,66,96
3313,124,133,66,96
3314,124,133,66,96
3315,124,133,66,96
3316,124,133,66,96
3317,124,133,66,96
3318,124,133,66,96
3319,124,133,66,96
3320,124,133,66,96
3321,124,133,66,96
3322,124,133,66,96
3323,124,133,66,96
3324,124,133,66,96
3325,124,133,66,96
3326,124,133,66,96
3327,124,133,66,96
3328,124,133,66,96
3329,124,133,66,96
3330,124,133,66,96
3331,124,133,66,96
3332,124,133,66,96
3333,124,133,66,96
3334,124,133,66,96
3335,124,133,66,96
3336,124,133,66,96
3337,124,133,66,96
3338,124,133,66,96
3339,124,133,66,96
3340,124,133,66,96
3341,124,133,66,96
3342,124,133,66,96
3343,124,133,66,96
3344,124,133,66,96
3345,124,133,66,96
3346,124,133,66,96
3347,124,133,66,96
3348,124,133,66,96
3349,124,133,66,96
3350,124,133,66,96
3351,124,133,66,96
3352,124,133,66,96
3353,124,133,66,96
3354,124,133,66,96
3355,124,133,66,96
3356,124,133,66,96
3357,124,133,66,96
3358,125,133,66,96
3359,125,133,66,96
3360,125,133,66,96
3361,125,133,66,96
3362,125,133,66,96
3363,126,133,66,96
3364,126,133,66,96
3365,126,133,66,96
3366,126,133,66,96
3367,126,133,66,96
3368,126,133,66,96
3369,126,133,66,96
3370,126,133,66,96
3371,126,133,66,96
3372,126,133,66,96
3373,126,133,66,96
3374,126,133,66,96
3375,126,133,66,96
3376,126,133,66,96
3377,126,133,66,96
3378,126,133,66,96
3379,126,133,66,96
3380,126,133,66,96
3381,126,133,66,96
3382,126,133,66,96
3383,126,133,66,96
3384,126,133,66,96
3385,126,133,66,96
3386,126,132,66,96
3387,127,132,66,96
3388,127,132,66,96
3389,127,132,66,96
3390,127,132,66,96
3391,128,133,66,96
3392,129,134,66,96
3393,129,134,66,96
3394,130,135,66,96
3395,131,136,66,96
3396,132,137,66,96
3397,132,138,66,96
3398,132,138,66,96
3399,133,139,66,96
3400,133,139,66,96
3401,133,139,66,96
3402,133,139,66,96
3403,133,139,66,96
3404,133,139,66,96
3405,133,139,66,96
3406,133,139,66,96
3407,133,139,66,96
3408,133,139,66,96
3409,133,139,66,96
3410,133,139,66,96
3411,133,139,66,96
3412,133,139,66,96
3413,133,139,66,96
3414,133,139,66,96
3415,132,139,66,96
3416,131,138,66,96
3417,130,137,66,96
3418,130,137,66,96
3419,129,137,66,96
3420,129,137,66,96
3421,129,137,66,96
3422,129,137,66,96
3423,129,137,66,96
3424,129,137,66,96
3425,129,137,66,96
3426,129,137,66,96
3427,129,137,66,96
3428,129,137,66,96
3429,129,137,66,96
3430,129,137,66,96
3431,129,137,66,96
3432,129,137,66,96
3433,129,137,66,96
3434,129,137,66,96
3435,129,137,66,96
3436,129,137,66,96
3437,129,137,66,96
3438,129,137,66,96
3439,128,137,66,96
3440,127,137,66,96
3441,126,137,66,96
3442,126,137,66,96
3443,126,137,66,96
3444,126,137,66,96
3445,126,137,66,96
3446,126,137,66,96
3447,126,137,66,96
3448,126,137,66,96
3449,126,137,66,96
3450,126,137,66,96
3451,126,137,66,96
3452,126,137,66,96
3453,126,137,66,96
3454,126,137,66,96
3455,126,137,66,96
3456,126,137,66,96
3457,126,137,66,96
3458,126,137,66,96
3459,126,137,66,96
3460,126,137,66,96
3461,126,137,66,96
3462,126,137,66,96
3463,126,137,66,96
3464,126,137,66,96
3465,126,137,66,96
3466,126,137,66,96
3467,126,137,66,96
3468,126,137,66,96
3469,126,137,66,96
3470,126,137,66,96
3471,126,137,66,96
3472,126,137,66,96
3473,126,137,66,96
3474,126,137,66,96
3475,126,137,66,96
3476,126,137,66,96
3477,126,137,66,96
3478,126,137,66,96
3479,126,137,66,96
3480,126,137,66,96
3481,126,137,66,96
3482,126,137,66,96
3483,126,137,66,96
3484,126,137,66,96
3485,126,137,66,96
3486,126,137,66,96
3487,126,137,66,96
3488,126,137,66,96
3489,126,137,66,96
3490,126,137,66,96
3491,126,137,66,96
3492,126,137,66,96
3493,126,137,66,96
3494,126,137,66,96
3495,126,137,66,96
3496,126,137,66,96
3497,126,137,66,96
3498,126,137,66,96
3499,126,137,66,96
3500,126,137,66,96
3501,126,137,66,96
3502,126,137,66,96
3503,126,137,66,96
3504,126,137,66,96
3505,126,137,66,96
3506,126,137,66,96
3507,126,137,66,96
3508,126,137,66,96
3509,126,137,66,96
3510,126,137,66,96
3511,126,137,66,96
3512,126,137,66,96
3513,126,137,66,96
3514,126,137,66,96
3515,126,137,66,96
3516,126,137,66,96
3517,126,137,66,96
3518,126,137,66,96
3519,126,137,66,96
3520,126,137,66,96
3521,126,137,66,96
3522,126,137,66,96
3523,126,137,66,96
3524,3,90,66,96
3525,3,90,66,96
3526,3,90,66,96
3527,3,90,66,96
3528,3,90,66,96
3529,3,90,66,96
3530,3,90,66,96
3531,3,90,66,96
3532,3,90,66,96
3533,3,90,66,96
3534,3,90,66,96
3535,3,90,66,96
3536,3,90,66,96
3537,3,90,66,96
3538,3,90,66,96
3539,3,90,66,96
3540,3,90,66,96
3541,3,90,66,96
3542,3,90,66,96
3543,3,90,66,96
3544,3,90,66,96
3545,3,90,66,96
3546,3,90,66,96
3547,3,90,66,96
3548,3,90,66,96
3549,3,90,66,96
3550,3,90,66,96
3551,3,90,66,96
3552,3,90,66,96
3553,3,90,66,96
3554,3,90,66,96
3555,3,90,66,96
3556,3,90,66,96
3557,2,90,66,96
3558,2,90,66,96
3559,3,90,66,96
3560,3,90,66,96
3561,3,90,66,96
3562,3,90,66,96
3563,3,90,66,96
3564,3,90,66,96
3565,3,90,66,96
3566,3,90,66,96
3567,4,90,66,96
3568,4,90,66,96
3569,4,90,66,96
3570,3,90,66,96
3571,25,108,66,96
3572,25,108,66,96
3573,25,108,66,96
3574,25,108,66,96
3575,25,108,66,96
3576,25,108,66,96
3577,25,108,66,96
3578,25,108,66,96
3579,25,108,66,96
3580,25,108,66,96
3581,25,108,66,96
3582,25,108,66,96
3583,25,108,66,96
3584,25,108,66,96
3585,25,108,66,96
3586,25,108,66,96
3587,25,108,66,96
3588,25,108,66,96
3589,25,108,66,96
3590,25,108,66,96
3591,25,108,66,96
3592,25,108,66,96
3593,25,108,66,96
3594,25,108,66,96
3595,25,108,66,96
3596,25,108,66,96
3597,25,108,66,96
3598,25,108,66,96
3599,25,108,66,96
3600,25,108,66,96
3601,25,108,66,96
3602,25,108,66,96
3603,25,108,66,96
3604,25,108,66,96
3605,25,108,66,96
3606,25,108,66,96
3607,25,108,66,96
3608,25,108,66,96
3609,25,108,66,96
3610,24,108,66,96
3611,25,108,66,96
3612,25,108,66,96
3613,25,108,66,96
3614,25,108,66,96
3615,25,108,66,96
3616,25,108,66,96
3617,25,108,66,96
3618,25,108,66,96
3619,25,108,66,96
3620,25,108,66,96
3621,25,108,66,96
3622,25,108,66,96
3623,25,108,66,96
3624,25,108,66,96
3625,25,108,66,96
3626,25,108,66,96
3627,25,108,66,96
3628,25,108,66,96
3629,25,108,66,96
3630,25,108,66,96
3631,25,108,66,96
3632,25,108,66,96
3633,25,108,66,96
3634,25,108,66,96
3635,25,108,66,96
3636,25,108,66,96
3637,25,108,66,96
3638,25,108,66,96
3639,25,108,66,96
3640,25,108,66,96
3641,25,108,66,96
3642,25,108,66,96
3643,25,108,66,96
3644,25,108,66,96
3645,25,108,66,96
3646,25,108,66,96
3647,25,108,66,96
3648,25,108,66,96
3649,37,104,66,96
3650,37,104,66,96
3651,37,104,66,96
3652,37,104,66,96
3653,37,104,66,96
3654,37,104,66,96
3655,37,104,66,96
3656,37,104,66,96
3657,37,104,66,96
3658,37,104,66,96
3659,37,104,66,96
3660,37,104,66,96
3661,36,104,66,96
3662,36,104,66,96
3663,36,104,66,96
3664,36,104,66,96
3665,36,104,66,96
3666,36,104,66,96
3667,36,104,66,96
3668,37,104,66,96
3669,37,104,66,96
3670,36,104,66,96
3671,35,104,66,96
3672,35,104,66,96
3673,36,104,66,96
3674,35,104,66,96
3675,34,104,66,96
3676,34,104,66,96
3677,33,104,66,96
3678,33,104,66,96
3679,33,104,66,96
3680,33,104,66,96
3681,33,104,66,96
3682,33,104,66,96
3683,33,104,66,96
3684,33,104,66,96
3685,33,104,66,96
3686,33,104,66,96
3687,33,104,66,96
3688,35,104,66,96
3689,35,104,66,96
3690,35,104,66,96
3691,35,104,66,96
3692,35,104,66,96
3693,35,104,66,96
3694,35,104,66,96
3695,35,104,66,96
3696,35,104,66,96
3697,35,104,66,96
3698,35,104,66,96
3699,35,104,66,96
3700,35,104,66,96
3701,35,104,66,96
3702,35,104,66,96
3703,35,104,66,96
3704,35,104,66,96
3705,35,104,66,96
3706,35,104,66,96
3707,35,104,66,96
3708,35,104,66,96
3709,35,104,66,96
3710,35,104,66,96
3711,35,104,66,96
3712,35,104,66,96
3713,35,104,66,96
3714,35,104,66,96
3715,35,104,66,96
3716,35,104,66,96
3717,35,104,66,96
3718,35,104,66,96
3719,35,104,66,96
3720,35,104,66,96
3721,128,123,66,96
3722,128,122,66,96
3723,128,122,66,96
3724,128,121,66,96
3725,128,120,66,96
3726,128,119,66,96
3727,128,119,66,96
3728,128,119,66,96
3729,128,119,66,96
3730,128,119,66,96
3731,128,119,66,96
3732,128,119,66,96
3733,128,119,66,96
3734,128,119,66,96
3735,128,119,66,96
3736,128,119,66,96
3737,128,119,66,96
3738,128,119,66,96
3739,128,119,66,96
3740,128,119,66,96
3741,128,119,66,96
3742,128,119,66,96
3743,128,119,66,96
3744,128,119,66,96
3745,128,119,66,96
3746,128,119,66,96
3747,128,119,66,96
3748,128,119,66,96
3749,128,120,66,96
3750,128,120,66,96
3751,128,121,66,96
3752,129,121,66,96
3753,129,121,66,96
3754,129,121,66,96
3755,129,121,66,96
3756,129,121,66,96
3757,129,121,66,96
3758,129,121,66,96
3759,129,121,66,96
3760,129,121,66,96
3761,129,121,66,96
3762,129,121,66,96
3763,129,121,66,96
3764,129,121,66,96
3765,129,121,66,96
3766,129,120,66,96
3767,129,119,66,96
3768,129,119,66,96
3769,130,119,66,96
3770,131,119,66,96
3771,131,119,66,96
3772,132,120,66,96
3773,132,120,66,96
3774,132,121,66,96
3775,132,122,66,96
3776,132,122,66,96
3777,132,122,66,96
3778,132,122,66,96
3779,132,122,66,96
3780,132,123,66,96
3781,132,124,66,96
3782,132,125,66,96
3783,132,125,66,96
3784,132,125,66,96
3785,132,125,66,96
3786,132,125,66,96
3787,132,125,66,96
3788,132,125,66,96
3789,132,125,66,96
3790,132,125,66,96
3791,132,125,66,96
3792,132,125,66,96
3793,132,125,66,96
3794,132,125,66,96
3795,132,125,66,96
3796,132,125,66,96
3797,132,125,66,96
3798,132,125,66,96
3799,132,125,66,96
3800,132,125,66,96
3801,132,125,66,96
3802,132,125,66,96
3803,132,125,66,96
3804,132,125,66,96
3805,132,125,66,96
3806,132,125,66,96
3807,132,125,66,96
3808,132,125,66,96
3809,132,125,66,96
3810,132,125,66,96
3811,132,125,66,96
3812,132,125,66,96
3813,132,125,66,96
3814,132,125,66,96
3815,132,125,66,96
3816,132,125,66,96
3817,132,125,66,96
3818,132,125,66,96
3819,132,125,66,96
3820,132,125,66,96
3821,132,125,66,96
3822,132,125,66,96
3823,132,125,66,96
3824,132,125,66,96
3825,132,125,66,96
3826,132,125,66,96
3827,132,125,66,96
3828,132,125,66,96
3829,132,125,66,96
3830,132,125,66,96
3831,132,125,66,96
3832,132,125,66,96
3833,132,125,66,96
3834,132,125,66,96
3835,132,125,66,96
3836,132,125,66,96
3837,132,125,66,96
3838,132,125,66,96
3839,132,125,66,96
3840,132,125,66,96
3841,132,125,66,96
3842,132,125,66,96
3843,132,125,66,96
3844,132,125,66,96
3845,132,125,66,96
3846,132,125,66,96
3847,132,125,66,96
3848,132,125,66,96
3849,132,125,66,96
3850,132,125,66,96
3851,132,125,66,96
3852,132,125,66,96
3853,132,125,66,96
3854,132,125,66,96
3855,132,125,66,96
3856,132,125,66,96
3857,132,125,66,96
3858,132,125,66,96
3859,132,125,66,96
3860,132,125,66,96
3861,132,125,66,96
3862,132,125,66,96
3863,132,125,66,96
3864,132,125,66,96
3865,132,125,66,96
3866,132,125,66,96
3867,132,125,66,96
3868,132,125,66,96
3869,132,125,66,96
3870,132,125,66,96
3871,132,125,66,96
3872,132,125,66,96
3873,132,125,66,96
3874,132,125,66,96
3875,132,125,66,96
3876,132,125,66,96
3877,132,125,66,96
3878,132,125,66,96
3879,132,125,66,96
3880,132,125,66,96
3881,132,125,66,96
3882,132,125,66,96
3883,132,125,66,96
3884,132,125,66,96
3885,132,124,66,96
3886,132,124,66,96
3887,132,124,66,96
3888,132,124,66,96
3889,132,124,66,96
3890,132,124,66,96
3891,132,124,66,96
3892,132,124,66,96
3893,132,124,66,96
3894,132,123,66,96
3895,132,123,66,96
3896,132,123,66,96
3897,132,123,66,96
3898,132,123,66,96
3899,132,123,66,96
3900,132,124,66,96
3901,132,125,66,96
3902,132,126,66,96
3903,132,126,66,96
3904,132,127,66,96
3905,132,127,66,96
3906,132,128,66,96
3907,132,129,66,96
3908,132,129,66,96
3909,132,129,66,96
3910,132,129,66,96
3911,132,129,66,96
3912,132,129,66,96
3913,132,129,66,96
3914,132,129,66,96
3915,132,129,66,96
3916,132,129,66,96
3917,132,129,66,96
3918,132,129,66,96
3919,132,129,66,96
3920,132,129,66,96
3921,132,129,66,96
3922,132,129,66,96
3923,132,129,66,96
3924,132,129,66,96
3925,132,129,66,96
3926,132,129,66,96
3927,132,129,66,96
3928,132,129,66,96
3929,132,129,66,96
3930,132,129,66,96
3931,132,129,66,96
3932,132,129,66,96
3933,132,129,66,96
3934,132,129,66,96
3935,132,129,66,96
3936,132,129,66,96
3937,132,129,66,96
3938,132,129,66,96
3939,132,129,66,96
3940,132,129,66,96
3941,132,129,66,96
3942,132,129,66,96
3943,132,129,66,96
3944,132,129,66,96
3945,132,129,66,96
3946,132,129,66,96
3947,132,128,66,96
3948,132,128,66,96
3949,132,128,66,96
3950,132,128,66,96
3951,132,128,66,96
3952,132,129,66,96
3953,132,129,66,96
3954,132,130,66,96
3955,132,130,66,96
3956,132,130,66,96
3957,132,130,66,96
3958,132,130,66,96
3959,132,130,66,96
3960,132,130,66,96
3961,132,130,66,96
3962,132,130,66,96
3963,132,130,66,96
3964,132,130,66,96
3965,132,130,66,96
3966,132,130,66,96
3967,132,130,66,96
3968,132,130,66,96
3969,132,130,66,96
3970,132,130,66,96
3971,132,130,66,96
3972,132,129,66,96
3973,132,129,66,96
3974,131,128,66,96
3975,131,128,66,96
3976,131,128,66,96
3977,131,128,66,96
3978,131,128,66,96
3979,131,128,66,96
3980,131,128,66,96
3981,131,128,66,96
3982,131,129,66,96
3983,131,129,66,96
3984,131,130,66,96
3985,131,131,66,96
3986,131,132,66,96
3987,131,132,66,96
3988,131,132,66,96
3989,131,132,66,96
3990,131,132,66,96
3991,131,132,66,96
3992,131,132,66,96
3993,131,132,66,96
3994,131,132,66,96
3995,131,132,66,96
3996,131,132,66,96
3997,131,132,66,96
3998,131,132,66,96
3999,131,132,66,96
4000,131,132,66,96
4001,131,132,66,96
4002,131,132,66,96
4003,131,132,66,96
4004,131,132,66,96
4005,131,132,66,96
4006,131,132,66,96
4007,131,132,66,96
4008,131,132,66,96
4009,131,132,66,96
4010,131,133,66,96
4011,131,134,66,96
4012,131,134,66,96
4013,131,135,66,96
4014,131,135,66,96
4015,131,135,66,96
4016,131,135,66,96
4017,131,135,66,96
4018,131,135,66,96
4019,131,134,66,96
4020,131,134,66,96
4021,131,133,66,96
4022,131,133,66,96
4023,131,132,66,96
4024,131,131,66,96
4025,131,130,66,96
4026,131,129,66,96
4027,131,129,66,96
4028,131,129,66,96
4029,131,129,66,96
4030,131,129,66,96
4031,131,129,66,96
4032,131,129,66,96
4033,131,129,66,96
4034,131,129,66,96
4035,131,129,66,96
4036,131,129,66,96
4037,131,129,66,96
4038,131,130,66,96
4039,131,131,66,96
4040,131,132,66,96
4041,131,133,66,96
4042,131,133,66,96
4043,131,134,66,96
4044,131,135,66,96
4045,131,136,66,96
4046,131,137,66,96
4047,131,137,66,96
4048,131,137,66,96
4049,131,137,66,96
4050,131,137,66,96
4051,131,137,66,96
4052,131,137,66,96
4053,131,137,66,96
4054,131,137,66,96
4055,131,137,66,96
4056,131,137,66,96
4057,131,137,66,96
4058,131,137,66,96
4059,131,137,66,96
4060,131,137,66,96
4061,131,137,66,96
4062,131,137,66,96
4063,131,137,66,96
4064,131,137,66,96
4065,131,137,66,96
4066,131,137,66,96
4067,131,137,66,96
4068,131,137,66,96
4069,131,137,66,96
4070,131,137,66,96
4071,131,137,66,96
4072,131,137,66,96
4073,131,137,66,96
4074,131,137,66,96
4075,131,137,66,96
4076,131,137,66,96
4077,131,137,66,96
4078,131,137,66,96
4079,131,137,66,96
4080,131,137,66,96
4081,131,137,66,96
4082,131,137,66,96
4083,131,137,66,96
4084,131,137,66,96
4085,131,137,66,96
4086,131,137,66,96
4087,131,137,66,96
4088,131,137,66,96
4089,131,137,66,96
4090,131,137,66,96
4091,131,137,66,96
4092,131,137,66,96
4093,131,137,66,96
4094,131,137,66,96
4095,131,137,66,96
4096,131,137,66,96
4097,131,137,66,96
4098,131,137,66,96
4099,131,137,66,96
4100,131,137,66,96
4101,131,137,66,96
4102,131,137,66,96
4103,131,137,66,96
4104,131,137,66,96
4105,131,137,66,96
4106,131,137,66,96
4107,131,137,66,96
4108,131,137,66,96
4109,131,137,66,96
4110,131,137,66,96
4111,132,137,66,96
4112,132,137,66,96
4113,132,137,66,96
4114,132,137,66,96
4115,133,137,66,96
4116,134,137,66,96
4117,134,137,66,96
4118,134,137,66,96
4119,135,138,66,96
4120,135,139,66,96
4121,135,139,66,96
4122,135,139,66,96
4123,135,139,66,96
4124,135,139,66,96
4125,135,139,66,96
4126,135,139,66,96
4127,135,139,66,96
4128,135,139,66,96
4129,135,139,66,96
4130,135,139,66,96
4131,135,139,66,96
4132,135,139,66,96
4133,135,139,66,96
4134,135,139,66,96
4135,135,139,66,96
4136,135,139,66,96
4137,135,139,66,96
4138,135,139,66,96
4139,135,139,66,96
4140,135,139,66,96
4141,135,139,66,96
4142,135,139,66,96
4143,135,139,66,96
4144,135,139,66,96
4145,135,139,66,96
4146,135,139,66,96
4147,135,139,66,96
4148,135,139,66,96
4149,135,139,66,96
4150,135,139,66,96
4151,135,139,66,96
4152,135,139,66,96
4153,135,139,66,96
4154,135,139,66,96
4155,135,139,66,96
4156,135,139,66,96
4157,135,139,66,96
4158,135,139,66,96
4159,135,139,66,96
4160,135,139,66,96
4161,135,139,66,96
4162,135,139,66,96
4163,135,139,66,96
4164,135,139,66,96
4165,135,139,66,96
4166,135,139,66,96
4167,135,139,66,96
4168,135,139,66,96
4169,135,139,66,96
4170,135,139,66,96
4171,135,139,66,96
4172,135,139,66,96
4173,135,139,66,96
4174,135,139,66,96
4175,135,139,66,96
4176,135,139,66,96
4177,135,139,66,96
4178,135,139,66,96
4179,135,139,66,96
4180,135,139,66,96
4181,135,139,66,96
4182,135,139,66,96
4183,135,139,66,96
4184,135,138,66,96
4185,135,138,66,96
4186,135,138,66,96
4187,135,138,66,96
4188,135,138,66,96
4189,135,138,66,96
4190,135,138,66,96
4191,135,138,66,96
4192,135,138,66,96
4193,135,138,66,96
4194,135,138,66,96
4195,135,138,66,96
4196,135,138,66,96
4197,135,138,66,96
4198,135,138,66,96
4199,524,172,66,96
4200,524,172,66,96
4201,524,172,66,96
4202,524,172,66,96
4203,524,172,66,96
4204,524,172,66,96
4205,524,173,66,96
4206,524,173,66,96
4207,524,173,66,96
4208,524,173,66,96
4209,524,173,66,96
4210,524,173,66,96
4211,524,173,66,96
4212,524,173,66,96
4213,524,173,66,96
4214,524,173,66,96
4215,524,173,66,96
4216,524,173,66,96
4217,524,173,66,96
4218,524,173,66,96
4219,524,173,66,96
4220,524,173,66,96
4221,524,173,66,96
4222,524,173,66,96
4223,524,173,66,96
4224,524,173,66,96
4225,524,173,66,96
4226,524,172,66,96
4227,524,172,66,96
4228,524,172,66,96
4229,524,172,66,96
4230,524,172,66,96
