14-LongDuration 2
1,273,96,21,18
2,169,81,21,18
3,166,79,21,18
4,165,77,21,18
5,162,76,21,18
6,161,84,21,18
7,158,94,21,18
8,156,108,21,18
9,150,115,21,18
10,141,123,21,18
11,135,130,21,18
12,127,139,21,18
13,119,144,21,18
14,115,149,21,18
15,129,149,21,18
16,125,146,21,18
17,122,138,21,18
18,56,107,21,18
19,59,99,21,18
20,65,90,21,18
21,71,85,21,18
22,73,90,21,18
23,63,92,21,18
24,55,86,21,18
25,50,91,21,18
26,48,91,21,18
27,49,91,21,18
28,49,100,21,18
29,76,108,21,18
30,73,112,21,18
31,73,114,21,18
32,83,115,21,18
33,104,109,21,18
34,100,105,21,18
35,99,100,21,18
36,105,106,21,18
37,107,110,21,18
38,110,111,21,18
39,113,109,21,18
40,119,110,21,18
41,116,106,21,18
42,110,103,21,18
43,109,103,21,18
44,109,103,21,18
45,108,105,21,18
46,107,107,21,18
47,106,111,21,18
48,109,114,21,18
49,109,116,21,18
50,113,118,21,18
51,115,119,21,18
52,115,117,21,18
53,115,113,21,18
54,117,110,21,18
55,121,107,21,18
56,126,105,21,18
57,127,101,21,18
58,128,94,21,18
59,129,88,21,18
60,133,87,21,18
61,134,84,21,18
62,134,82,21,18
63,134,79,21,18
64,134,83,21,18
65,133,84,21,18
66,130,82,21,18
67,127,83,21,18
68,124,86,21,18
69,124,92,21,18
70,123,97,21,18
71,121,97,21,18
72,119,96,21,18
73,119,97,21,18
74,118,98,21,18
75,115,98,21,18
76,110,98,21,18
77,107,99,21,18
78,104,101,21,18
79,102,104,21,18
80,102,107,21,18
81,100,109,21,18
82,99,113,21,18
83,98,118,21,18
84,97,122,21,18
85,98,125,21,18
86,98,127,21,18
87,99,125,21,18
88,101,121,21,18
89,104,120,21,18
90,106,117,21,18
91,106,117,21,18
92,103,115,21,18
93,99,115,21,18
94,93,115,21,18
95,89,118,21,18
96,87,122,21,18
97,85,122,21,18
98,85,124,21,18
99,85,128,21,18
100,85,132,21,18
101,85,132,21,18
102,85,132,21,18
103,85,133,21,18
104,90,135,21,18
105,90,135,21,18
106,91,135,21,18
107,93,132,21,18
108,93,132,21,18
109,94,130,21,18
110,101,129,21,18
111,104,134,21,18
112,106,141,21,18
113,111,150,21,18
114,112,151,21,18
115,109,147,21,18
116,105,138,21,18
117,102,132,21,18
118,98,125,21,18
119,96,121,21,18
120,95,117,21,18
121,95,114,21,18
122,96,109,21,18
123,98,104,21,18
124,99,99,21,18
125,99,97,21,18
126,102,100,21,18
127,102,100,21,18
128,101,104,21,18
129,101,107,21,18
130,99,105,21,18
131,95,95,21,18
132,93,86,21,18
133,93,80,21,18
134,94,74,21,18
135,92,67,21,18
136,92,64,21,18
137,92,67,21,18
138,90,71,21,18
139,96,71,21,18
140,96,68,21,18
141,99,63,21,18
142,101,60,21,18
143,103,54,21,18
144,106,48,21,18
145,108,45,21,18
146,109,46,21,18
147,109,48,21,18
148,108,50,21,18
149,105,52,21,18
150,102,54,21,18
151,99,56,21,18
152,97,59,21,18
153,95,63,21,18
154,94,65,21,18
155,94,64,21,18
156,94,62,21,18
157,94,62,21,18
158,96,65,21,18
159,99,67,21,18
160,99,66,21,18
161,99,66,21,18
162,99,66,21,18
163,98,68,21,18
164,98,70,21,18
165,98,71,21,18
166,98,71,21,18
167,98,71,21,18
168,98,70,21,18
169,99,68,21,18
170,100,65,21,18
171,101,61,21,18
172,103,58,21,18
173,105,57,21,18
174,107,56,21,18
175,108,56,21,18
176,109,59,21,18
177,109,63,21,18
178,109,65,21,18
179,106,62,21,18
180,103,59,21,18
181,102,57,21,18
182,104,54,21,18
183,105,50,21,18
184,105,46,21,18
185,105,44,21,18
186,106,42,21,18
187,106,42,21,18
188,105,44,21,18
189,104,49,21,18
190,104,55,21,18
191,104,61,21,18
192,101,63,21,18
193,99,69,21,18
194,99,78,21,18
195,101,87,21,18
196,102,91,21,18
197,100,91,21,18
198,101,89,21,18
199,100,84,21,18
200,99,78,21,18
201,95,70,21,18
202,92,62,21,18
203,91,60,21,18
204,91,62,21,18
205,90,62,21,18
206,89,60,21,18
207,90,61,21,18
208,93,64,21,18
209,95,65,21,18
210,93,65,21,18
211,102,70,21,18
212,104,75,21,18
213,128,75,21,18
214,131,69,21,18
215,123,61,21,18
216,123,59,21,18
217,139,64,21,18
218,137,69,21,18
219,133,66,21,18
220,132,64,21,18
221,130,64,21,18
222,130,61,21,18
223,132,56,21,18
224,134,57,21,18
225,137,61,21,18
226,137,64,21,18
227,126,66,21,18
228,126,68,21,18
229,126,69,21,18
230,124,71,21,18
231,120,73,21,18
232,120,71,21,18
233,114,69,21,18
234,111,70,21,18
235,111,71,21,18
236,110,69,21,18
237,110,67,21,18
238,110,67,21,18
239,112,68,21,18
240,114,70,21,18
241,118,72,21,18
242,118,70,21,18
243,109,71,21,18
244,109,73,21,18
245,104,72,21,18
246,101,70,21,18
247,97,69,21,18
248,98,70,21,18
249,99,71,21,18
250,101,68,21,18
251,105,66,21,18
252,146,65,21,18
253,146,62,21,18
254,146,61,21,18
255,146,61,21,18
256,145,60,21,18
257,145,59,21,18
258,145,58,21,18
259,145,56,21,18
260,145,57,21,18
261,144,60,21,18
262,144,60,21,18
263,147,60,21,18
264,147,58,21,18
265,147,56,21,18
266,149,59,21,18
267,149,63,21,18
268,149,68,21,18
269,149,74,21,18
270,153,80,21,18
271,154,82,21,18
272,153,80,21,18
273,152,76,21,18
274,152,70,21,18
275,137,67,21,18
276,131,68,21,18
277,129,67,21,18
278,142,63,21,18
279,158,59,21,18
280,153,54,21,18
281,158,48,21,18
282,162,46,21,18
283,163,48,21,18
284,161,53,21,18
285,160,56,21,18
286,169,58,21,18
287,175,57,21,18
288,173,52,21,18
289,172,50,21,18
290,174,52,21,18
291,176,54,21,18
292,184,53,21,18
293,232,47,21,18
294,231,46,21,18
295,238,46,21,18
296,240,54,21,18
297,238,67,21,18
298,236,75,21,18
299,226,79,21,18
300,221,82,21,18
301,221,85,21,18
302,220,86,21,18
303,215,85,21,18
304,215,84,21,18
305,217,85,21,18
306,219,82,21,18
307,222,77,21,18
308,225,75,21,18
309,228,76,21,18
310,230,76,21,18
311,231,75,21,18
312,232,75,21,18
313,234,74,21,18
314,248,77,21,18
315,238,72,21,18
316,238,72,21,18
317,239,76,21,18
318,239,79,21,18
319,236,76,21,18
320,235,73,21,18
321,237,68,21,18
322,237,64,21,18
323,238,58,21,18
324,237,55,21,18
325,238,55,21,18
326,237,65,21,18
327,241,69,21,18
328,235,80,21,18
329,233,84,21,18
330,232,82,21,18
331,232,77,21,18
332,233,74,21,18
333,237,74,21,18
334,241,72,21,18
335,243,69,21,18
336,244,64,21,18
337,244,64,21,18
338,244,69,21,18
339,244,73,21,18
340,242,75,21,18
341,241,76,21,18
342,240,77,21,18
343,242,78,21,18
344,243,76,21,18
345,242,72,21,18
346,241,74,21,18
347,243,77,21,18
348,246,78,21,18
349,244,73,21,18
350,243,70,21,18
351,507,110,21,18
352,27,88,21,18
353,29,89,21,18
354,27,88,21,18
355,25,90,21,18
356,27,95,21,18
357,28,99,21,18
358,25,97,21,18
359,22,96,21,18
360,22,97,21,18
361,24,96,21,18
362,22,90,21,18
363,19,85,21,18
364,22,85,21,18
365,29,88,21,18
366,31,88,21,18
367,28,87,21,18
368,33,90,21,18
369,36,92,21,18
370,36,93,21,18
371,35,92,21,18
372,34,90,21,18
373,32,89,21,18
374,28,88,21,18
375,26,88,21,18
376,28,85,21,18
377,26,79,21,18
378,25,76,21,18
379,28,82,21,18
380,32,89,21,18
381,33,93,21,18
382,33,96,21,18
383,35,100,21,18
384,38,103,21,18
385,39,104,21,18
386,39,106,21,18
387,40,109,21,18
388,42,110,21,18
389,42,107,21,18
390,69,93,21,18
391,69,89,21,18
392,71,83,21,18
393,72,77,21,18
394,74,74,21,18
395,75,75,21,18
396,75,78,21,18
397,73,81,21,18
398,72,84,21,18
399,70,89,21,18
400,68,94,21,18
401,66,101,21,18
402,63,107,21,18
403,61,110,21,18
404,59,112,21,18
405,57,112,21,18
406,56,112,21,18
407,55,109,21,18
408,54,105,21,18
409,53,105,21,18
410,52,107,21,18
411,52,107,21,18
412,51,110,21,18
413,51,114,21,18
414,49,115,21,18
415,46,111,21,18
416,45,108,21,18
417,47,101,21,18
418,48,99,21,18
419,49,103,21,18
420,50,112,21,18
421,48,117,21,18
422,44,117,21,18
423,40,118,21,18
424,37,120,21,18
425,36,120,21,18
426,35,118,21,18
427,33,114,21,18
428,32,110,21,18
429,32,107,21,18
430,33,104,21,18
431,33,101,21,18
432,33,100,21,18
433,33,102,21,18
434,32,106,21,18
435,31,109,21,18
436,30,112,21,18
437,30,114,21,18
438,29,114,21,18
439,29,114,21,18
440,31,116,21,18
441,32,117,21,18
442,43,113,21,18
443,43,111,21,18
444,46,106,21,18
445,57,101,21,18
446,66,97,21,18
447,75,94,21,18
448,86,93,21,18
449,96,92,21,18
450,104,89,21,18
451,112,88,21,18
452,121,89,21,18
453,127,89,21,18
454,150,84,21,18
455,150,82,21,18
456,151,82,21,18
457,151,83,21,18
458,150,81,21,18
459,169,75,21,18
460,170,78,21,18
461,171,83,21,18
462,171,85,21,18
463,171,83,21,18
464,171,79,21,18
465,172,76,21,18
466,174,76,21,18
467,175,73,21,18
468,176,70,21,18
469,176,70,21,18
470,176,71,21,18
471,176,73,21,18
472,176,73,21,18
473,176,75,21,18
474,176,79,21,18
475,176,82,21,18
476,176,83,21,18
477,175,83,21,18
478,174,80,21,18
479,175,78,21,18
480,175,76,21,18
481,175,75,21,18
482,175,76,21,18
483,175,79,21,18
484,175,82,21,18
485,175,84,21,18
486,175,82,21,18
487,175,80,21,18
488,178,82,21,18
489,179,80,21,18
490,179,77,21,18
491,180,76,21,18
492,182,76,21,18
493,182,76,21,18
494,181,74,21,18
495,180,73,21,18
496,180,73,21,18
497,180,73,21,18
498,179,76,21,18
499,178,78,21,18
500,176,76,21,18
501,176,75,21,18
502,177,75,21,18
503,178,74,21,18
504,179,75,21,18
505,180,76,21,18
506,180,77,21,18
507,180,78,21,18
508,180,79,21,18
509,180,80,21,18
510,180,80,21,18
511,180,81,21,18
512,180,85,21,18
513,181,86,21,18
514,181,83,21,18
515,181,79,21,18
516,183,78,21,18
517,185,79,21,18
518,186,79,21,18
519,187,80,21,18
520,187,77,21,18
521,187,72,21,18
522,187,64,21,18
523,189,61,21,18
524,191,63,21,18
525,189,60,21,18
526,184,60,21,18
527,183,60,21,18
528,184,60,21,18
529,185,59,21,18
530,186,58,21,18
531,187,55,21,18
532,188,53,21,18
533,190,51,21,18
534,191,48,21,18
535,191,45,21,18
536,192,44,21,18
537,193,44,21,18
538,194,45,21,18
539,195,44,21,18
540,195,43,21,18
541,194,45,21,18
542,192,47,21,18
543,189,49,21,18
544,186,49,21,18
545,184,47,21,18
546,183,43,21,18
547,181,39,21,18
548,180,37,21,18
549,262,39,21,18
550,263,40,21,18
551,259,46,21,18
552,256,44,21,18
553,248,53,21,18
554,231,59,21,18
555,224,68,21,18
556,194,70,21,18
557,223,60,21,18
558,223,57,21,18
559,223,55,21,18
560,210,54,21,18
561,203,60,21,18
562,203,65,21,18
563,221,38,21,18
564,218,33,21,18
565,220,32,21,18
566,221,30,21,18
567,219,27,21,18
568,217,27,21,18
569,180,27,21,18
570,178,24,21,18
571,180,20,21,18
572,189,20,21,18
573,207,16,21,18
574,229,16,21,18
575,235,14,21,18
576,238,16,21,18
577,240,19,21,18
578,240,25,21,18
579,239,28,21,18
580,237,32,21,18
581,234,40,21,18
582,222,54,21,18
583,208,61,21,18
584,197,68,21,18
585,218,66,21,18
586,209,70,21,18
587,189,67,21,18
588,184,62,21,18
589,178,52,21,18
590,165,47,21,18
591,184,38,21,18
592,199,32,21,18
593,200,28,21,18
594,201,30,21,18
595,203,35,21,18
596,200,39,21,18
597,198,42,21,18
598,197,44,21,18
599,197,46,21,18
600,197,44,21,18
601,196,43,21,18
602,196,41,21,18
603,198,40,21,18
604,200,36,21,18
605,214,34,21,18
606,222,30,21,18
607,229,26,21,18
608,236,20,21,18
609,195,30,21,18
610,197,28,21,18
611,208,29,21,18
612,211,28,21,18
613,212,29,21,18
614,213,35,21,18
615,203,43,21,18
616,192,49,21,18
617,193,57,21,18
618,193,59,21,18
619,194,56,21,18
620,201,51,21,18
621,226,50,21,18
622,238,46,21,18
623,240,41,21,18
624,244,37,21,18
625,246,35,21,18
626,245,32,21,18
627,244,29,21,18
628,245,24,21,18
629,250,21,21,18
630,223,28,21,18
631,238,25,21,18
632,241,21,21,18
633,241,18,21,18
634,241,16,21,18
635,242,16,21,18
636,247,18,21,18
637,249,22,21,18
638,253,31,21,18
639,251,40,21,18
640,251,48,21,18
641,250,52,21,18
642,250,56,21,18
643,247,56,21,18
644,247,55,21,18
645,251,56,21,18
646,253,56,21,18
647,254,57,21,18
648,255,56,21,18
649,256,54,21,18
650,259,51,21,18
651,262,49,21,18
652,265,47,21,18
653,267,47,21,18
654,268,45,21,18
655,270,41,21,18
656,272,40,21,18
657,274,42,21,18
658,273,50,21,18
659,270,58,21,18
660,270,60,21,18
661,267,66,21,18
662,259,71,21,18
663,248,75,21,18
664,272,81,21,18
665,273,84,21,18
666,262,92,21,18
667,275,97,21,18
668,274,108,21,18
669,273,117,21,18
670,264,124,21,18
671,256,136,21,18
672,251,140,21,18
673,250,138,21,18
674,252,137,21,18
675,256,131,21,18
676,259,129,21,18
677,261,129,21,18
678,263,126,21,18
679,265,122,21,18
680,266,121,21,18
681,265,123,21,18
682,263,125,21,18
683,263,122,21,18
684,263,120,21,18
685,263,117,21,18
686,263,113,21,18
687,263,106,21,18
688,262,100,21,18
689,262,96,21,18
690,264,93,21,18
691,263,90,21,18
692,261,89,21,18
693,262,92,21,18
694,263,98,21,18
695,262,99,21,18
696,261,102,21,18
697,260,105,21,18
698,260,108,21,18
699,262,110,21,18
700,264,113,21,18
701,265,115,21,18
702,265,117,21,18
703,265,118,21,18
704,265,119,21,18
705,266,121,21,18
706,267,121,21,18
707,269,116,21,18
708,271,116,21,18
709,273,116,21,18
710,274,114,21,18
711,274,113,21,18
712,276,115,21,18
713,277,117,21,18
714,277,117,21,18
715,277,117,21,18
716,278,116,21,18
717,279,116,21,18
718,280,116,21,18
719,282,116,21,18
720,284,115,21,18
721,285,113,21,18
722,285,109,21,18
723,286,107,21,18
724,288,107,21,18
725,289,104,21,18
726,290,104,21,18
727,291,107,21,18
728,291,108,21,18
729,290,106,21,18
730,289,106,21,18
731,289,108,21,18
732,289,108,21,18
733,289,107,21,18
734,289,107,21,18
735,290,108,21,18
736,292,109,21,18
737,292,107,21,18
738,292,106,21,18
739,293,106,21,18
740,293,105,21,18
741,293,105,21,18
742,294,107,21,18
743,295,108,21,18
744,294,107,21,18
745,294,106,21,18
746,295,104,21,18
747,296,102,21,18
748,296,102,21,18
749,297,104,21,18
750,297,104,21,18
751,297,105,21,18
752,298,108,21,18
753,300,112,21,18
754,301,115,21,18
755,297,115,21,18
756,294,117,21,18
757,293,120,21,18
758,293,120,21,18
759,295,117,21,18
760,295,123,21,18
761,295,123,21,18
762,295,120,21,18
763,298,114,21,18
764,298,105,21,18
765,297,98,21,18
766,298,93,21,18
767,301,93,21,18
768,303,97,21,18
769,303,97,21,18
770,303,95,21,18
771,304,93,21,18
772,305,94,21,18
773,305,93,21,18
774,304,92,21,18
775,303,93,21,18
776,302,95,21,18
777,301,98,21,18
778,300,98,21,18
779,299,95,21,18
780,299,90,21,18
781,300,85,21,18
782,301,81,21,18
783,302,79,21,18
784,303,79,21,18
785,303,81,21,18
786,302,85,21,18
787,302,88,21,18
788,302,89,21,18
789,303,89,21,18
790,304,90,21,18
791,304,90,21,18
792,304,88,21,18
793,304,86,21,18
794,305,86,21,18
795,305,88,21,18
796,304,88,21,18
797,303,89,21,18
798,301,89,21,18
799,300,87,21,18
800,300,85,21,18
801,301,83,21,18
802,302,80,21,18
803,304,77,21,18
804,308,80,21,18
805,311,88,21,18
806,311,94,21,18
807,311,102,21,18
808,310,106,21,18
809,333,102,21,18
810,333,100,21,18
811,346,97,21,18
812,346,99,21,18
813,341,99,21,18
814,340,96,21,18
815,338,92,21,18
816,339,89,21,18
817,341,86,21,18
818,352,86,21,18
819,362,84,21,18
820,365,82,21,18
821,367,83,21,18
822,368,85,21,18
823,368,86,21,18
824,367,87,21,18
825,367,87,21,18
826,367,84,21,18
827,358,81,21,18
828,352,80,21,18
829,368,81,21,18
830,368,84,21,18
831,369,89,21,18
832,373,87,21,18
833,376,87,21,18
834,379,86,21,18
835,357,84,21,18
836,359,81,21,18
837,362,82,21,18
838,364,83,21,18
839,364,87,21,18
840,363,92,21,18
841,363,95,21,18
842,363,100,21,18
843,362,102,21,18
844,362,100,21,18
845,363,98,21,18
846,366,98,21,18
847,369,98,21,18
848,371,96,21,18
849,373,91,21,18
850,373,87,21,18
851,375,83,21,18
852,377,82,21,18
853,378,81,21,18
854,378,84,21,18
855,377,86,21,18
856,376,86,21,18
857,376,84,21,18
858,378,80,21,18
859,380,74,21,18
860,381,71,21,18
861,382,71,21,18
862,382,71,21,18
863,382,71,21,18
864,382,73,21,18
865,382,77,21,18
866,383,79,21,18
867,383,80,21,18
868,385,80,21,18
869,388,82,21,18
870,391,84,21,18
871,394,84,21,18
872,397,84,21,18
873,399,84,21,18
874,400,82,21,18
875,400,79,21,18
876,400,78,21,18
877,400,78,21,18
878,399,78,21,18
879,399,76,21,18
880,399,74,21,18
881,400,71,21,18
882,401,67,21,18
883,404,63,21,18
884,407,60,21,18
885,410,57,21,18
886,412,56,21,18
887,413,57,21,18
888,413,58,21,18
889,413,60,21,18
890,413,61,21,18
891,414,61,21,18
892,413,61,21,18
893,411,60,21,18
894,411,60,21,18
895,412,58,21,18
896,413,54,21,18
897,414,50,21,18
898,416,50,21,18
899,418,49,21,18
900,420,51,21,18
901,421,54,21,18
902,422,56,21,18
903,422,54,21,18
904,424,52,21,18
905,425,52,21,18
906,426,50,21,18
907,427,48,21,18
908,432,43,21,18
909,435,39,21,18
910,440,36,21,18
911,446,32,21,18
912,450,32,21,18
913,458,32,21,18
914,464,31,21,18
915,470,31,21,18
916,477,32,21,18
917,482,31,21,18
918,484,26,21,18
919,209,151,21,18
920,209,151,21,18
921,208,149,21,18
922,208,146,21,18
923,207,140,21,18
924,208,132,21,18
925,208,125,21,18
926,209,119,21,18
927,210,114,21,18
928,212,112,21,18
929,214,109,21,18
930,213,108,21,18
931,213,111,21,18
932,213,111,21,18
933,212,107,21,18
934,211,103,21,18
935,213,103,21,18
936,215,106,21,18
937,219,111,21,18
938,224,116,21,18
939,226,119,21,18
940,225,117,21,18
941,223,114,21,18
942,223,119,21,18
943,222,125,21,18
944,220,125,21,18
945,219,123,21,18
946,220,122,21,18
947,221,117,21,18
948,222,119,21,18
949,226,125,21,18
950,230,131,21,18
951,229,136,21,18
952,40,138,21,18
953,40,144,21,18
954,46,134,21,18
955,43,123,21,18
956,41,108,21,18
957,41,96,21,18
958,45,91,21,18
959,48,88,21,18
960,48,87,21,18
961,46,84,21,18
962,45,83,21,18
963,44,82,21,18
964,42,82,21,18
965,41,83,21,18
966,40,85,21,18
967,40,89,21,18
968,41,92,21,18
969,41,93,21,18
970,41,95,21,18
971,42,95,21,18
972,43,94,21,18
973,44,93,21,18
974,45,94,21,18
975,48,97,21,18
976,48,99,21,18
977,46,100,21,18
978,43,98,21,18
979,40,95,21,18
980,36,88,21,18
981,33,82,21,18
982,30,78,21,18
983,28,77,21,18
984,28,81,21,18
985,28,87,21,18
986,27,90,21,18
987,25,91,21,18
988,24,93,21,18
989,25,94,21,18
990,28,95,21,18
991,30,94,21,18
992,31,91,21,18
993,31,87,21,18
994,31,83,21,18
995,30,81,21,18
996,30,81,21,18
997,29,81,21,18
998,28,83,21,18
999,27,87,21,18
1000,26,90,21,18
1001,26,93,21,18
1002,26,94,21,18
1003,25,92,21,18
1004,26,94,21,18
1005,28,99,21,18
1006,28,104,21,18
1007,26,104,21,18
1008,24,102,21,18
1009,22,99,21,18
1010,21,98,21,18
1011,22,96,21,18
1012,22,93,21,18
1013,22,91,21,18
1014,22,89,21,18
1015,22,90,21,18
1016,21,90,21,18
1017,19,90,21,18
1018,18,89,21,18
1019,17,88,21,18
1020,84,86,21,18
1021,87,88,21,18
1022,88,88,21,18
1023,88,87,21,18
1024,88,84,21,18
1025,88,79,21,18
1026,88,74,21,18
1027,86,69,21,18
1028,85,66,21,18
1029,84,66,21,18
1030,83,66,21,18
1031,82,66,21,18
1032,81,68,21,18
1033,82,73,21,18
1034,83,79,21,18
1035,83,83,21,18
1036,83,87,21,18
1037,83,90,21,18
1038,83,94,21,18
1039,83,98,21,18
1040,83,98,21,18
1041,81,92,21,18
1042,80,86,21,18
1043,80,82,21,18
1044,81,81,21,18
1045,81,79,21,18
1046,80,77,21,18
1047,79,74,21,18
1048,78,73,21,18
1049,77,75,21,18
1050,77,81,21,18
1051,76,82,21,18
1052,72,80,21,18
1053,70,77,21,18
1054,69,72,21,18
1055,69,70,21,18
1056,70,72,21,18
1057,71,75,21,18
1058,71,80,21,18
1059,70,85,21,18
1060,70,87,21,18
1061,69,85,21,18
1062,67,82,21,18
1063,67,79,21,18
1064,67,77,21,18
1065,67,71,21,18
1066,65,64,21,18
1067,64,61,21,18
1068,63,61,21,18
1069,63,64,21,18
1070,62,68,21,18
1071,60,70,21,18
1072,58,74,21,18
1073,58,80,21,18
1074,58,92,21,18
1075,59,98,21,18
1076,57,101,21,18
1077,54,99,21,18
1078,52,96,21,18
1079,49,90,21,18
1080,46,83,21,18
1081,44,79,21,18
1082,45,79,21,18
1083,45,81,21,18
1084,44,82,21,18
1085,43,84,21,18
1086,43,86,21,18
1087,42,86,21,18
1088,41,85,21,18
1089,40,84,21,18
1090,40,81,21,18
1091,40,77,21,18
1092,40,73,21,18
1093,41,68,21,18
1094,41,67,21,18
1095,42,66,21,18
1096,43,68,21,18
1097,43,72,21,18
1098,43,76,21,18
1099,42,79,21,18
1100,40,81,21,18
1101,38,83,21,18
1102,37,84,21,18
1103,35,82,21,18
1104,33,80,21,18
1105,33,75,21,18
1106,32,71,21,18
1107,31,68,21,18
1108,31,68,21,18
1109,31,72,21,18
1110,30,78,21,18
1111,28,80,21,18
1112,26,79,21,18
1113,24,75,21,18
1114,22,70,21,18
1115,20,67,21,18
1116,20,66,21,18
1117,20,65,21,18
1118,19,65,21,18
1119,19,69,21,18
1120,21,75,21,18
1121,22,78,21,18
1122,22,78,21,18
1123,21,75,21,18
1124,21,71,21,18
1125,21,65,21,18
1126,20,60,21,18
1127,18,56,21,18
1128,16,56,21,18
1129,15,59,21,18
1130,13,63,21,18
1131,10,63,21,18
1132,7,61,21,18
1133,4,59,21,18
1134,2,55,21,18
1135,0,51,21,18
1136,1,51,21,18
1137,2,53,21,18
1138,1,53,21,18
1139,1,56,21,18
1140,1,58,21,18
1141,0,57,21,18
1142,0,55,21,18
1143,0,53,21,18
1144,0,49,21,18
1145,0,47,21,18
1146,0,46,21,18
1147,0,43,21,18
1148,0,43,21,18
1149,0,47,21,18
1150,0,49,21,18
1151,27,44,21,18
1152,25,45,21,18
1153,24,45,21,18
1154,23,44,21,18
1155,22,46,21,18
1156,21,50,21,18
1157,19,53,21,18
1158,17,53,21,18
1159,13,50,21,18
1160,10,47,21,18
1161,10,44,21,18
1162,11,40,21,18
1163,11,36,21,18
1164,10,33,21,18
1165,10,33,21,18
1166,10,34,21,18
1167,9,34,21,18
1168,7,36,21,18
1169,5,39,21,18
1170,2,39,21,18
1171,0,37,21,18
1172,0,38,21,18
1173,0,37,21,18
1174,0,36,21,18
1175,0,34,21,18
1176,0,35,21,18
1177,0,38,21,18
1178,0,37,21,18
1179,343,32,21,18
1180,342,34,21,18
1181,344,40,21,18
1182,344,46,21,18
1183,341,45,21,18
1184,338,43,21,18
1185,338,45,21,18
1186,338,48,21,18
1187,335,45,21,18
1188,334,42,21,18
1189,336,43,21,18
1190,338,42,21,18
1191,337,39,21,18
1192,337,35,21,18
1193,340,35,21,18
1194,341,38,21,18
1195,341,38,21,18
1196,340,40,21,18
1197,339,40,21,18
1198,337,37,21,18
1199,337,33,21,18
1200,338,28,21,18
1201,339,23,21,18
1202,339,19,21,18
1203,343,15,21,18
1204,344,15,21,18
1205,343,14,21,18
1206,343,16,21,18
1207,344,18,21,18
1208,344,18,21,18
1209,344,17,21,18
1210,346,19,21,18
1211,347,20,21,18
1212,347,21,21,18
1213,348,21,21,18
1214,349,19,21,18
1215,349,14,21,18
1216,350,12,21,18
1217,352,10,21,18
1218,353,9,21,18
1219,353,7,21,18
1220,354,6,21,18
1221,355,6,21,18
1222,355,4,21,18
1223,354,2,21,18
1224,355,0,21,18
1225,357,0,21,18
1226,358,0,21,18
1227,357,0,21,18
1228,357,0,21,18
1229,377,0,21,18
1230,377,0,21,18
1231,378,0,21,18
1232,378,0,21,18
1233,377,0,21,18
1234,377,0,21,18
1235,348,12,21,18
1236,348,9,21,18
1237,349,8,21,18
1238,350,10,21,18
1239,351,13,21,18
1240,353,14,21,18
1241,353,14,21,18
1242,353,16,21,18
1243,354,19,21,18
1244,354,18,21,18
1245,352,15,21,18
1246,351,12,21,18
1247,352,13,21,18
1248,352,12,21,18
1249,351,9,21,18
1250,351,7,21,18
1251,352,6,21,18
1252,352,7,21,18
1253,351,7,21,18
1254,350,11,21,18
1255,348,14,21,18
1256,346,15,21,18
1257,346,16,21,18
1258,346,13,21,18
1259,340,11,21,18
1260,95,95,21,18
1261,98,90,21,18
1262,100,85,21,18
1263,102,79,21,18
1264,102,75,21,18
1265,101,74,21,18
1266,101,77,21,18
1267,102,79,21,18
1268,102,78,21,18
1269,103,75,21,18
1270,104,73,21,18
1271,107,74,21,18
1272,109,77,21,18
1273,110,78,21,18
1274,109,77,21,18
1275,107,76,21,18
1276,104,74,21,18
1277,103,76,21,18
1278,102,77,21,18
1279,100,78,21,18
1280,98,81,21,18
1281,98,84,21,18
1282,96,84,21,18
1283,92,83,21,18
1284,90,82,21,18
1285,88,79,21,18
1286,85,74,21,18
1287,84,70,21,18
1288,84,69,21,18
1289,85,71,21,18
1290,85,77,21,18
1291,84,82,21,18
1292,81,85,21,18
1293,78,89,21,18
1294,76,89,21,18
1295,73,83,21,18
1296,70,77,21,18
1297,69,73,21,18
1298,69,71,21,18
1299,70,70,21,18
1300,69,70,21,18
1301,69,69,21,18
1302,69,74,21,18
1303,66,77,21,18
1304,62,80,21,18
1305,60,83,21,18
1306,60,85,21,18
1307,59,86,21,18
1308,57,83,21,18
1309,56,80,21,18
1310,56,76,21,18
1311,56,72,21,18
1312,56,71,21,18
1313,56,73,21,18
1314,57,78,21,18
1315,58,79,21,18
1316,57,79,21,18
1317,56,77,21,18
1318,57,72,21,18
1319,58,70,21,18
1320,60,68,21,18
1321,62,67,21,18
1322,63,65,21,18
1323,62,61,21,18
1324,61,58,21,18
1325,61,56,21,18
1326,61,54,21,18
1327,61,53,21,18
1328,65,57,21,18
1329,69,59,21,18
1330,73,65,21,18
1331,86,74,21,18
1332,466,13,21,18
1333,476,14,21,18
1334,487,13,21,18
1335,496,10,21,18
1336,454,95,21,18
1337,460,89,21,18
1338,465,81,21,18
1339,470,74,21,18
1340,474,70,21,18
1341,477,68,21,18
1342,479,71,21,18
1343,480,74,21,18
1344,481,76,21,18
1345,483,75,21,18
1346,486,75,21,18
1347,490,76,21,18
1348,495,77,21,18
1349,500,80,21,18
1350,505,82,21,18
1351,508,82,21,18
1352,510,84,21,18
1353,510,88,21,18
1354,511,86,21,18
1355,513,84,21,18
1356,516,86,21,18
1357,518,88,21,18
1358,520,87,21,18
1359,522,85,21,18
1360,525,81,21,18
1361,528,76,21,18
1362,532,71,21,18
1363,538,70,21,18
1364,544,66,21,18
1365,550,62,21,18
1366,555,58,21,18
1367,559,58,21,18
1368,562,62,21,18
1369,563,67,21,18
1370,565,66,21,18
1371,569,63,21,18
1372,574,59,21,18
1373,580,51,21,18
1374,584,49,21,18
1375,589,47,21,18
1376,593,47,21,18
1377,597,46,21,18
1378,600,49,21,18
1379,603,51,21,18
1380,605,52,21,18
1381,607,53,21,18
1382,609,57,21,18
1383,610,59,21,18
1384,611,58,21,18
1385,613,54,21,18
1386,614,50,21,18
1387,615,46,21,18
1388,541,211,21,18
1389,546,211,21,18
1390,550,213,21,18
1391,554,213,21,18
1392,557,213,21,18
1393,560,213,21,18
1394,564,214,21,18
1395,567,213,21,18
1396,569,215,21,18
1397,571,216,21,18
1398,574,218,21,18
1399,577,216,21,18
1400,579,206,21,18
1401,586,199,21,18
1402,589,196,21,18
1403,591,194,21,18
1404,593,195,21,18
1405,594,198,21,18
1406,591,198,21,18
1407,589,202,21,18
1408,588,204,21,18
1409,589,207,21,18
1410,589,208,21,18
1411,590,209,21,18
1412,591,211,21,18
1413,591,212,21,18
1414,592,214,21,18
1415,592,216,21,18
1416,591,217,21,18
1417,586,209,21,18
1418,588,216,21,18
1419,586,217,21,18
1420,583,216,21,18
1421,575,212,21,18
1422,571,214,21,18
1423,567,217,21,18
1424,563,218,21,18
1425,561,218,21,18
1426,561,214,21,18
1427,563,213,21,18
1428,565,209,21,18
1429,568,207,21,18
1430,571,204,21,18
1431,573,205,21,18
1432,572,208,21,18
1433,569,210,21,18
1434,566,208,21,18
1435,564,206,21,18
1436,564,207,21,18
1437,564,207,21,18
1438,564,207,21,18
1439,565,207,21,18
1440,567,206,21,18
1441,569,207,21,18
1442,568,209,21,18
1443,568,211,21,18
1444,570,213,21,18
1445,574,215,21,18
1446,578,215,21,18
1447,581,215,21,18
1448,585,216,21,18
1449,586,218,21,18
1450,579,215,21,18
1451,578,217,21,18
1452,575,218,21,18
1453,570,220,21,18
1454,564,221,21,18
1455,558,220,21,18
1456,554,220,21,18
1457,554,221,21,18
1458,556,221,21,18
1459,559,221,21,18
1460,562,221,21,18
1461,564,219,21,18
1462,568,217,21,18
1463,570,216,21,18
1464,569,216,21,18
1465,572,202,21,18
1466,547,186,21,18
1467,547,192,21,18
1468,548,196,21,18
1469,551,199,21,18
1470,553,200,21,18
1471,558,203,21,18
1472,562,201,21,18
1473,566,199,21,18
1474,569,199,21,18
1475,564,198,21,18
1476,560,200,21,18
1477,554,198,21,18
1478,537,190,21,18
1479,538,193,21,18
1480,541,197,21,18
1481,525,184,21,18
1482,536,196,21,18
1483,532,196,21,18
1484,528,197,21,18
1485,520,194,21,18
1486,518,196,21,18
1487,514,196,21,18
1488,512,196,21,18
1489,513,196,21,18
1490,514,193,21,18
1491,508,184,21,18
1492,517,187,21,18
1493,523,188,21,18
1494,529,188,21,18
1495,525,188,21,18
1496,530,193,21,18
1497,529,195,21,18
1498,533,197,21,18
1499,528,194,21,18
1500,530,196,21,18
1501,532,200,21,18
1502,529,201,21,18
1503,529,205,21,18
1504,525,205,21,18
1505,511,199,21,18
1506,506,199,21,18
1507,506,199,21,18
1508,510,200,21,18
1509,507,197,21,18
1510,509,197,21,18
1511,509,196,21,18
1512,509,197,21,18
1513,512,201,21,18
1514,508,201,21,18
1515,492,193,21,18
1516,479,193,21,18
1517,460,194,21,18
1518,434,188,21,18
1519,413,184,21,18
1520,404,185,21,18
1521,404,187,21,18
1522,408,178,21,18
1523,417,179,21,18
1524,417,177,21,18
1525,413,177,21,18
1526,416,186,21,18
1527,405,186,21,18
1528,397,191,21,18
1529,372,182,21,18
1530,355,181,21,18
1531,337,176,21,18
1532,329,178,21,18
1533,328,182,21,18
1534,330,186,21,18
1535,331,189,21,18
1536,328,192,21,18
1537,326,194,21,18
1538,322,195,21,18
1539,317,190,21,18
1540,323,190,21,18
1541,329,186,21,18
1542,338,186,21,18
1543,348,185,21,18
1544,357,187,21,18
1545,364,189,21,18
1546,364,190,21,18
1547,353,182,21,18
1548,340,176,21,18
1549,340,179,21,18
1550,339,181,21,18
1551,336,179,21,18
1552,345,184,21,18
1553,343,181,21,18
1554,343,181,21,18
1555,333,174,21,18
1556,330,179,21,18
1557,322,182,21,18
1558,320,189,21,18
1559,318,190,21,18
1560,318,191,21,18
1561,318,192,21,18
1562,313,187,21,18
1563,320,192,21,18
1564,321,192,21,18
1565,322,194,21,18
1566,319,193,21,18
1567,318,195,21,18
1568,313,198,21,18
1569,313,200,21,18
1570,315,201,21,18
1571,321,203,21,18
1572,321,199,21,18
1573,321,198,21,18
1574,320,198,21,18
1575,323,200,21,18
1576,325,201,21,18
1577,328,203,21,18
1578,329,206,21,18
1579,331,210,21,18
1580,331,212,21,18
1581,334,209,21,18
1582,333,211,21,18
1583,336,213,21,18
1584,338,213,21,18
1585,341,213,21,18
1586,342,214,21,18
1587,338,195,21,18
1588,343,196,21,18
1589,348,195,21,18
1590,353,194,21,18
1591,359,193,21,18
1592,367,191,21,18
1593,375,187,21,18
1594,386,184,21,18
1595,396,185,21,18
1596,396,181,21,18
1597,401,184,21,18
1598,401,185,21,18
1599,406,191,21,18
1600,391,183,21,18
1601,394,187,21,18
1602,394,190,21,18
1603,397,194,21,18
1604,400,195,21,18
1605,406,198,21,18
1606,414,199,21,18
1607,415,194,21,18
1608,422,194,21,18
1609,432,194,21,18
1610,432,191,21,18
1611,441,194,21,18
1612,449,195,21,18
1613,462,198,21,18
1614,457,196,21,18
1615,462,198,21,18
1616,463,198,21,18
1617,464,198,21,18
1618,467,197,21,18
1619,469,195,21,18
1620,450,179,21,18
1621,461,179,21,18
1622,472,176,21,18
1623,481,173,21,18
1624,487,172,21,18
1625,493,172,21,18
1626,497,171,21,18
1627,501,171,21,18
1628,504,173,21,18
1629,512,174,21,18
1630,520,176,21,18
1631,526,177,21,18
1632,528,178,21,18
1633,535,182,21,18
1634,526,179,21,18
1635,532,181,21,18
1636,535,181,21,18
1637,538,181,21,18
1638,514,169,21,18
1639,111,169,21,18
1640,113,167,21,18
1641,115,166,21,18
1642,117,162,21,18
1643,119,158,21,18
1644,122,155,21,18
1645,125,152,21,18
1646,127,149,21,18
1647,130,149,21,18
1648,134,150,21,18
1649,136,150,21,18
1650,138,151,21,18
1651,140,150,21,18
1652,142,147,21,18
1653,144,146,21,18
1654,146,145,21,18
1655,148,145,21,18
1656,149,146,21,18
1657,149,147,21,18
1658,149,149,21,18
1659,148,150,21,18
1660,148,149,21,18
1661,149,148,21,18
1662,149,151,21,18
1663,150,152,21,18
1664,152,147,21,18
1665,154,144,21,18
1666,159,147,21,18
1667,163,153,21,18
1668,165,157,21,18
1669,333,150,21,18
1670,336,156,21,18
1671,338,158,21,18
1672,339,155,21,18
1673,338,149,21,18
1674,337,145,21,18
1675,336,143,21,18
1676,336,139,21,18
1677,337,132,21,18
1678,339,128,21,18
1679,341,128,21,18
1680,341,127,21,18
1681,340,127,21,18
1682,340,128,21,18
1683,341,132,21,18
1684,342,134,21,18
1685,342,135,21,18
1686,343,135,21,18
1687,345,137,21,18
1688,347,140,21,18
1689,351,142,21,18
1690,356,144,21,18
1691,360,145,21,18
1692,368,146,21,18
1693,375,145,21,18
1694,381,144,21,18
1695,385,143,21,18
1696,387,142,21,18
1697,387,138,21,18
1698,387,136,21,18
1699,388,133,21,18
1700,389,131,21,18
1701,390,132,21,18
1702,391,133,21,18
1703,392,133,21,18
1704,393,131,21,18
1705,396,131,21,18
1706,400,132,21,18
1707,403,130,21,18
1708,405,126,21,18
1709,409,124,21,18
1710,416,124,21,18
1711,423,124,21,18
1712,430,125,21,18
1713,438,128,21,18
1714,447,133,21,18
1715,457,135,21,18
1716,469,135,21,18
1717,481,134,21,18
1718,493,130,21,18
1719,506,126,21,18
1720,520,124,21,18
1721,534,125,21,18
1722,544,125,21,18
1723,77,155,21,18
1724,77,154,21,18
1725,78,149,21,18
1726,79,143,21,18
1727,78,139,21,18
1728,24,18,21,18
1729,55,18,21,18
1730,49,15,21,18
1731,43,13,21,18
1732,39,11,21,18
1733,38,12,21,18
1734,38,15,21,18
1735,38,22,21,18
1736,39,23,21,18
1737,39,25,21,18
1738,37,26,21,18
1739,34,26,21,18
1740,32,24,21,18
1741,30,25,21,18
1742,27,26,21,18
1743,25,26,21,18
1744,24,27,21,18
1745,24,26,21,18
1746,25,23,21,18
1747,25,19,21,18
1748,25,16,21,18
1749,24,13,21,18
1750,22,10,21,18
1751,19,7,21,18
1752,16,5,21,18
1753,12,3,21,18
1754,13,22,21,18
1755,5,18,21,18
1756,29,20,21,18
1757,25,15,21,18
1758,24,17,21,18
1759,22,14,21,18
1760,19,11,21,18
1761,21,27,21,18
1762,18,22,21,18
1763,16,19,21,18
1764,12,20,21,18
1765,9,20,21,18
1766,6,18,21,18
1767,3,17,21,18
1768,1,17,21,18
1769,0,18,21,18
1770,0,18,21,18
1771,0,17,21,18
1772,23,23,21,18
1773,20,25,21,18
1774,68,32,21,18
1775,61,30,21,18
1776,53,27,21,18
1777,48,25,21,18
1778,44,22,21,18
1779,39,22,21,18
1780,34,26,21,18
1781,30,26,21,18
1782,28,22,21,18
1783,26,19,21,18
1784,23,16,21,18
1785,19,14,21,18
1786,16,12,21,18
1787,12,9,21,18
1788,8,7,21,18
1789,6,25,21,18
1790,2,25,21,18
1791,0,29,21,18
1792,16,38,21,18
1793,13,66,21,18
1794,573,115,21,18
1795,577,119,21,18
1796,590,121,21,18
1797,557,120,21,18
1798,561,127,21,18
1799,568,134,21,18
1800,569,139,21,18
1801,570,142,21,18
1802,329,24,21,18
1803,328,25,21,18
1804,328,25,21,18
1805,327,27,21,18
1806,325,29,21,18
1807,323,28,21,18
1808,323,25,21,18
1809,323,23,21,18
1810,321,20,21,18
1811,319,16,21,18
1812,317,13,21,18
1813,313,13,21,18
1814,311,13,21,18
1815,311,10,21,18
1816,311,12,21,18
1817,313,19,21,18
1818,315,29,21,18
1819,317,32,21,18
1820,322,31,21,18
1821,325,33,21,18
1822,327,34,21,18
1823,327,35,21,18
1824,327,35,21,18
1825,326,35,21,18
1826,324,33,21,18
1827,320,32,21,18
1828,318,28,21,18
1829,316,26,21,18
1830,316,22,21,18
1831,316,19,21,18
1832,311,19,21,18
1833,300,16,21,18
1834,302,12,21,18
1835,304,9,21,18
1836,306,7,21,18
1837,306,6,21,18
1838,307,5,21,18
1839,307,5,21,18
1840,307,7,21,18
1841,306,11,21,18
1842,306,15,21,18
1843,305,18,21,18
1844,305,18,21,18
1845,306,15,21,18
1846,306,12,21,18
1847,308,8,21,18
1848,308,6,21,18
1849,308,6,21,18
1850,305,9,21,18
1851,303,9,21,18
1852,302,8,21,18
1853,300,8,21,18
1854,298,6,21,18
1855,297,5,21,18
1856,297,5,21,18
1857,296,7,21,18
1858,294,9,21,18
1859,294,8,21,18
1860,294,8,21,18
1861,294,8,21,18
1862,295,9,21,18
1863,294,12,21,18
1864,293,14,21,18
1865,293,13,21,18
1866,292,10,21,18
1867,291,3,21,18
1868,291,1,21,18
1869,292,0,21,18
1870,293,0,21,18
1871,296,0,21,18
1872,298,0,21,18
1873,299,1,21,18
1874,300,5,21,18
1875,301,5,21,18
1876,303,4,21,18
1877,305,4,21,18
1878,305,6,21,18
1879,304,8,21,18
1880,302,10,21,18
1881,299,12,21,18
1882,295,13,21,18
1883,291,13,21,18
1884,288,13,21,18
1885,285,15,21,18
1886,283,17,21,18
1887,283,19,21,18
1888,285,20,21,18
1889,287,21,21,18
1890,289,22,21,18
1891,291,25,21,18
1892,294,28,21,18
1893,297,29,21,18
1894,299,28,21,18
1895,302,26,21,18
1896,303,23,21,18
1897,303,20,21,18
1898,303,18,21,18
1899,304,15,21,18
1900,305,12,21,18
1901,306,9,21,18
1902,309,7,21,18
1903,312,4,21,18
1904,314,2,21,18
1905,315,3,21,18
1906,316,4,21,18
1907,317,5,21,18
1908,318,3,21,18
1909,326,0,21,18
1910,334,0,21,18
1911,318,8,21,18
1912,319,6,21,18
1913,319,7,21,18
1914,318,7,21,18
1915,318,6,21,18
1916,317,4,21,18
1917,317,2,21,18
1918,316,1,21,18
1919,313,2,21,18
1920,309,0,21,18
1921,304,0,21,18
1922,71,13,21,18
1923,68,11,21,18
1924,68,8,21,18
1925,71,5,21,18
1926,74,5,21,18
1927,77,11,21,18
1928,78,18,21,18
1929,79,23,21,18
1930,80,21,21,18
1931,80,21,21,18
1932,80,21,21,18
1933,81,20,21,18
1934,86,20,21,18
1935,90,24,21,18
1936,91,26,21,18
1937,91,26,21,18
1938,91,26,21,18
1939,90,26,21,18
1940,89,26,21,18
1941,90,26,21,18
1942,93,26,21,18
1943,95,28,21,18
1944,96,34,21,18
1945,92,39,21,18
1946,86,40,21,18
1947,82,39,21,18
1948,79,36,21,18
1949,77,37,21,18
1950,77,41,21,18
1951,77,45,21,18
1952,77,43,21,18
1953,77,38,21,18
1954,80,34,21,18
1955,79,33,21,18
1956,76,32,21,18
1957,75,27,21,18
1958,76,24,21,18
1959,66,22,21,18
1960,303,120,21,18
1961,289,105,21,18
1962,285,113,21,18
1963,281,121,21,18
1964,300,118,21,18
1965,295,126,21,18
1966,286,136,21,18
1967,294,117,21,18
1968,291,125,21,18
1969,287,135,21,18
1970,283,144,21,18
1971,278,150,21,18
1972,286,139,21,18
1973,279,147,21,18
1974,271,155,21,18
1975,263,162,21,18
1976,263,155,21,18
1977,254,163,21,18
1978,262,162,21,18
1979,260,162,21,18
1980,268,168,21,18
1981,316,171,21,18
1982,319,173,21,18
1983,311,173,21,18
1984,305,166,21,18
1985,299,155,21,18
1986,289,160,21,18
1987,315,158,21,18
1988,343,163,21,18
1989,353,169,21,18
1990,352,175,21,18
1991,124,27,21,18
1992,122,28,21,18
1993,121,28,21,18
1994,122,27,21,18
1995,124,27,21,18
1996,126,31,21,18
1997,126,36,21,18
1998,126,38,21,18
1999,127,35,21,18
2000,127,31,21,18
2001,126,29,21,18
2002,126,24,21,18
2003,128,21,21,18
2004,129,18,21,18
2005,130,17,21,18
2006,132,18,21,18
2007,134,21,21,18
2008,135,25,21,18
2009,136,28,21,18
2010,137,29,21,18
2011,138,31,21,18
2012,139,36,21,18
2013,139,39,21,18
2014,139,37,21,18
2015,140,36,21,18
2016,140,36,21,18
2017,138,39,21,18
2018,137,41,21,18
2019,136,45,21,18
2020,134,44,21,18
2021,132,42,21,18
2022,129,36,21,18
2023,127,16,21,18
2024,109,15,21,18
2025,101,9,21,18
2026,90,8,21,18
2027,83,5,21,18
2028,78,5,21,18
2029,74,9,21,18
2030,70,16,21,18
2031,65,21,21,18
2032,60,28,21,18
2033,52,34,21,18
2034,45,35,21,18
2035,34,36,21,18
2036,26,37,21,18
2037,19,35,21,18
2038,15,31,21,18
2039,37,32,21,18
2040,34,33,21,18
2041,33,33,21,18
2042,32,32,21,18
2043,32,35,21,18
2044,32,38,21,18
2045,34,43,21,18
2046,36,42,21,18
2047,36,39,21,18
2048,35,35,21,18
2049,35,37,21,18
2050,34,44,21,18
2051,33,49,21,18
2052,34,63,21,18
2053,35,75,21,18
2054,34,81,21,18
2055,34,81,21,18
2056,32,74,21,18
2057,30,66,21,18
2058,89,56,21,18
2059,90,50,21,18
2060,91,48,21,18
2061,93,50,21,18
2062,94,51,21,18
2063,94,51,21,18
2064,94,54,21,18
2065,93,59,21,18
2066,92,64,21,18
2067,91,75,21,18
2068,89,81,21,18
2069,87,85,21,18
2070,83,82,21,18
2071,79,75,21,18
2072,76,68,21,18
2073,75,63,21,18
2074,75,60,21,18
2075,74,55,21,18
2076,71,51,21,18
2077,68,50,21,18
2078,63,62,21,18
2079,59,69,21,18
2080,54,73,21,18
2081,49,73,21,18
2082,45,71,21,18
2083,43,71,21,18
2084,42,68,21,18
2085,41,65,21,18
2086,42,62,21,18
2087,43,61,21,18
2088,44,62,21,18
2089,44,64,21,18
2090,43,64,21,18
2091,40,60,21,18
2092,36,56,21,18
2093,32,55,21,18
2094,30,57,21,18
2095,29,63,21,18
2096,29,72,21,18
2097,28,77,21,18
2098,26,77,21,18
2099,25,77,21,18
2100,25,80,21,18
2101,24,82,21,18
2102,23,81,21,18
2103,23,82,21,18
2104,24,87,21,18
2105,21,100,21,18
2106,21,104,21,18
2107,19,103,21,18
2108,18,100,21,18
2109,16,97,21,18
2110,13,93,21,18
2111,9,91,21,18
2112,6,91,21,18
2113,3,93,21,18
2114,1,95,21,18
2115,0,96,21,18
2116,0,97,21,18
2117,0,95,21,18
2118,0,91,21,18
2119,0,87,21,18
2120,0,83,21,18
2121,1,84,21,18
2122,1,90,21,18
2123,0,98,21,18
2124,0,102,21,18
2125,8,91,21,18
2126,5,90,21,18
2127,4,86,21,18
2128,3,80,21,18
2129,3,74,21,18
2130,3,71,21,18
2131,3,67,21,18
2132,3,66,21,18
2133,3,62,21,18
2134,1,62,21,18
2135,0,66,21,18
2136,0,68,21,18
2137,0,69,21,18
2138,0,71,21,18
2139,0,71,21,18
2140,0,71,21,18
2141,306,101,21,18
2142,309,102,21,18
2143,312,102,21,18
2144,314,99,21,18
2145,317,96,21,18
2146,321,96,21,18
2147,325,117,21,18
2148,328,116,21,18
2149,332,118,21,18
2150,338,121,21,18
2151,344,126,21,18
2152,349,125,21,18
2153,355,125,21,18
2154,362,128,21,18
2155,369,130,21,18
2156,377,128,21,18
2157,387,127,21,18
2158,398,124,21,18
2159,410,122,21,18
2160,425,122,21,18
2161,441,120,21,18
2162,461,119,21,18
2163,487,117,21,18
2164,520,144,21,18
2165,560,110,21,18
2166,298,209,21,18
2167,280,211,21,18
2168,273,188,21,18
2169,273,190,21,18
2170,268,185,21,18
2171,270,186,21,18
2172,273,186,21,18
2173,277,185,21,18
2174,281,186,21,18
2175,281,184,21,18
2176,281,178,21,18
2177,280,172,21,18
2178,280,169,21,18
2179,279,169,21,18
2180,277,170,21,18
2181,277,172,21,18
2182,277,173,21,18
2183,277,174,21,18
2184,279,172,21,18
2185,281,173,21,18
2186,286,177,21,18
2187,286,176,21,18
2188,282,172,21,18
2189,278,166,21,18
2190,278,159,21,18
2191,277,152,21,18
2192,277,149,21,18
2193,277,148,21,18
2194,277,146,21,18
2195,280,146,21,18
2196,283,147,21,18
2197,283,146,21,18
2198,283,148,21,18
2199,284,149,21,18
2200,285,150,21,18
2201,285,153,21,18
2202,287,157,21,18
2203,287,158,21,18
2204,287,159,21,18
2205,283,161,21,18
2206,282,164,21,18
2207,284,168,21,18
2208,303,174,21,18
2209,287,180,21,18
2210,282,185,21,18
2211,281,189,21,18
2212,281,192,21,18
2213,289,197,21,18
2214,281,204,21,18
2215,14,146,21,18
2216,21,147,21,18
2217,17,146,21,18
2218,13,143,21,18
2219,35,136,21,18
2220,33,135,21,18
2221,30,137,21,18
2222,60,137,21,18
2223,55,137,21,18
2224,53,134,21,18
2225,47,134,21,18
2226,43,131,21,18
2227,38,131,21,18
2228,34,133,21,18
2229,30,128,21,18
2230,23,125,21,18
2231,21,126,21,18
2232,17,127,21,18
2233,50,119,21,18
2234,45,117,21,18
2235,40,112,21,18
2236,36,107,21,18
2237,51,105,21,18
2238,50,107,21,18
2239,48,110,21,18
2240,45,114,21,18
2241,72,117,21,18
2242,68,118,21,18
2243,64,118,21,18
2244,60,121,21,18
2245,56,126,21,18
2246,53,126,21,18
2247,51,125,21,18
2248,49,127,21,18
2249,46,128,21,18
2250,44,127,21,18
2251,40,127,21,18
2252,54,127,21,18
2253,46,127,21,18
2254,45,130,21,18
2255,44,133,21,18
2256,57,132,21,18
2257,54,132,21,18
2258,35,136,21,18
2259,31,137,21,18
2260,42,129,21,18
2261,37,123,21,18
2262,35,123,21,18
2263,29,125,21,18
2264,128,134,21,18
2265,125,138,21,18
2266,124,142,21,18
2267,121,144,21,18
2268,123,148,21,18
2269,132,153,21,18
2270,130,160,21,18
2271,137,162,21,18
2272,132,162,21,18
2273,126,159,21,18
2274,121,157,21,18
2275,119,157,21,18
2276,113,156,21,18
2277,106,156,21,18
2278,103,159,21,18
2279,103,162,21,18
2280,97,163,21,18
2281,93,161,21,18
2282,89,162,21,18
2283,87,164,21,18
2284,80,164,21,18
2285,72,165,21,18
2286,77,168,21,18
2287,79,172,21,18
2288,77,173,21,18
2289,74,174,21,18
2290,74,174,21,18
2291,70,174,21,18
2292,63,174,21,18
2293,53,175,21,18
2294,65,171,21,18
2295,57,173,21,18
2296,58,174,21,18
2297,50,176,21,18
2298,39,180,21,18
2299,45,179,21,18
2300,61,174,21,18
2301,52,177,21,18
2302,69,172,21,18
2303,60,174,21,18
2304,66,175,21,18
2305,89,175,21,18
2306,91,179,21,18
2307,85,181,21,18
2308,80,182,21,18
2309,71,183,21,18
2310,61,183,21,18
2311,55,180,21,18
2312,50,176,21,18
2313,77,163,21,18
2314,69,163,21,18
2315,74,162,21,18
2316,69,164,21,18
2317,72,166,21,18
2318,70,168,21,18
2319,66,170,21,18
2320,59,171,21,18
2321,90,162,21,18
2322,81,165,21,18
2323,86,163,21,18
2324,77,163,21,18
2325,75,164,21,18
2326,67,166,21,18
2327,60,167,21,18
2328,76,165,21,18
2329,71,171,21,18
2330,66,176,21,18
2331,578,96,21,18
2332,582,99,21,18
2333,582,98,21,18
2334,581,99,21,18
2335,581,102,21,18
2336,565,101,21,18
2337,12,119,21,18
2338,11,120,21,18
2339,8,116,21,18
2340,6,110,21,18
2341,4,104,21,18
2342,1,102,21,18
2343,276,82,21,18
2344,278,78,21,18
2345,280,78,21,18
2346,281,80,21,18
2347,281,82,21,18
2348,281,83,21,18
2349,280,85,21,18
2350,280,82,21,18
2351,280,78,21,18
2352,282,74,21,18
2353,282,70,21,18
2354,282,63,21,18
2355,283,61,21,18
2356,285,59,21,18
2357,286,57,21,18
2358,287,61,21,18
2359,287,65,21,18
2360,286,67,21,18
2361,284,67,21,18
2362,281,68,21,18
2363,279,68,21,18
2364,281,68,21,18
2365,285,66,21,18
2366,287,63,21,18
2367,288,55,21,18
2368,291,56,21,18
2369,295,64,21,18
2370,297,71,21,18
2371,296,70,21,18
2372,294,67,21,18
2373,294,64,21,18
2374,294,62,21,18
2375,294,56,21,18
2376,296,53,21,18
2377,298,56,21,18
2378,299,61,21,18
2379,301,64,21,18
2380,302,65,21,18
2381,302,64,21,18
2382,302,61,21,18
2383,304,55,21,18
2384,306,49,21,18
2385,307,45,21,18
2386,308,44,21,18
2387,310,48,21,18
2388,311,49,21,18
2389,310,43,21,18
2390,310,36,21,18
2391,310,31,21,18
2392,310,25,21,18
2393,309,23,21,18
2394,309,23,21,18
2395,309,25,21,18
2396,309,27,21,18
2397,309,29,21,18
2398,311,28,21,18
2399,315,26,21,18
2400,319,24,21,18
2401,323,23,21,18
2402,327,21,21,18
2403,329,19,21,18
2404,330,19,21,18
2405,331,17,21,18
2406,333,13,21,18
2407,334,11,21,18
2408,336,11,21,18
2409,338,12,21,18
2410,340,10,21,18
2411,343,7,21,18
2412,346,7,21,18
2413,347,8,21,18
2414,348,8,21,18
2415,352,6,21,18
2416,338,28,21,18
2417,341,22,21,18
2418,343,14,21,18
2419,291,39,21,18
2420,293,36,21,18
2421,295,37,21,18
2422,297,35,21,18
2423,298,32,21,18
2424,298,31,21,18
2425,296,37,21,18
2426,297,42,21,18
2427,298,46,21,18
2428,298,47,21,18
2429,300,47,21,18
2430,303,44,21,18
2431,308,40,21,18
2432,312,37,21,18
2433,315,37,21,18
2434,317,40,21,18
2435,317,42,21,18
2436,317,43,21,18
2437,317,43,21,18
2438,318,39,21,18
2439,319,35,21,18
2440,320,31,21,18
2441,321,30,21,18
2442,323,32,21,18
2443,325,36,21,18
2444,326,36,21,18
2445,328,36,21,18
2446,330,37,21,18
2447,332,36,21,18
2448,334,33,21,18
2449,337,31,21,18
2450,339,31,21,18
2451,341,31,21,18
2452,342,29,21,18
2453,343,27,21,18
2454,345,26,21,18
2455,348,25,21,18
2456,351,23,21,18
2457,354,22,21,18
2458,356,20,21,18
2459,358,17,21,18
2460,361,14,21,18
2461,363,11,21,18
2462,365,9,21,18
2463,368,7,21,18
2464,371,5,21,18
2465,438,105,21,18
2466,445,102,21,18
2467,454,102,21,18
2468,462,103,21,18
2469,470,100,21,18
2470,482,97,21,18
2471,459,107,21,18
2472,467,110,21,18
2473,474,110,21,18
2474,481,113,21,18
2475,490,116,21,18
2476,499,116,21,18
2477,510,113,21,18
2478,125,102,21,18
2479,120,99,21,18
2480,115,96,21,18
2481,109,92,21,18
2482,104,90,21,18
2483,100,90,21,18
2484,95,90,21,18
2485,88,88,21,18
2486,82,86,21,18
2487,77,89,21,18
2488,70,95,21,18
2489,59,82,21,18
2490,52,84,21,18
2491,51,85,21,18
2492,49,84,21,18
2493,47,84,21,18
2494,44,81,21,18
2495,41,80,21,18
2496,40,78,21,18
2497,39,78,21,18
2498,38,80,21,18
2499,37,80,21,18
2500,36,79,21,18
2501,35,78,21,18
2502,33,79,21,18
2503,30,79,21,18
2504,26,73,21,18
2505,39,67,21,18
2506,37,61,21,18
2507,36,56,21,18
2508,37,50,21,18
2509,36,51,21,18
2510,35,54,21,18
2511,35,58,21,18
2512,35,62,21,18
2513,36,65,21,18
2514,37,66,21,18
2515,39,67,21,18
2516,43,70,21,18
2517,44,70,21,18
2518,45,70,21,18
2519,47,72,21,18
2520,48,74,21,18
2521,48,78,21,18
2522,46,79,21,18
2523,43,76,21,18
2524,38,73,21,18
2525,35,71,21,18
2526,36,78,21,18
2527,37,79,21,18
2528,81,88,21,18
2529,76,76,21,18
2530,80,74,21,18
2531,78,73,21,18
2532,67,63,21,18
2533,63,54,21,18
2534,63,53,21,18
2535,64,50,21,18
2536,65,51,21,18
2537,68,56,21,18
2538,68,61,21,18
2539,66,59,21,18
2540,67,59,21,18
2541,71,61,21,18
2542,71,54,21,18
2543,70,51,21,18
2544,69,59,21,18
2545,69,67,21,18
2546,65,67,21,18
2547,61,68,21,18
2548,61,73,21,18
2549,63,77,21,18
2550,62,79,21,18
2551,72,72,21,18
2552,75,78,21,18
2553,76,81,21,18
2554,76,81,21,18
2555,77,81,21,18
2556,77,81,21,18
2557,75,78,21,18
2558,75,78,21,18
2559,75,79,21,18
2560,73,81,21,18
2561,71,82,21,18
2562,71,86,21,18
2563,71,87,21,18
2564,71,86,21,18
2565,73,84,21,18
2566,75,83,21,18
2567,77,83,21,18
2568,79,83,21,18
2569,80,85,21,18
2570,80,85,21,18
2571,76,84,21,18
2572,73,74,21,18
2573,72,73,21,18
2574,71,69,21,18
2575,70,66,21,18
2576,71,65,21,18
2577,73,66,21,18
2578,74,64,21,18
2579,73,60,21,18
2580,72,60,21,18
2581,71,62,21,18
2582,69,65,21,18
2583,67,65,21,18
2584,66,65,21,18
2585,66,63,21,18
2586,66,61,21,18
2587,68,62,21,18
2588,71,65,21,18
2589,71,67,21,18
2590,68,61,21,18
2591,66,57,21,18
2592,66,58,21,18
2593,64,58,21,18
2594,62,58,21,18
2595,61,64,21,18
2596,60,67,21,18
2597,55,61,21,18
2598,72,73,21,18
2599,71,70,21,18
2600,104,47,21,18
2601,105,49,21,18
2602,106,52,21,18
2603,105,49,21,18
2604,104,46,21,18
2605,105,47,21,18
2606,105,49,21,18
2607,105,52,21,18
2608,106,57,21,18
2609,107,64,21,18
2610,105,68,21,18
2611,106,70,21,18
2612,106,70,21,18
2613,106,73,21,18
2614,106,74,21,18
2615,107,76,21,18
2616,107,74,21,18
2617,107,69,21,18
2618,108,64,21,18
2619,109,61,21,18
2620,109,59,21,18
2621,108,57,21,18
2622,108,60,21,18
2623,108,65,21,18
2624,107,67,21,18
2625,106,64,21,18
2626,106,63,21,18
2627,106,60,21,18
2628,105,57,21,18
2629,105,56,21,18
2630,105,54,21,18
2631,105,52,21,18
2632,105,51,21,18
2633,106,54,21,18
2634,106,59,21,18
2635,106,59,21,18
2636,105,53,21,18
2637,105,52,21,18
2638,102,55,21,18
2639,102,55,21,18
2640,101,56,21,18
2641,101,60,21,18
2642,102,64,21,18
2643,102,64,21,18
2644,101,60,21,18
2645,101,55,21,18
2646,102,52,21,18
2647,103,53,21,18
2648,104,58,21,18
2649,103,61,21,18
2650,101,56,21,18
2651,101,54,21,18
2652,101,53,21,18
2653,101,51,21,18
2654,102,51,21,18
2655,103,54,21,18
2656,102,56,21,18
2657,101,56,21,18
2658,101,57,21,18
2659,101,55,21,18
2660,103,53,21,18
2661,106,54,21,18
2662,109,57,21,18
2663,110,55,21,18
2664,113,53,21,18
2665,117,52,21,18
2666,123,53,21,18
2667,125,56,21,18
2668,132,59,21,18
2669,138,55,21,18
2670,143,44,21,18
2671,152,41,21,18
2672,159,37,21,18
2673,166,36,21,18
2674,174,38,21,18
2675,180,41,21,18
2676,185,44,21,18
2677,188,42,21,18
2678,191,41,21,18
2679,194,42,21,18
2680,198,46,21,18
2681,203,52,21,18
2682,209,60,21,18
2683,213,62,21,18
2684,223,61,21,18
2685,229,61,21,18
2686,236,65,21,18
2687,243,74,21,18
2688,248,79,21,18
2689,253,83,21,18
2690,258,84,21,18
2691,264,85,21,18
2692,271,86,21,18
2693,278,89,21,18
2694,286,88,21,18
2695,294,88,21,18
2696,302,91,21,18
2697,308,94,21,18
2698,314,95,21,18
2699,319,95,21,18
2700,325,93,21,18
2701,330,91,21,18
2702,333,91,21,18
2703,336,94,21,18
2704,339,98,21,18
2705,343,97,21,18
2706,349,93,21,18
2707,355,90,21,18
2708,361,88,21,18
2709,367,90,21,18
2710,373,97,21,18
2711,378,106,21,18
2712,383,111,21,18
2713,389,116,21,18
2714,395,117,21,18
2715,400,119,21,18
2716,405,122,21,18
2717,411,127,21,18
2718,416,127,21,18
2719,421,126,21,18
2720,424,125,21,18
2721,427,125,21,18
2722,428,123,21,18
2723,428,123,21,18
2724,426,123,21,18
2725,425,117,21,18
2726,424,112,21,18
2727,423,106,21,18
2728,423,105,21,18
2729,425,102,21,18
2730,429,102,21,18
2731,433,99,21,18
2732,439,97,21,18
2733,447,97,21,18
2734,455,96,21,18
2735,462,97,21,18
2736,469,97,21,18
2737,477,96,21,18
2738,485,92,21,18
2739,490,87,21,18
2740,494,83,21,18
2741,498,81,21,18
2742,501,82,21,18
2743,505,83,21,18
2744,511,80,21,18
2745,523,72,21,18
2746,530,71,21,18
2747,536,73,21,18
2748,539,78,21,18
2749,541,81,21,18
2750,541,83,21,18
2751,540,83,21,18
2752,538,83,21,18
2753,537,81,21,18
2754,536,80,21,18
2755,533,81,21,18
2756,529,81,21,18
2757,525,80,21,18
2758,518,74,21,18
2759,514,75,21,18
2760,511,76,21,18
2761,511,75,21,18
2762,512,75,21,18
2763,514,73,21,18
2764,516,71,21,18
2765,517,69,21,18
2766,516,70,21,18
2767,513,72,21,18
2768,157,185,21,18
2769,154,182,21,18
2770,152,179,21,18
2771,145,177,21,18
2772,159,178,21,18
2773,159,180,21,18
2774,151,179,21,18
2775,145,177,21,18
2776,145,174,21,18
2777,139,171,21,18
2778,153,172,21,18
2779,147,170,21,18
2780,131,164,21,18
2781,142,165,21,18
2782,134,160,21,18
2783,134,159,21,18
2784,142,164,21,18
2785,132,163,21,18
2786,143,146,21,18
2787,163,143,21,18
2788,157,144,21,18
2789,152,146,21,18
2790,190,145,21,18
2791,174,145,21,18
2792,199,144,21,18
2793,204,144,21,18
2794,196,145,21,18
2795,188,145,21,18
2796,171,145,21,18
2797,158,147,21,18
2798,143,149,21,18
2799,149,148,21,18
2800,139,148,21,18
2801,138,148,21,18
2802,134,150,21,18
2803,134,150,21,18
2804,145,148,21,18
2805,144,148,21,18
2806,150,148,21,18
2807,138,153,21,18
2808,56,46,21,18
2809,51,45,21,18
2810,48,41,21,18
2811,45,36,21,18
2812,41,31,21,18
2813,35,29,21,18
2814,40,32,21,18
2815,38,36,21,18
2816,25,40,21,18
2817,56,40,21,18
2818,290,77,21,18
2819,285,74,21,18
2820,280,73,21,18
2821,274,72,21,18
2822,268,70,21,18
2823,261,65,21,18
2824,254,64,21,18
2825,246,63,21,18
2826,237,67,21,18
2827,226,67,21,18
2828,216,67,21,18
2829,206,65,21,18
2830,196,66,21,18
2831,184,66,21,18
2832,170,69,21,18
2833,156,69,21,18
2834,212,71,21,18
2835,198,65,21,18
2836,187,58,21,18
2837,176,56,21,18
2838,167,57,21,18
2839,157,58,21,18
2840,146,55,21,18
2841,135,54,21,18
2842,126,50,21,18
2843,116,49,21,18
2844,103,46,21,18
2845,96,47,21,18
2846,123,43,21,18
2847,128,45,21,18
2848,156,46,21,18
2849,139,46,21,18
2850,151,42,21,18
2851,147,38,21,18
2852,160,35,21,18
2853,163,34,21,18
2854,149,38,21,18
2855,141,44,21,18
2856,125,51,21,18
2857,179,55,21,18
2858,202,57,21,18
2859,178,58,21,18
2860,202,54,21,18
2861,203,49,21,18
2862,188,48,21,18
2863,231,41,21,18
2864,216,35,21,18
2865,228,43,21,18
2866,215,36,21,18
2867,202,31,21,18
2868,191,29,21,18
2869,181,29,21,18
2870,170,26,21,18
2871,156,24,21,18
2872,174,19,21,18
2873,75,11,21,18
2874,105,8,21,18
2875,95,4,21,18
2876,155,2,21,18
2877,203,0,21,18
2878,326,213,21,18
2879,239,175,21,18
2880,576,44,21,18
2881,572,50,21,18
2882,387,72,21,18
2883,387,67,21,18
2884,389,62,21,18
2885,391,61,21,18
2886,394,61,21,18
2887,399,63,21,18
2888,401,65,21,18
2889,403,64,21,18
2890,406,66,21,18
2891,411,66,21,18
2892,414,68,21,18
2893,421,70,21,18
2894,425,74,21,18
2895,431,71,21,18
2896,445,66,21,18
2897,459,68,21,18
2898,469,74,21,18
2899,484,81,21,18
2900,479,96,21,18
2901,496,100,21,18
2902,503,107,21,18
2903,512,109,21,18
2904,522,111,21,18
2905,534,105,21,18
2906,582,98,21,18
2907,288,176,21,18
2908,288,179,21,18
2909,290,181,21,18
2910,292,183,21,18
2911,293,184,21,18
2912,293,181,21,18
2913,293,182,21,18
2914,293,180,21,18
2915,292,177,21,18
2916,293,175,21,18
2917,294,168,21,18
2918,295,164,21,18
2919,298,162,21,18
2920,303,164,21,18
2921,306,164,21,18
2922,309,167,21,18
2923,311,169,21,18
2924,311,171,21,18
2925,310,172,21,18
2926,309,175,21,18
2927,310,177,21,18
2928,311,178,21,18
2929,311,178,21,18
2930,311,178,21,18
2931,312,179,21,18
2932,313,179,21,18
2933,315,177,21,18
2934,317,174,21,18
2935,318,174,21,18
2936,319,171,21,18
2937,322,171,21,18
2938,324,168,21,18
2939,326,164,21,18
2940,329,164,21,18
2941,333,159,21,18
2942,333,156,21,18
2943,335,153,21,18
2944,337,150,21,18
2945,340,147,21,18
2946,343,144,21,18
2947,345,140,21,18
2948,353,131,21,18
2949,355,129,21,18
2950,357,127,21,18
2951,361,123,21,18
2952,365,119,21,18
2953,371,113,21,18
2954,380,106,21,18
2955,383,103,21,18
2956,393,95,21,18
2957,397,88,21,18
2958,399,79,21,18
2959,381,71,21,18
2960,365,87,21,18
2961,368,85,21,18
2962,371,84,21,18
2963,373,85,21,18
2964,375,87,21,18
2965,375,88,21,18
2966,375,85,21,18
2967,374,79,21,18
2968,375,74,21,18
2969,377,73,21,18
2970,379,74,21,18
2971,380,73,21,18
2972,380,70,21,18
2973,380,67,21,18
2974,382,65,21,18
2975,385,63,21,18
2976,387,61,21,18
2977,390,57,21,18
2978,392,53,21,18
2979,393,51,21,18
2980,393,49,21,18
2981,393,48,21,18
2982,392,47,21,18
2983,391,44,21,18
2984,391,41,21,18
2985,393,39,21,18
2986,396,37,21,18
2987,399,34,21,18
2988,400,32,21,18
2989,403,30,21,18
2990,404,27,21,18
2991,406,24,21,18
2992,407,22,21,18
2993,409,24,21,18
2994,411,27,21,18
2995,412,23,21,18
2996,396,24,21,18
2997,391,23,21,18
2998,392,20,21,18
2999,402,38,21,18
3000,406,37,21,18
3001,411,42,21,18
3002,414,41,21,18
3003,418,42,21,18
3004,426,39,21,18
3005,431,40,21,18
3006,436,41,21,18
3007,441,38,21,18
3008,445,36,21,18
3009,451,53,21,18
3010,460,54,21,18
3011,471,51,21,18
3012,481,55,21,18
3013,494,57,21,18
3014,509,54,21,18
3015,525,52,21,18
3016,544,53,21,18
3017,565,64,21,18
3018,225,104,21,18
3019,233,107,21,18
3020,215,104,21,18
3021,215,106,21,18
3022,212,110,21,18
3023,208,117,21,18
3024,205,126,21,18
3025,215,116,21,18
3026,213,125,21,18
3027,211,136,21,18
3028,203,140,21,18
3029,203,152,21,18
3030,198,157,21,18
3031,198,153,21,18
3032,192,156,21,18
3033,184,156,21,18
3034,144,202,21,18
3035,160,202,21,18
3036,136,204,21,18
3037,137,208,21,18
3038,142,210,21,18
3039,142,210,21,18
3040,139,210,21,18
3041,139,208,21,18
3042,138,211,21,18
3043,164,192,21,18
3044,161,196,21,18
3045,170,179,21,18
3046,163,187,21,18
3047,146,187,21,18
3048,180,220,21,18
3049,153,220,21,18
3050,145,220,21,18
3051,133,220,21,18
3052,128,220,21,18
3053,128,220,21,18
3054,124,220,21,18
3055,114,221,21,18
3056,214,50,21,18
3057,202,57,21,18
3058,205,61,21,18
3059,206,63,21,18
3060,206,62,21,18
3061,205,60,21,18
3062,205,63,21,18
3063,205,66,21,18
3064,204,67,21,18
3065,212,63,21,18
3066,215,52,21,18
3067,220,58,21,18
3068,176,60,21,18
3069,179,64,21,18
3070,170,66,21,18
3071,159,56,21,18
3072,209,55,21,18
3073,258,52,21,18
3074,258,51,21,18
3075,205,38,21,18
3076,202,37,21,18
3077,198,34,21,18
3078,192,35,21,18
3079,186,35,21,18
3080,150,35,21,18
3081,134,37,21,18
3082,127,37,21,18
3083,121,40,21,18
3084,119,40,21,18
3085,116,40,21,18
3086,133,39,21,18
3087,140,45,21,18
3088,144,51,21,18
3089,146,59,21,18
3090,141,63,21,18
