01-Light 21
4,81,25,68,99
5,84,25,68,99
6,86,25,68,99
7,88,26,68,99
8,89,26,68,99
9,90,26,68,99
10,90,26,68,99
11,90,26,68,99
12,89,25,68,99
13,88,25,68,99
14,87,25,68,99
15,86,25,68,99
16,85,25,68,99
17,84,25,68,99
18,83,25,68,99
19,82,25,68,99
20,81,26,68,99
21,80,27,68,99
22,79,28,68,99
23,78,29,68,99
24,77,30,68,99
25,77,30,68,99
26,77,30,68,99
27,77,30,68,99
28,78,30,68,99
29,79,30,68,99
30,80,30,68,99
31,81,30,68,99
32,82,29,68,99
33,83,28,68,99
34,84,28,68,99
35,85,28,68,99
36,86,28,68,99
37,87,28,68,99
38,88,28,68,99
39,89,28,68,99
40,90,28,68,99
41,91,28,68,99
42,92,28,68,99
43,93,28,68,99
44,94,28,68,99
45,95,28,68,99
46,96,28,68,99
47,97,28,68,99
48,98,28,68,99
49,99,28,68,99
50,100,29,68,99
51,100,29,68,99
52,100,29,68,99
53,100,29,68,99
54,100,29,68,99
55,100,29,68,99
56,100,29,68,99
57,100,29,68,99
58,100,29,68,99
59,100,29,68,99
60,100,29,68,99
61,100,29,68,99
62,100,29,68,99
63,99,29,68,99
64,98,29,68,99
65,97,29,68,99
66,96,29,68,99
67,95,29,68,99
68,94,29,68,99
69,93,29,68,99
70,92,29,68,99
71,91,29,68,99
72,90,29,68,99
73,89,29,68,99
74,88,29,68,99
75,87,29,68,99
76,86,29,68,99
77,85,29,68,99
78,85,29,68,99
79,85,29,68,99
80,85,29,68,99
81,85,29,68,99
82,85,29,68,99
83,85,29,68,99
84,85,29,68,99
85,85,29,68,99
86,85,29,68,99
87,85,29,68,99
88,85,29,68,99
89,85,29,68,99
90,85,29,68,99
91,85,29,68,99
92,85,29,68,99
93,85,29,68,99
94,85,29,68,99
95,85,29,68,99
96,85,29,68,99
97,85,29,68,99
98,85,29,68,99
99,85,29,68,99
100,85,29,68,99
101,85,29,68,99
102,85,29,68,99
103,85,29,68,99
104,85,29,68,99
105,85,29,68,99
106,85,29,68,99
107,85,29,68,99
108,85,29,68,99
109,85,29,68,99
110,85,29,68,99
111,85,29,68,99
112,85,29,68,99
113,85,29,68,99
114,85,29,68,99
115,85,29,68,99
116,85,29,68,99
117,85,29,68,99
118,85,29,68,99
119,85,29,68,99
120,85,29,68,99
121,85,29,68,99
122,85,29,68,99
123,85,29,68,99
124,85,29,68,99
125,85,29,68,99
126,85,29,68,99
127,85,29,68,99
128,85,29,68,99
129,85,29,68,99
130,85,29,68,99
131,85,29,68,99
132,85,29,68,99
133,85,29,68,99
134,85,29,68,99
135,85,29,68,99
136,85,29,68,99
137,85,29,68,99
138,85,29,68,99
139,85,29,68,99
140,85,29,68,99
141,85,29,68,99
142,85,29,68,99
143,85,29,68,99
144,85,29,68,99
145,85,29,68,99
146,85,29,68,99
147,85,29,68,99
148,85,29,68,99
149,85,29,68,99
150,85,29,68,99
151,85,29,68,99
152,85,29,68,99
153,85,29,68,99
154,85,29,68,99
155,85,29,68,99
156,85,29,68,99
157,85,29,68,99
158,85,29,68,99
159,85,29,68,99
160,85,29,68,99
161,85,29,68,99
162,85,29,68,99
163,85,29,68,99
164,84,29,68,99
165,83,29,68,99
166,82,29,68,99
167,81,29,68,99
168,80,29,68,99
169,80,29,68,99
170,80,29,68,99
171,80,29,68,99
172,80,29,68,99
173,80,29,68,99
174,80,29,68,99
175,80,29,68,99
176,80,29,68,99
177,80,29,68,99
178,80,29,68,99
179,80,29,68,99
180,80,29,68,99
181,80,29,68,99
182,80,29,68,99
183,80,29,68,99
184,80,29,68,99
185,80,29,68,99
186,81,29,68,99
187,82,29,68,99
188,83,29,68,99
189,84,29,68,99
190,85,29,68,99
191,86,29,68,99
192,87,29,68,99
193,89,29,68,99
194,91,29,68,99
195,93,29,68,99
196,94,29,68,99
197,95,29,68,99
198,96,29,68,99
199,97,29,68,99
200,98,29,68,99
201,99,29,68,99
202,99,29,68,99
203,99,29,68,99
204,99,29,68,99
205,98,29,68,99
206,97,28,68,99
207,96,27,68,99
208,95,26,68,99
209,94,26,68,99
210,93,26,68,99
211,91,26,68,99
212,89,26,68,99
213,87,26,68,99
214,85,26,68,99
215,83,26,68,99
216,82,26,68,99
217,81,26,68,99
218,80,26,68,99
219,79,25,68,99
220,78,24,68,99
221,78,24,68,99
222,78,24,68,99
223,78,24,68,99
224,78,24,68,99
225,78,23,68,99
226,79,22,68,99
227,80,21,68,99
228,81,21,68,99
229,82,21,68,99
230,83,21,68,99
231,84,21,68,99
232,86,21,68,99
233,88,21,68,99
234,91,21,68,99
235,94,21,68,99
236,98,21,68,99
237,102,21,68,99
238,107,21,68,99
239,112,21,68,99
240,118,21,68,99
241,124,21,68,99
242,130,21,68,99
243,136,20,68,99
244,142,20,68,99
245,148,20,68,99
246,153,20,68,99
247,158,20,68,99
248,163,20,68,99
249,168,20,68,99
250,172,20,68,99
251,176,20,68,99
252,180,20,68,99
253,183,20,68,99
254,186,20,68,99
255,188,20,68,99
256,190,20,68,99
257,192,20,68,99
258,193,20,68,99
259,194,20,68,99
260,195,20,68,99
261,195,20,68,99
262,195,20,68,99
263,195,20,68,99
264,194,20,68,99
265,193,20,68,99
266,192,20,68,99
267,191,20,68,99
268,189,20,68,99
269,187,20,68,99
270,185,20,68,99
271,182,20,68,99
272,179,20,68,99
273,176,20,68,99
274,173,20,68,99
275,169,20,68,99
276,165,20,68,99
277,161,20,68,99
278,156,20,68,99
279,151,20,68,99
280,146,20,68,99
281,141,20,68,99
282,136,20,68,99
283,131,20,68,99
284,126,20,68,99
285,121,20,68,99
286,116,20,68,99
287,112,20,68,99
288,108,20,68,99
289,104,20,68,99
290,101,20,68,99
291,98,20,68,99
292,95,20,68,99
293,93,20,68,99
294,91,20,68,99
295,89,20,68,99
296,87,20,68,99
297,86,20,68,99
298,85,20,68,99
299,84,20,68,99
300,83,20,68,99
301,82,20,68,99
302,82,20,68,99
303,82,20,68,99
304,82,20,68,99
305,82,20,68,99
306,83,20,68,99
307,84,20,68,99
308,85,20,68,99
309,86,20,68,99
310,88,20,68,99
311,90,20,68,99
312,92,20,68,99
313,95,20,68,99
314,98,20,68,99
315,101,20,68,99
316,104,20,68,99
317,108,20,68,99
318,112,20,68,99
319,116,20,68,99
320,120,20,68,99
321,125,20,68,99
322,130,20,68,99
323,135,20,68,99
324,140,20,68,99
325,145,20,68,99
326,150,20,68,99
327,155,20,68,99
328,159,20,68,99
329,163,20,68,99
330,167,20,68,99
331,171,20,68,99
332,175,20,68,99
333,179,20,68,99
334,182,20,68,99
335,185,20,68,99
336,188,20,68,99
337,191,20,68,99
338,194,20,68,99
339,196,20,68,99
340,198,20,68,99
341,200,20,68,99
342,201,20,68,99
343,202,20,68,99
344,203,20,68,99
345,204,20,68,99
346,204,20,68,99
347,204,20,68,99
348,204,20,68,99
349,204,20,68,99
350,203,20,68,99
351,202,20,68,99
352,201,20,68,99
353,200,20,68,99
354,199,20,68,99
355,198,20,68,99
356,196,20,68,99
357,194,20,68,99
358,192,20,68,99
359,190,20,68,99
360,188,20,68,99
361,186,20,68,99
362,183,20,68,99
363,180,20,68,99
364,177,20,68,99
365,174,20,68,99
366,171,20,68,99
367,168,20,68,99
368,165,20,68,99
369,162,20,68,99
370,159,20,68,99
371,156,20,68,99
372,153,20,68,99
373,150,20,68,99
374,147,20,68,99
375,145,20,68,99
376,143,20,68,99
377,141,20,68,99
378,139,20,68,99
379,137,20,68,99
380,135,20,68,99
381,133,20,68,99
382,132,20,68,99
383,131,20,68,99
384,130,20,68,99
385,129,20,68,99
386,128,20,68,99
387,127,20,68,99
388,127,20,68,99
389,127,20,68,99
390,127,20,68,99
391,127,20,68,99
392,127,20,68,99
393,128,20,68,99
394,129,20,68,99
395,130,20,68,99
396,131,20,68,99
397,132,20,68,99
398,134,20,68,99
399,136,20,68,99
400,138,20,68,99
401,140,20,68,99
402,143,20,68,99
403,146,20,68,99
404,149,20,68,99
405,152,20,68,99
406,156,20,68,99
407,160,19,68,99
408,164,19,68,99
409,168,19,68,99
410,172,19,68,99
411,176,19,68,99
412,180,19,68,99
413,184,19,68,99
414,188,19,68,99
415,192,19,68,99
416,196,19,68,99
417,200,19,68,99
418,204,19,68,99
419,207,19,68,99
420,210,19,68,99
421,213,19,68,99
422,216,19,68,99
423,219,19,68,99
424,221,19,68,99
425,223,19,68,99
426,225,19,68,99
427,227,19,68,99
428,228,19,68,99
429,229,19,68,99
430,230,19,68,99
431,230,19,68,99
432,230,19,68,99
433,230,19,68,99
434,230,19,68,99
435,229,19,68,99
436,228,19,68,99
437,227,19,68,99
438,225,19,68,99
439,223,19,68,99
440,221,19,68,99
441,218,19,68,99
442,215,19,68,99
443,212,19,68,99
444,209,19,68,99
445,205,19,68,99
446,201,19,68,99
447,197,18,68,99
448,193,18,68,99
449,189,18,68,99
450,185,18,68,99
451,181,18,68,99
452,177,18,68,99
453,173,18,68,99
454,169,18,68,99
455,165,18,68,99
456,161,18,68,99
457,157,18,68,99
458,153,18,68,99
459,150,18,68,99
460,147,18,68,99
461,144,18,68,99
462,141,18,68,99
463,139,18,68,99
464,137,18,68,99
465,135,18,68,99
466,134,18,68,99
467,133,18,68,99
468,132,18,68,99
469,131,18,68,99
470,131,18,68,99
471,131,18,68,99
472,131,18,68,99
473,132,19,68,99
474,133,20,68,99
475,134,21,68,99
476,135,21,68,99
477,136,21,68,99
478,138,21,68,99
479,140,21,68,99
480,142,21,68,99
481,144,22,68,99
482,146,23,68,99
483,148,24,68,99
484,149,25,68,99
485,150,26,68,99
486,151,27,68,99
487,152,28,68,99
488,153,29,68,99
489,154,30,68,99
490,155,30,68,99
491,155,30,68,99
492,155,30,68,99
493,155,30,68,99
494,155,30,68,99
495,155,30,68,99
496,155,30,68,99
497,155,30,68,99
498,154,30,68,99
499,153,30,68,99
500,152,30,68,99
501,151,30,68,99
502,150,30,68,99
503,148,30,68,99
504,146,30,68,99
505,144,30,68,99
506,142,30,68,99
507,140,30,68,99
508,137,30,68,99
509,134,30,68,99
510,131,30,68,99
511,128,30,68,99
512,125,30,68,99
513,122,30,68,99
514,119,31,68,99
515,116,32,68,99
516,113,33,68,99
517,110,34,68,99
518,107,35,68,99
519,104,35,68,99
520,101,35,68,99
521,99,35,68,99
522,97,35,68,99
523,95,35,68,99
524,93,35,68,99
525,91,35,68,99
526,90,35,68,99
527,89,35,68,99
528,88,35,68,99
529,87,35,68,99
530,86,35,68,99
531,85,35,68,99
532,85,35,68,99
533,85,35,68,99
534,85,35,68,99
535,85,35,68,99
536,85,35,68,99
537,85,35,68,99
538,85,35,68,99
539,85,35,68,99
540,86,35,68,99
541,87,35,68,99
542,88,35,68,99
543,89,35,68,99
544,90,35,68,99
545,91,35,68,99
546,92,35,68,99
547,93,35,68,99
548,95,35,68,99
549,97,35,68,99
550,99,35,68,99
551,101,35,68,99
552,103,35,68,99
553,105,35,68,99
554,107,35,68,99
