01-Light 1
1,1013,188,67,82
2,1022,184,67,82
3,1030,180,67,82
4,1036,177,67,82
5,1040,174,67,82
6,1043,171,67,82
7,1044,168,67,82
8,1043,166,67,82
9,1040,164,67,82
10,1035,163,67,82
11,1029,162,67,82
12,1021,162,67,82
13,1012,162,67,82
14,1002,163,67,82
15,991,164,67,82
16,981,164,67,82
17,971,164,67,82
18,960,166,67,82
19,950,169,67,82
20,940,174,67,82
21,930,179,67,82
22,920,183,67,82
23,910,186,67,82
24,901,187,67,82
25,893,187,67,82
26,886,185,67,82
27,881,183,67,82
28,877,180,67,82
29,874,176,67,82
30,873,170,67,82
31,872,164,67,82
32,872,159,67,82
33,872,154,67,82
34,871,149,67,82
35,870,143,67,82
36,869,136,67,82
37,868,127,67,82
38,868,117,67,82
39,868,107,67,82
40,869,98,67,82
41,871,91,67,82
42,873,86,67,82
43,873,82,67,82
44,871,78,67,82
45,869,74,67,82
46,866,72,67,82
47,862,72,67,82
48,858,74,67,82
49,853,78,67,82
50,846,84,67,82
51,838,91,67,82
52,829,98,67,82
53,819,104,67,82
54,810,110,67,82
55,797,117,67,82
56,785,124,67,82
57,775,130,67,82
58,767,135,67,82
59,762,138,67,82
60,757,140,67,82
61,754,142,67,82
62,753,143,67,82
63,753,142,67,82
64,755,139,67,82
65,758,135,67,82
66,762,132,67,82
67,767,130,67,82
68,772,130,67,82
69,777,131,67,82
70,782,133,67,82
71,788,135,67,82
72,794,135,67,82
73,801,133,67,82
74,808,128,67,82
75,816,119,67,82
76,825,108,67,82
77,834,96,67,82
78,843,83,67,82
79,849,71,67,82
80,851,61,67,82
81,851,52,67,82
82,846,43,67,82
83,838,38,67,82
84,830,36,67,82
85,823,37,67,82
86,816,40,67,82
87,809,44,67,82
88,802,48,67,82
89,794,52,67,82
90,785,56,67,82
91,774,59,67,82
