01-Light 16
8,147,71,60,84
9,144,69,60,84
10,143,65,60,84
11,142,61,60,84
12,141,58,60,84
13,141,58,60,84
14,138,58,60,84
15,132,58,60,84
16,125,60,60,84
17,118,62,60,84
18,114,61,60,84
19,114,60,60,84
20,114,57,60,84
21,116,57,60,84
22,119,59,60,84
23,123,62,60,84
24,127,66,60,84
25,128,69,60,84
26,128,70,60,84
27,129,70,60,84
28,129,71,60,84
29,130,71,60,84
30,130,69,60,84
31,132,65,60,84
32,135,60,60,84
33,140,55,60,84
34,145,52,60,84
35,149,51,60,84
36,153,51,60,84
37,157,51,60,84
38,159,53,60,84
39,160,55,60,84
40,159,56,60,84
41,157,55,60,84
42,155,52,60,84
43,151,50,60,84
44,148,49,60,84
45,145,51,60,84
46,138,55,60,84
47,132,60,60,84
48,128,62,60,84
49,124,62,60,84
50,122,64,60,84
51,121,65,60,84
52,120,65,60,84
53,120,62,60,84
54,121,57,60,84
55,123,52,60,84
56,126,51,60,84
57,129,53,60,84
58,131,56,60,84
59,133,62,60,84
60,137,66,60,84
61,146,62,60,84
62,149,64,60,84
63,152,62,60,84
64,157,57,60,84
65,165,45,60,84
66,169,41,60,84
67,169,39,60,84
68,171,39,60,84
69,171,44,60,84
70,163,55,60,84
71,161,55,60,84
72,159,56,60,84
73,159,56,60,84
74,156,56,60,84
75,156,52,60,84
76,157,48,60,84
77,157,48,60,84
78,157,51,60,84
79,155,55,60,84
80,154,55,60,84
81,154,55,60,84
82,0,0,60,84
83,0,0,60,84
84,0,0,60,84
85,0,0,60,84
86,0,0,60,84
87,0,0,60,84
88,0,0,60,84
89,0,0,60,84
90,0,0,60,84
91,0,0,60,84
92,0,0,60,84
93,0,0,60,84
94,0,0,60,84
95,0,0,60,84
96,0,0,60,84
97,48,27,60,84
98,48,25,60,84
99,49,24,60,84
100,48,26,60,84
101,48,28,60,84
102,49,29,60,84
103,52,30,60,84
104,0,0,60,84
105,0,0,60,84
106,0,0,60,84
107,0,0,60,84
108,0,0,60,84
109,0,0,60,84
110,0,0,60,84
111,0,0,60,84
112,0,0,60,84
113,0,1,60,84
114,0,4,60,84
115,0,7,60,84
116,0,5,60,84
117,2,3,60,84
118,5,2,60,84
119,7,3,60,84
120,7,2,60,84
121,8,2,60,84
122,7,2,60,84
123,10,3,60,84
124,12,6,60,84
125,13,7,60,84
126,15,5,60,84
127,17,2,60,84
128,17,0,60,84
129,160,64,60,84
130,163,62,60,84
131,168,60,60,84
132,172,60,60,84
133,174,60,60,84
134,175,62,60,84
135,177,63,60,84
136,177,63,60,84
137,177,62,60,84
138,175,61,60,84
139,173,59,60,84
140,172,57,60,84
141,173,53,60,84
142,175,51,60,84
143,174,49,60,84
144,172,49,60,84
145,168,49,60,84
146,166,51,60,84
147,163,53,60,84
148,160,55,60,84
149,157,56,60,84
150,155,54,60,84
151,153,50,60,84
152,151,45,60,84
153,149,42,60,84
154,153,41,60,84
155,154,41,60,84
156,157,42,60,84
157,0,0,60,84
158,0,0,60,84
159,0,0,60,84
160,0,0,60,84
161,0,2,60,84
162,0,4,60,84
163,1,4,60,84
164,6,3,60,84
165,6,2,60,84
166,5,0,60,84
167,5,0,60,84
168,4,1,60,84
169,4,2,60,84
170,5,5,60,84
171,7,7,60,84
172,11,9,60,84
173,0,0,60,84
174,0,0,60,84
175,0,0,60,84
176,0,0,60,84
177,0,0,60,84
178,0,0,60,84
179,0,0,60,84
180,0,0,60,84
181,0,0,60,84
182,0,0,60,84
183,0,0,60,84
184,0,0,60,84
185,0,0,60,84
186,0,0,60,84
187,0,0,60,84
188,0,0,60,84
189,0,0,60,84
190,0,0,60,84
191,0,0,60,84
192,0,0,60,84
193,152,2,60,84
194,149,2,60,84
195,149,2,60,84
196,149,3,60,84
197,149,3,60,84
198,153,2,60,84
199,157,0,60,84
200,0,0,60,84
201,0,0,60,84
202,0,0,60,84
203,0,0,60,84
204,0,0,60,84
205,0,0,60,84
206,0,0,60,84
207,0,0,60,84
208,0,0,60,84
209,0,0,60,84
210,0,0,60,84
211,0,0,60,84
212,0,0,60,84
213,0,0,60,84
214,0,0,60,84
215,0,0,60,84
216,0,0,60,84
217,0,0,60,84
218,0,0,60,84
219,0,0,60,84
220,0,0,60,84
221,0,0,60,84
222,0,0,60,84
223,0,0,60,84
224,0,0,60,84
225,0,0,60,84
226,5,2,60,84
227,6,6,60,84
228,7,8,60,84
229,10,9,60,84
230,11,10,60,84
231,13,10,60,84
232,14,10,60,84
233,14,8,60,84
234,12,7,60,84
235,9,5,60,84
236,5,3,60,84
237,1,3,60,84
238,1,5,60,84
239,19,28,60,84
240,11,29,60,84
241,4,30,60,84
242,0,29,60,84
243,0,29,60,84
244,0,28,60,84
245,91,29,60,84
246,87,28,60,84
247,85,26,60,84
248,84,25,60,84
249,82,24,60,84
250,83,26,60,84
251,83,28,60,84
252,85,30,60,84
253,87,32,60,84
254,88,34,60,84
255,87,34,60,84
256,88,32,60,84
257,91,31,60,84
258,93,29,60,84
259,96,27,60,84
260,97,25,60,84
261,99,24,60,84
262,99,24,60,84
263,99,27,60,84
264,96,32,60,84
265,93,35,60,84
266,90,37,60,84
267,85,37,60,84
268,80,36,60,84
269,75,33,60,84
270,70,30,60,84
271,67,28,60,84
272,62,26,60,84
273,58,24,60,84
274,55,24,60,84
275,53,27,60,84
276,52,29,60,84
277,53,31,60,84
278,56,32,60,84
279,58,32,60,84
280,60,31,60,84
281,64,30,60,84
282,70,29,60,84
283,76,26,60,84
284,69,23,60,84
285,95,93,60,84
286,90,93,60,84
287,88,95,60,84
288,85,99,60,84
289,84,105,60,84
290,83,110,60,84
291,84,112,60,84
292,87,112,60,84
293,93,114,60,84
294,99,114,60,84
295,105,112,60,84
296,114,111,60,84
297,116,111,60,84
298,116,110,60,84
299,113,110,60,84
300,109,111,60,84
301,102,112,60,84
302,94,114,60,84
303,84,115,60,84
304,75,114,60,84
305,67,111,60,84
306,60,107,60,84
307,54,102,60,84
308,50,99,60,84
309,51,99,60,84
310,50,100,60,84
311,50,105,60,84
312,49,111,60,84
313,47,115,60,84
314,44,118,60,84
315,38,119,60,84
316,31,119,60,84
317,25,118,60,84
318,20,114,60,84
319,20,110,60,84
320,20,106,60,84
321,24,106,60,84
322,30,106,60,84
323,36,109,60,84
324,39,112,60,84
325,40,114,60,84
326,45,115,60,84
327,49,117,60,84
328,53,117,60,84
329,58,114,60,84
330,62,110,60,84
331,66,102,60,84
332,74,96,60,84
333,83,92,60,84
334,91,93,60,84
335,96,98,60,84
336,98,101,60,84
337,101,104,60,84
338,103,106,60,84
339,105,108,60,84
340,104,108,60,84
341,103,106,60,84
342,104,104,60,84
343,104,103,60,84
344,103,102,60,84
345,105,103,60,84
346,104,106,60,84
347,103,107,60,84
348,102,109,60,84
349,100,109,60,84
350,99,109,60,84
351,99,108,60,84
352,101,106,60,84
353,103,101,60,84
354,106,95,60,84
355,111,92,60,84
356,114,90,60,84
357,116,94,60,84
358,115,100,60,84
359,113,105,60,84
360,113,109,60,84
361,112,111,60,84
362,109,107,60,84
363,109,101,60,84
364,114,95,60,84
365,120,91,60,84
366,125,91,60,84
367,124,91,60,84
368,124,93,60,84
369,120,94,60,84
370,113,95,60,84
371,108,94,60,84
372,102,92,60,84
373,94,88,60,84
374,90,85,60,84
375,90,81,60,84
376,94,80,60,84
377,95,82,60,84
378,94,85,60,84
379,94,87,60,84
380,94,89,60,84
381,93,89,60,84
382,90,90,60,84
383,88,90,60,84
384,85,87,60,84
385,88,84,60,84
386,91,82,60,84
387,94,81,60,84
388,104,86,60,84
389,109,90,60,84
390,114,91,60,84
391,122,89,60,84
392,126,87,60,84
393,129,84,60,84
394,130,82,60,84
395,131,80,60,84
396,131,75,60,84
397,133,71,60,84
398,134,68,60,84
399,133,66,60,84
400,133,67,60,84
401,136,73,60,84
402,134,80,60,84
403,131,85,60,84
