02-SurfaceCover 13
20,522,230,508,605
21,551,222,508,605
22,562,216,508,605
23,574,214,508,605
24,579,212,508,605
25,582,212,508,605
26,584,214,508,605
27,584,217,508,605
28,584,215,508,605
29,584,209,508,605
30,579,217,508,605
31,576,213,508,605
32,576,204,508,605
33,568,228,508,605
34,568,229,508,605
35,583,184,508,605
36,586,197,508,605
37,591,209,508,605
38,597,200,508,605
39,613,179,508,605
40,621,240,508,605
41,636,236,508,605
42,645,235,508,605
43,660,226,508,605
44,677,232,508,605
45,682,250,508,605
46,694,262,508,605
47,704,266,508,605
48,715,269,508,605
49,729,283,508,605
50,739,293,508,605
51,752,300,508,605
52,756,301,508,605
53,757,298,508,605
54,756,292,508,605
55,755,277,508,605
56,742,266,508,605
57,728,258,508,605
58,712,250,508,605
59,691,237,508,605
60,677,225,508,605
61,662,207,508,605
62,653,196,508,605
63,646,187,508,605
64,635,170,508,605
65,628,161,508,605
66,620,148,508,605
67,615,150,508,605
68,613,144,508,605
69,606,149,508,605
70,601,151,508,605
71,589,160,508,605
72,583,151,508,605
73,574,154,508,605
74,564,153,508,605
75,560,157,508,605
76,562,161,508,605
77,567,165,508,605
78,573,158,508,605
79,580,165,508,605
80,581,169,508,605
81,577,159,508,605
82,572,160,508,605
83,568,156,508,605
84,562,163,508,605
85,563,153,508,605
86,560,162,508,605
87,562,143,508,605
88,556,174,508,605
89,560,168,508,605
90,562,172,508,605
91,565,172,508,605
92,573,164,508,605
93,579,163,508,605
94,591,163,508,605
95,597,175,508,605
96,611,176,508,605
97,619,180,508,605
98,631,168,508,605
99,644,166,508,605
100,653,169,508,605
101,659,176,508,605
102,664,187,508,605
103,671,191,508,605
104,678,198,508,605
105,684,194,508,605
106,688,192,508,605
107,690,191,508,605
108,692,197,508,605
109,695,200,508,605
110,700,192,508,605
111,700,194,508,605
112,700,190,508,605
113,697,190,508,605
114,692,183,508,605
115,685,186,508,605
116,678,183,508,605
117,670,174,508,605
118,659,174,508,605
119,647,173,508,605
120,640,168,508,605
121,632,167,508,605
122,621,170,508,605
123,616,166,508,605
124,607,164,508,605
125,601,164,508,605
126,596,163,508,605
127,589,164,508,605
128,585,161,508,605
129,579,158,508,605
130,575,158,508,605
131,572,163,508,605
132,569,161,508,605
133,568,161,508,605
134,567,161,508,605
135,567,158,508,605
136,564,168,508,605
137,563,166,508,605
138,563,161,508,605
139,562,162,508,605
140,562,163,508,605
141,562,162,508,605
142,560,165,508,605
143,559,169,508,605
144,557,176,508,605
145,559,176,508,605
146,559,178,508,605
147,560,180,508,605
148,561,181,508,605
149,564,182,508,605
150,569,175,508,605
151,571,178,508,605
152,577,175,508,605
153,580,177,508,605
154,586,181,508,605
155,592,171,508,605
156,594,175,508,605
157,602,167,508,605
158,601,177,508,605
159,607,169,508,605
160,610,167,508,605
161,612,160,508,605
162,613,159,508,605
163,611,167,508,605
164,610,168,508,605
165,611,155,508,605
166,607,161,508,605
167,608,149,508,605
168,605,153,508,605
169,604,159,508,605
170,605,152,508,605
171,600,162,508,605
172,594,165,508,605
173,593,149,508,605
174,589,151,508,605
175,583,167,508,605
176,583,155,508,605
177,578,155,508,605
178,572,162,508,605
179,565,167,508,605
180,560,171,508,605
181,557,176,508,605
182,551,177,508,605
183,544,187,508,605
184,536,192,508,605
185,534,193,508,605
186,526,209,508,605
187,522,212,508,605
188,523,208,508,605
189,524,211,508,605
190,525,231,508,605
191,538,204,508,605
192,543,205,508,605
193,542,235,508,605
194,550,220,508,605
195,556,197,508,605
196,560,205,508,605
197,567,202,508,605
198,571,201,508,605
199,576,189,508,605
200,579,191,508,605
