02-SurfaceCover 9
260,173,70,233,106
261,173,68,233,106
262,173,68,233,106
263,173,69,233,106
264,173,71,233,106
265,173,73,233,106
266,173,73,233,106
267,173,73,233,106
268,173,73,233,106
269,173,73,233,106
270,173,73,233,106
271,173,73,233,106
272,173,73,233,106
273,173,72,233,106
274,173,72,233,106
275,173,72,233,106
276,173,72,233,106
277,173,72,233,106
278,172,73,233,106
279,171,73,233,106
280,171,73,233,106
281,170,73,233,106
282,169,73,233,106
283,167,73,233,106
284,163,74,233,106
285,163,74,233,106
286,160,74,233,106
287,158,72,233,106
288,156,71,233,106
289,153,71,233,106
290,153,71,233,106
291,148,71,233,106
292,144,70,233,106
293,142,70,233,106
294,140,70,233,106
295,140,70,233,106
296,139,70,233,106
297,138,70,233,106
298,138,70,233,106
299,138,70,233,106
300,138,70,233,106
301,138,70,233,106
302,138,70,233,106
303,138,70,233,106
304,138,70,233,106
305,138,70,233,106
306,138,70,233,106
307,138,70,233,106
308,138,70,233,106
309,138,70,233,106
310,138,70,233,106
311,138,70,233,106
312,138,70,233,106
313,138,70,233,106
314,138,70,233,106
315,138,70,233,106
316,138,70,233,106
317,138,70,233,106
318,138,70,233,106
319,138,70,233,106
320,138,70,233,106
321,138,70,233,106
322,138,70,233,106
323,138,70,233,106
324,138,70,233,106
325,138,70,233,106
326,138,70,233,106
327,138,70,233,106
328,138,70,233,106
329,138,70,233,106
330,138,70,233,106
331,138,70,233,106
332,138,70,233,106
333,138,70,233,106
334,138,70,233,106
335,138,70,233,106
336,138,70,233,106
337,138,70,233,106
338,138,70,233,106
339,138,70,233,106
340,138,70,233,106
341,138,70,233,106
342,138,70,233,106
343,138,70,233,106
344,138,70,233,106
345,138,70,233,106
346,138,70,233,106
347,138,69,233,106
348,138,69,233,106
349,138,69,233,106
350,138,69,233,106
351,138,69,233,106
352,138,69,233,106
353,138,69,233,106
354,138,69,233,106
355,138,69,233,106
356,138,69,233,106
357,138,69,233,106
358,140,69,233,106
359,142,68,233,106
360,142,68,233,106
361,142,68,233,106
362,142,68,233,106
363,142,68,233,106
364,142,68,233,106
365,142,68,233,106
366,142,68,233,106
367,142,68,233,106
368,142,68,233,106
369,142,68,233,106
370,142,68,233,106
371,142,68,233,106
372,142,68,233,106
373,142,68,233,106
374,142,68,233,106
375,142,68,233,106
376,142,68,233,106
377,142,68,233,106
378,142,68,233,106
379,142,68,233,106
380,142,68,233,106
381,142,68,233,106
382,142,68,233,106
383,142,68,233,106
384,142,68,233,106
385,142,68,233,106
386,141,68,233,106
387,140,68,233,106
388,139,68,233,106
389,138,68,233,106
390,138,68,233,106
391,137,68,233,106
392,136,68,233,106
393,134,69,233,106
394,130,69,233,106
395,130,69,233,106
396,128,69,233,106
397,126,69,233,106
398,124,69,233,106
399,122,69,233,106
400,122,69,233,106
401,119,69,233,106
402,116,69,233,106
403,113,69,233,106
404,110,69,233,106
405,110,69,233,106
406,107,69,233,106
407,105,69,233,106
408,103,69,233,106
409,102,69,233,106
410,102,69,233,106
411,102,69,233,106
412,102,69,233,106
413,102,69,233,106
414,102,69,233,106
415,102,69,233,106
416,102,69,233,106
417,102,68,233,106
418,102,68,233,106
419,101,69,233,106
420,101,69,233,106
421,100,70,233,106
422,98,71,233,106
423,96,71,233,106
424,94,71,233,106
425,94,71,233,106
426,92,71,233,106
427,89,72,233,106
428,86,73,233,106
429,83,74,233,106
430,83,74,233,106
431,80,75,233,106
432,76,76,233,106
433,72,77,233,106
434,68,78,233,106
435,68,78,233,106
436,65,79,233,106
437,62,80,233,106
438,59,80,233,106
439,57,80,233,106
440,57,80,233,106
441,55,80,233,106
442,54,80,233,106
443,53,80,233,106
444,52,79,233,106
445,52,79,233,106
446,52,79,233,106
447,52,79,233,106
448,52,79,233,106
449,52,79,233,106
450,52,79,233,106
451,52,79,233,106
452,52,79,233,106
453,52,79,233,106
454,52,79,233,106
455,52,79,233,106
456,52,79,233,106
457,52,79,233,106
458,52,79,233,106
459,52,79,233,106
460,52,79,233,106
461,52,79,233,106
462,52,79,233,106
463,52,79,233,106
464,52,79,233,106
465,52,79,233,106
466,52,79,233,106
467,52,79,233,106
468,52,79,233,106
469,52,79,233,106
470,52,79,233,106
471,52,79,233,106
472,52,79,233,106
473,52,79,233,106
474,52,80,233,106
475,52,80,233,106
476,52,80,233,106
477,52,81,233,106
478,52,81,233,106
479,52,81,233,106
480,52,81,233,106
481,53,81,233,106
482,53,81,233,106
483,53,81,233,106
484,53,81,233,106
485,53,79,233,106
486,53,78,233,106
487,52,78,233,106
488,52,78,233,106
489,52,78,233,106
490,52,78,233,106
491,52,78,233,106
492,52,78,233,106
493,52,78,233,106
494,52,78,233,106
495,52,78,233,106
496,52,78,233,106
497,52,78,233,106
498,52,78,233,106
499,52,78,233,106
500,52,78,233,106
501,52,78,233,106
502,52,78,233,106
503,52,78,233,106
504,52,78,233,106
505,52,78,233,106
506,52,78,233,106
507,52,78,233,106
508,52,78,233,106
509,52,78,233,106
510,52,78,233,106
511,52,78,233,106
512,52,78,233,106
513,52,78,233,106
514,52,78,233,106
515,52,78,233,106
516,52,78,233,106
517,52,78,233,106
518,52,78,233,106
519,52,78,233,106
520,52,78,233,106
521,52,78,233,106
522,52,78,233,106
523,52,78,233,106
524,52,78,233,106
525,52,78,233,106
526,52,78,233,106
527,52,78,233,106
528,52,78,233,106
529,52,78,233,106
530,52,78,233,106
531,52,78,233,106
532,52,78,233,106
533,52,78,233,106
534,52,78,233,106
535,52,78,233,106
536,52,78,233,106
537,52,78,233,106
538,52,78,233,106
539,52,78,233,106
540,52,78,233,106
541,52,78,233,106
542,52,78,233,106
543,52,78,233,106
544,52,78,233,106
545,52,78,233,106
546,52,78,233,106
547,51,78,233,106
548,51,78,233,106
549,51,78,233,106
550,51,78,233,106
551,51,78,233,106
552,51,78,233,106
553,51,78,233,106
554,51,78,233,106
555,51,78,233,106
556,51,78,233,106
557,52,78,233,106
558,53,78,233,106
559,53,78,233,106
560,53,78,233,106
561,53,78,233,106
562,53,78,233,106
563,55,78,233,106
564,59,78,233,106
565,64,78,233,106
566,77,78,233,106
567,82,77,233,106
568,86,77,233,106
569,89,77,233,106
570,97,76,233,106
571,100,76,233,106
572,101,76,233,106
573,101,76,233,106
574,101,75,233,106
575,103,75,233,106
576,107,75,233,106
577,122,73,233,106
578,130,71,233,106
579,135,70,233,106
580,136,69,233,106
581,136,69,233,106
582,136,69,233,106
583,136,69,233,106
584,136,69,233,106
585,136,69,233,106
586,136,69,233,106
587,136,69,233,106
588,136,69,233,106
589,136,69,233,106
590,136,68,233,106
591,136,68,233,106
592,136,68,233,106
593,136,68,233,106
594,136,68,233,106
595,136,68,233,106
596,136,68,233,106
597,136,68,233,106
598,136,68,233,106
599,136,68,233,106
600,136,68,233,106
601,136,68,233,106
602,136,68,233,106
603,136,68,233,106
604,136,68,233,106
605,136,68,233,106
606,136,68,233,106
607,136,68,233,106
608,136,68,233,106
609,136,68,233,106
610,136,68,233,106
611,137,68,233,106
612,138,68,233,106
613,138,68,233,106
614,139,68,233,106
615,140,68,233,106
616,141,68,233,106
617,141,68,233,106
618,141,68,233,106
619,141,68,233,106
620,141,68,233,106
621,140,68,233,106
622,138,69,233,106
623,136,69,233,106
624,134,69,233,106
625,131,70,233,106
626,131,70,233,106
627,131,70,233,106
628,132,69,233,106
629,132,69,233,106
630,132,69,233,106
631,132,69,233,106
632,132,69,233,106
633,133,69,233,106
634,134,69,233,106
635,135,69,233,106
636,136,69,233,106
637,137,69,233,106
638,137,69,233,106
639,138,69,233,106
640,138,69,233,106
641,138,69,233,106
642,138,69,233,106
643,138,69,233,106
644,139,69,233,106
645,140,69,233,106
646,141,69,233,106
647,142,69,233,106
648,142,69,233,106
649,143,68,233,106
650,144,68,233,106
