03-Specularity 9
1,648,230,420,477
2,652,223,420,477
3,651,228,420,477
4,655,217,420,477
5,659,213,420,477
6,656,233,420,477
7,661,229,420,477
8,664,218,420,477
9,666,227,420,477
10,668,224,420,477
11,669,225,420,477
12,669,225,420,477
13,669,227,420,477
14,670,226,420,477
15,671,225,420,477
16,672,220,420,477
17,671,218,420,477
18,670,222,420,477
19,671,225,420,477
20,674,222,420,477
21,677,222,420,477
22,682,224,420,477
23,685,230,420,477
24,691,228,420,477
25,699,226,420,477
26,699,239,420,477
27,707,235,420,477
28,707,231,420,477
29,710,234,420,477
30,712,240,420,477
31,712,243,420,477
32,711,243,420,477
33,714,237,420,477
34,714,238,420,477
35,717,240,420,477
36,719,243,420,477
37,723,244,420,477
38,724,249,420,477
39,728,244,420,477
40,733,235,420,477
41,735,242,420,477
42,735,250,420,477
43,740,246,420,477
44,744,239,420,477
45,747,239,420,477
46,747,248,420,477
47,750,244,420,477
48,747,251,420,477
49,750,245,420,477
50,748,241,420,477
51,747,241,420,477
52,746,242,420,477
53,742,244,420,477
54,742,243,420,477
55,741,237,420,477
56,740,239,420,477
57,739,237,420,477
58,735,238,420,477
59,735,224,420,477
60,733,214,420,477
61,726,224,420,477
62,722,220,420,477
63,718,214,420,477
64,713,214,420,477
65,706,211,420,477
66,701,209,420,477
67,693,210,420,477
68,690,207,420,477
69,685,209,420,477
70,681,211,420,477
71,679,213,420,477
72,677,214,420,477
73,676,210,420,477
74,670,222,420,477
75,668,222,420,477
76,669,220,420,477
77,669,225,420,477
78,672,214,420,477
79,670,226,420,477
80,673,219,420,477
81,673,219,420,477
82,676,210,420,477
83,677,206,420,477
84,676,206,420,477
85,675,208,420,477
86,673,210,420,477
87,670,215,420,477
88,668,217,420,477
89,666,212,420,477
90,661,213,420,477
91,660,204,420,477
92,654,213,420,477
93,651,219,420,477
94,649,215,420,477
95,647,220,420,477
96,650,216,420,477
97,650,222,420,477
98,653,228,420,477
99,657,222,420,477
100,658,232,420,477
101,652,249,420,477
102,647,239,420,477
103,634,245,420,477
104,625,243,420,477
105,608,251,420,477
106,597,260,420,477
107,586,269,420,477
108,574,274,420,477
109,567,272,420,477
110,557,281,420,477
111,552,280,420,477
112,546,294,420,477
113,538,302,420,477
114,535,306,420,477
115,536,305,420,477
116,539,297,420,477
117,541,298,420,477
118,548,286,420,477
119,554,278,420,477
120,566,277,420,477
121,575,272,420,477
122,584,275,420,477
123,598,271,420,477
124,610,251,420,477
125,623,248,420,477
126,631,246,420,477
127,638,254,420,477
128,652,240,420,477
129,661,222,420,477
130,673,208,420,477
131,676,218,420,477
132,684,208,420,477
133,691,207,420,477
134,697,203,420,477
135,701,203,420,477
136,704,202,420,477
137,706,209,420,477
138,711,212,420,477
139,717,206,420,477
140,721,204,420,477
141,721,210,420,477
142,721,214,420,477
143,725,210,420,477
144,730,203,420,477
145,732,205,420,477
146,730,212,420,477
147,727,221,420,477
148,727,213,420,477
149,726,208,420,477
150,724,215,420,477
151,722,219,420,477
152,720,227,420,477
153,716,225,420,477
154,714,225,420,477
155,708,220,420,477
156,706,215,420,477
157,705,218,420,477
158,702,215,420,477
159,700,220,420,477
160,698,221,420,477
161,697,214,420,477
162,695,219,420,477
163,688,224,420,477
164,688,212,420,477
165,684,204,420,477
166,680,206,420,477
167,675,209,420,477
168,669,211,420,477
169,667,197,420,477
170,661,207,420,477
171,658,210,420,477
172,655,226,420,477
173,655,228,420,477
174,658,217,420,477
175,659,216,420,477
176,655,215,420,477
177,649,217,420,477
178,646,221,420,477
179,648,218,420,477
180,649,217,420,477
181,654,211,420,477
182,654,219,420,477
183,656,222,420,477
184,655,215,420,477
185,653,216,420,477
186,651,218,420,477
187,649,219,420,477
188,654,215,420,477
189,655,222,420,477
190,662,218,420,477
191,672,216,420,477
192,679,222,420,477
193,696,228,420,477
194,701,246,420,477
195,708,239,420,477
196,712,241,420,477
197,710,246,420,477
198,707,247,420,477
199,701,248,420,477
200,695,252,420,477
201,694,240,420,477
202,695,238,420,477
203,703,231,420,477
204,707,249,420,477
205,722,235,420,477
206,740,237,420,477
207,754,231,420,477
208,771,226,420,477
209,773,249,420,477
210,783,235,420,477
211,789,239,420,477
212,791,239,420,477
213,790,241,420,477
214,788,240,420,477
215,789,230,420,477
216,782,233,420,477
217,778,228,420,477
218,772,222,420,477
219,764,226,420,477
220,760,221,420,477
221,751,224,420,477
222,749,217,420,477
223,739,219,420,477
224,732,210,420,477
225,724,206,420,477
226,710,200,420,477
227,704,196,420,477
228,696,187,420,477
229,691,187,420,477
230,685,183,420,477
231,677,182,420,477
232,671,181,420,477
233,664,180,420,477
234,654,192,420,477
235,647,193,420,477
236,635,191,420,477
237,621,194,420,477
238,607,201,420,477
239,598,200,420,477
240,591,198,420,477
241,579,199,420,477
242,573,203,420,477
243,564,213,420,477
244,557,230,420,477
245,553,224,420,477
246,549,227,420,477
247,548,223,420,477
248,547,224,420,477
249,546,234,420,477
250,549,228,420,477
251,557,226,420,477
252,563,222,420,477
253,570,225,420,477
254,588,220,420,477
255,603,202,420,477
256,616,202,420,477
257,634,208,420,477
258,648,204,420,477
259,662,202,420,477
260,677,187,420,477
261,684,192,420,477
262,689,194,420,477
263,693,195,420,477
264,696,192,420,477
265,699,187,420,477
266,700,192,420,477
267,702,184,420,477
268,699,196,420,477
269,697,194,420,477
270,694,199,420,477
271,689,191,420,477
272,687,182,420,477
273,681,185,420,477
274,674,184,420,477
275,667,188,420,477
276,657,185,420,477
277,651,187,420,477
278,647,181,420,477
279,638,179,420,477
280,633,181,420,477
281,627,180,420,477
282,622,185,420,477
283,621,180,420,477
284,617,185,420,477
285,615,188,420,477
286,615,187,420,477
287,616,186,420,477
288,617,187,420,477
289,618,191,420,477
290,621,188,420,477
291,623,188,420,477
292,625,186,420,477
293,626,187,420,477
294,627,187,420,477
295,627,194,420,477
296,628,195,420,477
297,628,203,420,477
298,634,191,420,477
299,638,194,420,477
300,642,188,420,477
301,646,193,420,477
302,647,206,420,477
303,652,204,420,477
304,657,203,420,477
305,664,191,420,477
306,667,195,420,477
307,669,198,420,477
308,669,208,420,477
309,674,209,420,477
310,679,199,420,477
311,682,200,420,477
312,684,203,420,477
313,685,206,420,477
314,690,207,420,477
315,694,203,420,477
316,700,204,420,477
317,703,208,420,477
318,707,206,420,477
319,712,213,420,477
320,717,208,420,477
321,722,211,420,477
322,724,213,420,477
323,725,215,420,477
324,729,213,420,477
325,730,216,420,477
326,732,219,420,477
327,734,215,420,477
328,735,213,420,477
329,735,216,420,477
330,737,208,420,477
331,736,206,420,477
332,734,207,420,477
333,731,208,420,477
334,726,206,420,477
335,728,194,420,477
336,728,189,420,477
337,727,194,420,477
338,724,203,420,477
339,724,205,420,477
340,724,203,420,477
341,722,206,420,477
342,722,202,420,477
343,723,192,420,477
344,720,193,420,477
345,717,193,420,477
346,713,197,420,477
347,708,199,420,477
348,706,194,420,477
349,703,190,420,477
350,698,192,420,477
351,696,189,420,477
352,691,189,420,477
353,688,186,420,477
354,685,178,420,477
355,681,180,420,477
356,679,182,420,477
357,676,181,420,477
358,676,173,420,477
359,671,179,420,477
360,669,182,420,477
361,671,181,420,477
362,675,181,420,477
363,678,187,420,477
364,684,188,420,477
365,689,183,420,477
366,690,190,420,477
367,692,190,420,477
368,690,192,420,477
369,685,194,420,477
370,685,186,420,477
371,685,184,420,477
372,687,188,420,477
373,688,189,420,477
374,688,191,420,477
375,687,190,420,477
376,686,186,420,477
377,685,189,420,477
378,686,186,420,477
379,684,188,420,477
380,681,189,420,477
381,678,190,420,477
382,678,189,420,477
383,678,189,420,477
384,679,190,420,477
385,678,191,420,477
386,674,200,420,477
387,672,197,420,477
388,674,183,420,477
389,673,187,420,477
390,670,187,420,477
