03-Specularity 16
1,500,119,291,98
2,499,117,291,98
3,500,117,291,98
4,500,118,291,98
5,501,116,291,98
6,501,116,291,98
7,500,116,291,98
8,500,116,291,98
9,500,116,291,98
10,500,116,291,98
11,501,116,291,98
12,500,117,291,98
13,499,118,291,98
14,501,118,291,98
15,501,119,291,98
16,501,119,291,98
17,501,119,291,98
18,500,120,291,98
19,500,120,291,98
20,500,120,291,98
21,500,120,291,98
22,500,120,291,98
23,499,121,291,98
24,500,121,291,98
25,499,121,291,98
26,499,121,291,98
27,500,120,291,98
28,500,120,291,98
29,500,118,291,98
30,499,119,291,98
31,498,119,291,98
32,496,118,291,98
33,493,118,291,98
34,493,115,291,98
35,490,114,291,98
36,490,113,291,98
37,487,113,291,98
38,484,113,291,98
39,481,113,291,98
40,478,113,291,98
41,477,113,291,98
42,474,113,291,98
43,475,113,291,98
44,476,113,291,98
45,476,113,291,98
46,478,114,291,98
47,478,116,291,98
48,480,117,291,98
49,480,121,291,98
50,481,123,291,98
51,480,124,291,98
52,479,127,291,98
53,479,128,291,98
54,479,128,291,98
55,479,127,291,98
56,478,126,291,98
57,478,124,291,98
58,478,122,291,98
59,477,121,291,98
60,477,120,291,98
61,477,119,291,98
62,477,118,291,98
63,476,120,291,98
64,476,120,291,98
65,475,124,291,98
66,476,125,291,98
67,475,126,291,98
68,476,126,291,98
69,477,125,291,98
70,476,127,291,98
71,476,128,291,98
72,474,129,291,98
73,473,131,291,98
74,472,134,291,98
75,471,136,291,98
76,470,138,291,98
77,468,139,291,98
78,467,140,291,98
79,466,140,291,98
80,465,140,291,98
81,463,140,291,98
82,462,139,291,98
83,461,139,291,98
84,459,139,291,98
85,457,140,291,98
86,455,141,291,98
87,455,141,291,98
88,455,142,291,98
89,454,140,291,98
90,456,139,291,98
91,454,138,291,98
92,454,137,291,98
93,453,137,291,98
94,452,136,291,98
95,453,137,291,98
96,451,137,291,98
97,452,137,291,98
98,452,136,291,98
99,452,136,291,98
100,452,135,291,98
101,452,135,291,98
102,451,134,291,98
103,452,135,291,98
104,451,135,291,98
105,452,134,291,98
106,451,134,291,98
107,451,136,291,98
108,451,135,291,98
109,451,137,291,98
110,451,135,291,98
111,451,135,291,98
112,452,134,291,98
113,451,134,291,98
114,450,134,291,98
115,451,134,291,98
116,449,135,291,98
117,450,135,291,98
118,449,136,291,98
119,449,136,291,98
120,451,137,291,98
121,450,137,291,98
122,452,138,291,98
123,450,138,291,98
124,451,137,291,98
125,450,137,291,98
126,449,135,291,98
127,449,135,291,98
128,449,134,291,98
129,448,133,291,98
130,449,132,291,98
131,449,132,291,98
132,449,132,291,98
133,449,132,291,98
134,449,133,291,98
135,449,133,291,98
136,450,134,291,98
137,450,133,291,98
138,451,133,291,98
139,450,133,291,98
140,451,132,291,98
141,449,131,291,98
142,449,131,291,98
143,449,131,291,98
144,449,131,291,98
145,449,132,291,98
146,447,132,291,98
147,448,132,291,98
148,447,131,291,98
149,446,131,291,98
150,446,131,291,98
151,447,131,291,98
152,447,131,291,98
153,447,132,291,98
154,447,132,291,98
155,447,133,291,98
156,448,132,291,98
157,448,133,291,98
158,448,133,291,98
159,448,131,291,98
160,448,131,291,98
161,448,131,291,98
162,449,131,291,98
163,449,132,291,98
164,450,132,291,98
165,451,133,291,98
166,452,133,291,98
167,452,133,291,98
168,452,133,291,98
169,452,133,291,98
170,453,133,291,98
171,453,132,291,98
172,454,132,291,98
173,454,132,291,98
174,456,134,291,98
175,455,135,291,98
176,457,135,291,98
177,457,137,291,98
178,457,135,291,98
179,457,134,291,98
180,459,134,291,98
181,458,134,291,98
182,460,135,291,98
183,460,135,291,98
184,462,135,291,98
185,462,135,291,98
186,463,135,291,98
187,464,135,291,98
188,465,134,291,98
189,466,133,291,98
190,466,133,291,98
191,466,134,291,98
192,467,133,291,98
193,468,132,291,98
194,467,133,291,98
195,468,132,291,98
196,467,133,291,98
197,467,133,291,98
198,468,135,291,98
199,468,134,291,98
200,469,134,291,98
201,470,134,291,98
202,471,130,291,98
203,474,129,291,98
204,473,129,291,98
205,475,128,291,98
206,475,130,291,98
207,476,128,291,98
208,477,131,291,98
209,480,130,291,98
210,479,130,291,98
211,481,129,291,98
212,484,129,291,98
213,485,130,291,98
214,486,135,291,98
215,486,137,291,98
216,486,137,291,98
217,486,139,291,98
218,485,141,291,98
219,483,141,291,98
220,482,140,291,98
221,481,142,291,98
