05-Shape 20
1,623,255,128,157
2,625,255,128,157
3,623,257,128,157
4,620,260,128,157
5,620,261,128,157
6,623,261,128,157
7,627,261,128,157
8,630,260,128,157
9,629,260,128,157
10,627,262,128,157
11,626,262,128,157
12,626,262,128,157
13,625,262,128,157
14,625,261,128,157
15,627,259,128,157
16,628,258,128,157
17,626,258,128,157
18,622,259,128,157
19,617,260,128,157
20,612,261,128,157
21,609,261,128,157
22,606,261,128,157
23,603,261,128,157
24,603,260,128,157
25,607,257,128,157
26,611,255,128,157
27,612,253,128,157
28,611,252,128,157
29,610,252,128,157
30,608,252,128,157
31,606,251,128,157
32,603,252,128,157
33,602,255,128,157
34,603,257,128,157
35,607,256,128,157
36,613,254,128,157
37,617,253,128,157
38,619,252,128,157
39,619,251,128,157
40,620,250,128,157
41,622,250,128,157
42,624,249,128,157
43,624,248,128,157
44,623,247,128,157
45,622,247,128,157
46,625,247,128,157
47,628,247,128,157
48,629,247,128,157
49,629,246,128,157
50,628,245,128,157
51,627,244,128,157
52,626,243,128,157
53,628,242,128,157
54,631,241,128,157
55,634,240,128,157
56,635,240,128,157
57,635,240,128,157
58,634,240,128,157
59,635,241,128,157
60,638,241,128,157
61,641,241,128,157
62,642,241,128,157
63,643,241,128,157
64,644,240,128,157
65,644,239,128,157
66,643,238,128,157
67,642,237,128,157
68,642,236,128,157
69,644,235,128,157
70,647,234,128,157
71,648,234,128,157
72,645,235,128,157
73,638,236,128,157
74,633,236,128,157
75,631,236,128,157
76,635,236,128,157
77,641,236,128,157
78,642,236,128,157
79,638,236,128,157
80,636,236,128,157
81,639,236,128,157
82,644,236,128,157
83,646,236,128,157
84,646,236,128,157
85,645,236,128,157
86,645,236,128,157
87,644,236,128,157
88,642,236,128,157
89,639,236,128,157
90,636,237,128,157
91,635,239,128,157
92,637,240,128,157
93,640,240,128,157
94,643,239,128,157
95,644,238,128,157
96,643,238,128,157
97,641,238,128,157
98,638,238,128,157
99,635,237,128,157
100,632,235,128,157
101,630,234,128,157
102,630,232,128,157
103,631,229,128,157
104,631,227,128,157
105,629,226,128,157
106,629,226,128,157
107,631,226,128,157
108,632,226,128,157
109,633,226,128,157
110,632,226,128,157
111,630,226,128,157
112,629,225,128,157
113,631,224,128,157
114,633,223,128,157
115,635,223,128,157
116,634,223,128,157
117,632,224,128,157
118,630,225,128,157
119,629,226,128,157
120,628,227,128,157
121,628,227,128,157
122,628,227,128,157
123,626,227,128,157
124,623,227,128,157
125,623,227,128,157
126,630,223,128,157
127,644,211,128,157
128,652,203,128,157
129,654,200,128,157
130,658,196,128,157
131,667,188,128,157
132,673,186,128,157
133,675,186,128,157
134,673,186,128,157
135,666,188,128,157
136,650,194,128,157
137,637,201,128,157
138,632,207,128,157
139,632,209,128,157
140,633,207,128,157
141,629,208,128,157
142,622,211,128,157
143,615,215,128,157
144,611,218,128,157
145,612,220,128,157
146,612,225,128,157
147,611,230,128,157
148,609,234,128,157
149,610,234,128,157
150,610,234,128,157
151,608,235,128,157
152,607,235,128,157
153,606,235,128,157
154,605,238,128,157
155,604,240,128,157
156,603,239,128,157
157,602,237,128,157
158,599,237,128,157
159,595,241,128,157
160,597,242,128,157
161,605,242,128,157
162,610,244,128,157
163,612,248,128,157
164,613,251,128,157
165,616,251,128,157
166,624,249,128,157
167,634,246,128,157
168,639,245,128,157
169,640,244,128,157
170,641,241,128,157
171,643,240,128,157
172,648,236,128,157
173,664,229,128,157
174,677,223,128,157
175,685,218,128,157
176,689,217,128,157
177,695,213,128,157
178,704,209,128,157
179,710,209,128,157
180,718,205,128,157
181,724,202,128,157
182,724,203,128,157
183,725,204,128,157
184,728,204,128,157
185,732,202,128,157
186,736,202,128,157
187,741,203,128,157
188,748,202,128,157
189,749,203,128,157
190,740,206,128,157
191,733,209,128,157
192,729,212,128,157
193,727,216,128,157
194,726,219,128,157
195,731,218,128,157
196,741,212,128,157
197,747,207,128,157
198,751,204,128,157
199,754,202,128,157
200,755,202,128,157
201,755,202,128,157
202,756,201,128,157
203,754,204,128,157
204,747,208,128,157
205,746,208,128,157
206,748,206,128,157
207,750,206,128,157
208,752,208,128,157
209,755,210,128,157
210,760,215,128,157
211,777,217,128,157
212,804,215,128,157
213,831,215,128,157
214,854,215,128,157
215,872,211,128,157
216,883,212,128,157
217,895,216,128,157
218,911,218,128,157
219,926,224,128,157
220,945,228,128,157
221,968,233,128,157
222,994,240,128,157
223,1022,238,128,157
224,1046,236,128,157
225,1071,235,128,157
226,1094,235,128,157
227,1116,244,128,157
228,1147,247,128,157
229,1151,246,128,157
230,1151,248,128,157
231,1151,248,128,157
232,1151,246,128,157
233,1151,246,128,157
234,1151,245,128,157
235,1151,246,128,157
236,1151,251,128,157
237,1151,254,128,157
238,1151,254,128,157
239,1151,254,128,157
240,1151,253,128,157
241,1151,254,128,157
242,1151,256,128,157
243,1151,255,128,157
244,1151,254,128,157
245,1151,253,128,157
246,1151,253,128,157
247,1151,253,128,157
248,1133,252,128,157
249,1112,253,128,157
250,1099,254,128,157
251,1097,252,128,157
252,1107,248,128,157
253,1116,243,128,157
254,1120,239,128,157
255,1117,238,128,157
256,1112,235,128,157
257,1110,231,128,157
258,1112,231,128,157
259,1114,232,128,157
260,1112,235,128,157
261,1112,236,128,157
262,1113,235,128,157
263,1109,236,128,157
264,1105,238,128,157
265,1104,237,128,157
266,1104,236,128,157
267,1101,236,128,157
268,1097,236,128,157
269,1096,235,128,157
270,1101,233,128,157
271,1111,229,128,157
272,1115,228,128,157
273,1114,230,128,157
274,1113,228,128,157
275,1110,226,128,157
276,1108,223,128,157
277,1107,223,128,157
278,1105,223,128,157
279,1102,221,128,157
280,1098,220,128,157
281,1095,219,128,157
282,1094,218,128,157
283,1094,218,128,157
284,1094,215,128,157
285,1094,214,128,157
286,1095,214,128,157
287,1096,213,128,157
288,1094,212,128,157
289,1091,211,128,157
290,1088,209,128,157
291,1086,207,128,157
292,1084,205,128,157
293,1082,206,128,157
294,1078,210,128,157
295,1074,212,128,157
296,1073,213,128,157
297,1072,215,128,157
298,1068,216,128,157
299,1063,217,128,157
300,1062,216,128,157
301,1065,213,128,157
302,1074,207,128,157
303,1083,203,128,157
304,1090,202,128,157
305,1094,201,128,157
306,1093,203,128,157
307,1090,205,128,157
308,1087,207,128,157
309,1083,210,128,157
310,1081,210,128,157
311,1080,211,128,157
312,1079,213,128,157
313,1079,214,128,157
314,1082,213,128,157
315,1082,212,128,157
316,1079,214,128,157
317,1080,215,128,157
318,1084,213,128,157
319,1084,212,128,157
320,1080,213,128,157
321,1077,214,128,157
322,1073,214,128,157
323,1066,214,128,157
324,1061,215,128,157
325,1062,214,128,157
326,1062,213,128,157
327,1059,214,128,157
328,1059,215,128,157
329,1062,216,128,157
330,1068,214,128,157
