06-MotionSmoothness 15
1,973,329,77,50
2,960,333,77,50
3,947,330,77,50
4,935,331,77,50
5,922,333,77,50
6,908,331,77,50
7,892,333,77,50
8,883,332,77,50
9,870,334,77,50
10,862,333,77,50
11,853,335,77,50
12,847,335,77,50
13,845,334,77,50
14,834,337,77,50
15,826,335,77,50
16,819,335,77,50
17,816,338,77,50
18,810,338,77,50
19,810,338,77,50
20,802,340,77,50
21,795,343,77,50
22,786,343,77,50
23,781,346,77,50
24,776,348,77,50
25,769,351,77,50
26,763,352,77,50
27,754,358,77,50
28,744,359,77,50
29,745,361,77,50
30,744,368,77,50
31,739,370,77,50
32,739,375,77,50
33,745,376,77,50
34,745,381,77,50
35,739,385,77,50
36,736,385,77,50
37,739,388,77,50
38,718,393,77,50
39,716,392,77,50
40,718,398,77,50
41,717,396,77,50
42,702,401,77,50
43,693,404,77,50
44,694,404,77,50
45,686,404,77,50
46,662,404,77,50
47,646,406,77,50
48,634,407,77,50
49,614,409,77,50
50,596,411,77,50
51,577,414,77,50
52,567,417,77,50
53,558,418,77,50
54,541,421,77,50
55,521,429,77,50
56,505,437,77,50
57,506,442,77,50
58,498,445,77,50
59,487,448,77,50
60,489,456,77,50
61,494,460,77,50
62,500,460,77,50
63,500,469,77,50
64,505,476,77,50
65,520,469,77,50
66,522,462,77,50
67,517,455,77,50
68,515,448,77,50
69,515,441,77,50
70,509,436,77,50
71,506,432,77,50
72,509,427,77,50
73,508,427,77,50
74,503,435,77,50
75,503,438,77,50
76,503,441,77,50
77,508,450,77,50
78,518,459,77,50
79,534,461,77,50
80,528,469,77,50
81,531,479,77,50
82,554,470,77,50
83,555,456,77,50
84,538,450,77,50
85,535,448,77,50
86,560,433,77,50
87,545,421,77,50
88,526,420,77,50
89,530,412,77,50
90,504,404,77,50
91,491,399,77,50
92,469,390,77,50
93,450,383,77,50
94,435,381,77,50
95,409,379,77,50
96,403,373,77,50
97,384,367,77,50
98,352,365,77,50
99,335,361,77,50
100,312,355,77,50
101,282,353,77,50
102,275,347,77,50
103,259,339,77,50
104,227,337,77,50
105,228,329,77,50
106,245,313,77,50
107,218,310,77,50
108,210,317,77,50
109,221,307,77,50
110,220,294,77,50
111,194,289,77,50
112,196,286,77,50
113,198,278,77,50
114,178,274,77,50
115,162,273,77,50
116,161,267,77,50
117,152,262,77,50
118,143,263,77,50
119,142,268,77,50
120,142,271,77,50
121,125,274,77,50
