06-MotionSmoothness 21
4,136,54,21,23
5,135,39,21,23
6,134,28,21,23
7,133,21,21,23
8,132,19,21,23
9,131,21,21,23
10,130,27,21,23
11,129,38,21,23
12,128,54,21,23
13,127,75,21,23
14,126,101,21,23
15,126,98,21,23
16,126,72,21,23
17,127,49,21,23
18,128,31,21,23
19,128,18,21,23
20,128,9,21,23
21,129,5,21,23
22,129,5,21,23
23,129,9,21,23
24,129,17,21,23
25,130,31,21,23
26,131,49,21,23
27,132,73,21,23
28,133,101,21,23
29,134,130,21,23
30,134,103,21,23
31,133,79,21,23
32,133,60,21,23
33,133,45,21,23
34,133,35,21,23
35,133,29,21,23
36,133,27,21,23
37,133,29,21,23
38,133,35,21,23
39,133,45,21,23
40,133,59,21,23
41,133,76,21,23
42,133,96,21,23
43,133,119,21,23
44,134,116,21,23
45,134,95,21,23
46,134,79,21,23
47,134,66,21,23
48,134,57,21,23
49,134,52,21,23
50,135,50,21,23
51,135,51,21,23
52,135,54,21,23
53,136,60,21,23
54,136,68,21,23
55,136,79,21,23
56,137,92,21,23
57,138,107,21,23
58,292,158,21,23
59,289,158,21,23
60,287,158,21,23
61,285,157,21,23
62,284,155,21,23
63,283,152,21,23
64,282,148,21,23
65,281,144,21,23
66,280,140,21,23
67,280,137,21,23
68,279,135,21,23
69,278,133,21,23
70,277,132,21,23
71,276,131,21,23
72,275,131,21,23
73,275,131,21,23
74,275,131,21,23
75,275,131,21,23
76,275,131,21,23
77,276,131,21,23
78,276,131,21,23
79,277,131,21,23
80,277,130,21,23
81,278,129,21,23
82,278,128,21,23
83,278,127,21,23
84,277,126,21,23
85,276,125,21,23
86,275,124,21,23
