07-MotionCoherence 1
1,229,150,192,261
2,230,150,192,261
3,229,150,192,261
4,229,150,192,261
5,230,150,192,261
6,231,150,192,261
7,230,150,192,261
8,233,150,192,261
9,235,150,192,261
10,234,150,192,261
11,235,149,192,261
12,238,148,192,261
13,237,147,192,261
14,237,146,192,261
15,237,145,192,261
16,237,144,192,261
17,237,144,192,261
18,238,144,192,261
19,240,144,192,261
20,240,144,192,261
21,241,144,192,261
22,243,144,192,261
23,244,144,192,261
24,245,144,192,261
25,246,144,192,261
26,247,144,192,261
27,247,144,192,261
28,246,144,192,261
29,246,144,192,261
30,245,144,192,261
31,245,144,192,261
32,245,144,192,261
33,244,144,192,261
34,244,144,192,261
35,245,144,192,261
36,246,144,192,261
37,246,144,192,261
38,246,144,192,261
39,246,144,192,261
40,246,145,192,261
41,246,145,192,261
42,245,145,192,261
43,244,145,192,261
44,243,145,192,261
45,242,145,192,261
46,240,145,192,261
47,238,145,192,261
48,236,145,192,261
49,235,145,192,261
50,234,145,192,261
51,356,160,192,261
52,232,148,192,261
53,231,148,192,261
54,230,148,192,261
55,229,148,192,261
56,228,148,192,261
57,227,148,192,261
58,226,148,192,261
59,225,148,192,261
60,224,148,192,261
61,223,148,192,261
62,222,148,192,261
63,221,148,192,261
64,220,148,192,261
65,219,148,192,261
66,218,148,192,261
67,217,148,192,261
68,216,148,192,261
69,214,148,192,261
70,212,148,192,261
71,211,148,192,261
72,210,148,192,261
73,209,148,192,261
74,209,148,192,261
75,209,148,192,261
76,209,148,192,261
77,209,148,192,261
78,209,148,192,261
79,209,148,192,261
80,209,148,192,261
81,209,148,192,261
82,210,148,192,261
83,210,148,192,261
84,210,148,192,261
85,211,148,192,261
86,211,148,192,261
87,211,148,192,261
88,211,148,192,261
89,211,148,192,261
90,211,148,192,261
91,211,148,192,261
92,211,148,192,261
93,211,148,192,261
94,211,148,192,261
95,211,148,192,261
96,211,148,192,261
97,211,148,192,261
98,211,148,192,261
99,211,148,192,261
100,211,148,192,261
101,211,148,192,261
102,211,148,192,261
103,211,148,192,261
104,211,148,192,261
105,211,148,192,261
106,211,148,192,261
107,211,148,192,261
108,210,148,192,261
109,209,148,192,261
110,208,148,192,261
111,207,148,192,261
112,207,148,192,261
113,207,148,192,261
114,207,148,192,261
115,207,148,192,261
116,207,149,192,261
117,207,149,192,261
118,207,149,192,261
119,208,149,192,261
120,209,149,192,261
121,210,149,192,261
122,211,149,192,261
123,212,149,192,261
124,213,149,192,261
125,214,149,192,261
126,215,149,192,261
127,216,149,192,261
128,217,149,192,261
129,218,149,192,261
130,218,149,192,261
131,218,149,192,261
132,218,149,192,261
133,218,149,192,261
134,218,150,192,261
135,218,150,192,261
136,218,151,192,261
137,218,152,192,261
138,218,153,192,261
139,218,154,192,261
140,218,155,192,261
141,218,156,192,261
142,218,157,192,261
143,217,158,192,261
144,216,159,192,261
145,215,159,192,261
146,214,160,192,261
147,213,160,192,261
148,212,160,192,261
149,212,160,192,261
150,212,160,192,261
151,212,160,192,261
152,212,160,192,261
153,213,160,192,261
154,214,160,192,261
155,215,159,192,261
156,216,158,192,261
157,217,157,192,261
158,218,156,192,261
159,219,155,192,261
160,220,153,192,261
161,221,151,192,261
162,222,149,192,261
163,222,147,192,261
164,223,145,192,261
165,224,144,192,261
166,226,143,192,261
167,228,143,192,261
168,231,142,192,261
169,234,142,192,261
170,238,142,192,261
171,242,143,192,261
172,246,145,192,261
173,250,147,192,261
174,255,150,192,261
175,260,152,192,261
176,266,154,192,261
177,270,155,192,261
178,275,156,192,261
179,279,156,192,261
180,279,156,192,261
181,280,156,192,261
182,279,156,192,261
183,278,160,192,261
184,277,164,192,261
185,278,169,192,261
186,279,173,192,261
187,281,179,192,261
188,282,182,192,261
189,284,184,192,261
190,284,184,192,261
191,282,184,192,261
