07-MotionCoherence 7
51,474,133,650,535
52,477,133,650,535
53,480,129,650,535
54,480,126,650,535
55,481,125,650,535
56,481,122,650,535
57,481,117,650,535
58,480,115,650,535
59,479,109,650,535
60,477,106,650,535
61,477,100,650,535
62,477,95,650,535
63,475,92,650,535
64,474,89,650,535
65,472,86,650,535
66,473,84,650,535
67,472,81,650,535
68,471,77,650,535
69,470,77,650,535
70,469,76,650,535
71,469,75,650,535
72,468,75,650,535
73,467,73,650,535
74,467,71,650,535
75,465,71,650,535
76,464,70,650,535
77,462,69,650,535
78,459,69,650,535
79,457,69,650,535
80,455,68,650,535
81,454,68,650,535
82,452,65,650,535
83,450,62,650,535
84,448,59,650,535
85,447,56,650,535
86,443,54,650,535
87,439,51,650,535
88,439,49,650,535
89,439,47,650,535
90,438,46,650,535
91,436,44,650,535
92,436,41,650,535
93,435,41,650,535
94,434,39,650,535
95,434,40,650,535
96,434,41,650,535
97,434,41,650,535
98,434,42,650,535
99,435,42,650,535
100,436,42,650,535
101,436,41,650,535
102,437,41,650,535
103,437,41,650,535
104,438,41,650,535
105,438,40,650,535
106,439,40,650,535
107,439,39,650,535
108,439,39,650,535
109,440,38,650,535
110,440,38,650,535
111,441,37,650,535
112,441,36,650,535
113,442,36,650,535
114,442,36,650,535
115,444,37,650,535
116,444,37,650,535
117,446,38,650,535
118,447,40,650,535
119,449,42,650,535
120,451,46,650,535
121,453,48,650,535
122,454,52,650,535
123,454,53,650,535
124,453,53,650,535
125,454,54,650,535
126,454,54,650,535
127,454,54,650,535
128,454,53,650,535
129,456,52,650,535
130,457,51,650,535
131,457,48,650,535
132,458,46,650,535
133,459,44,650,535
134,462,42,650,535
135,465,40,650,535
136,467,40,650,535
137,468,40,650,535
138,470,40,650,535
139,471,41,650,535
140,471,41,650,535
141,474,43,650,535
142,475,43,650,535
143,477,42,650,535
144,477,42,650,535
145,478,42,650,535
146,486,45,650,535
147,492,46,650,535
148,495,47,650,535
149,503,48,650,535
150,509,48,650,535
151,517,48,650,535
152,524,48,650,535
153,529,47,650,535
154,531,45,650,535
155,535,45,650,535
156,537,42,650,535
157,544,41,650,535
158,546,39,650,535
159,549,38,650,535
160,553,35,650,535
161,555,32,650,535
162,559,32,650,535
163,560,30,650,535
164,563,30,650,535
165,569,31,650,535
166,571,30,650,535
167,572,29,650,535
168,574,28,650,535
169,577,27,650,535
170,582,28,650,535
