08-Clutter 13
1,608,266,77,69
2,608,266,77,69
3,608,267,77,69
4,607,268,77,69
5,609,269,77,69
6,612,270,77,69
7,612,270,77,69
8,613,271,77,69
9,616,271,77,69
10,621,273,77,69
11,624,273,77,69
12,624,273,77,69
13,626,274,77,69
14,629,275,77,69
15,634,275,77,69
16,639,277,77,69
17,639,277,77,69
18,641,278,77,69
19,643,278,77,69
20,645,279,77,69
21,648,281,77,69
22,648,281,77,69
23,650,282,77,69
24,656,283,77,69
25,661,283,77,69
26,666,284,77,69
27,666,284,77,69
28,669,284,77,69
29,672,283,77,69
30,676,282,77,69
31,676,282,77,69
32,678,282,77,69
33,679,281,77,69
34,681,280,77,69
35,685,280,77,69
36,685,280,77,69
37,690,280,77,69
38,693,279,77,69
39,694,278,77,69
40,698,278,77,69
41,698,278,77,69
42,702,278,77,69
43,709,279,77,69
44,715,278,77,69
45,717,279,77,69
46,717,279,77,69
47,718,279,77,69
48,722,276,77,69
49,727,276,77,69
50,733,277,77,69
51,733,277,77,69
52,737,275,77,69
53,742,271,77,69
54,747,270,77,69
55,751,267,77,69
56,751,267,77,69
57,754,266,77,69
58,758,266,77,69
59,763,267,77,69
60,767,268,77,69
61,767,268,77,69
62,772,267,77,69
63,775,266,77,69
64,778,266,77,69
65,781,266,77,69
66,781,266,77,69
67,785,265,77,69
68,789,263,77,69
69,792,261,77,69
70,796,259,77,69
71,796,259,77,69
72,802,259,77,69
73,807,259,77,69
74,811,257,77,69
75,814,255,77,69
76,814,255,77,69
77,817,253,77,69
78,821,251,77,69
79,826,252,77,69
80,829,252,77,69
81,829,252,77,69
82,832,252,77,69
83,837,252,77,69
84,841,251,77,69
85,844,250,77,69
86,844,250,77,69
87,847,248,77,69
88,852,248,77,69
89,858,248,77,69
90,863,249,77,69
91,863,249,77,69
92,869,249,77,69
93,871,247,77,69
94,869,247,77,69
95,869,246,77,69
96,869,246,77,69
97,877,248,77,69
98,884,250,77,69
99,889,252,77,69
100,889,253,77,69
101,889,253,77,69
102,886,252,77,69
103,884,252,77,69
104,885,252,77,69
105,890,253,77,69
106,890,253,77,69
107,895,255,77,69
108,899,254,77,69
109,902,254,77,69
110,900,254,77,69
111,900,254,77,69
112,900,253,77,69
113,903,253,77,69
114,908,252,77,69
115,916,253,77,69
116,916,253,77,69
117,920,253,77,69
118,921,252,77,69
119,921,253,77,69
120,922,253,77,69
121,922,253,77,69
122,925,253,77,69
123,929,253,77,69
124,929,254,77,69
125,927,254,77,69
126,927,254,77,69
127,926,253,77,69
128,929,251,77,69
129,936,251,77,69
130,944,252,77,69
131,944,252,77,69
132,947,252,77,69
133,949,253,77,69
134,952,253,77,69
135,958,253,77,69
136,958,253,77,69
137,961,253,77,69
138,964,253,77,69
139,968,254,77,69
140,972,254,77,69
141,972,254,77,69
142,976,254,77,69
143,980,253,77,69
144,982,253,77,69
145,986,253,77,69
146,986,253,77,69
147,992,254,77,69
148,998,254,77,69
149,1003,255,77,69
150,1008,256,77,69
151,1008,256,77,69
152,1017,257,77,69
153,1022,258,77,69
154,1025,257,77,69
155,1027,257,77,69
156,1027,257,77,69
157,1031,258,77,69
158,1035,257,77,69
159,1037,256,77,69
160,1041,255,77,69
161,1041,255,77,69
162,1048,255,77,69
163,1053,254,77,69
164,1060,254,77,69
165,1069,252,77,69
166,1069,252,77,69
167,1084,250,77,69
168,1089,249,77,69
169,1091,248,77,69
170,1093,247,77,69
171,1093,247,77,69
172,1097,246,77,69
173,1107,245,77,69
174,1117,244,77,69
175,1123,242,77,69
176,1123,242,77,69
177,1131,241,77,69
178,1134,239,77,69
179,1137,237,77,69
180,1145,236,77,69
181,1145,236,77,69
182,1152,236,77,69
183,1158,236,77,69
184,1162,234,77,69
185,1164,234,77,69
186,1164,234,77,69
187,1166,235,77,69
188,1173,235,77,69
189,1180,235,77,69
190,1188,234,77,69
191,1188,234,77,69
