09-Confusion 15
1,2844,1407,100,115
2,2843,1407,100,115
3,2841,1408,100,115
4,2839,1409,100,115
5,2836,1411,100,115
6,2827,1416,100,115
7,2818,1424,100,115
8,2815,1429,100,115
9,2808,1435,100,115
10,2804,1434,100,115
11,2804,1433,100,115
12,2805,1430,100,115
13,2808,1427,100,115
14,2808,1427,100,115
15,2805,1431,100,115
16,2799,1437,100,115
17,2797,1441,100,115
18,2794,1451,100,115
19,2789,1457,100,115
20,2786,1458,100,115
21,2780,1455,100,115
22,2776,1450,100,115
23,2775,1448,100,115
24,2775,1446,100,115
25,2772,1446,100,115
26,2769,1447,100,115
27,2761,1453,100,115
28,2752,1464,100,115
29,2752,1470,100,115
30,2756,1476,100,115
31,2760,1475,100,115
32,2761,1472,100,115
33,2764,1466,100,115
34,2767,1462,100,115
35,2768,1463,100,115
36,2768,1469,100,115
37,2765,1482,100,115
38,2764,1490,100,115
39,2763,1498,100,115
40,2765,1497,100,115
41,2765,1495,100,115
42,2764,1490,100,115
43,2762,1484,100,115
44,2761,1482,100,115
45,2760,1482,100,115
46,2759,1487,100,115
47,2758,1491,100,115
48,2755,1506,100,115
49,2754,1517,100,115
50,2755,1518,100,115
51,2758,1514,100,115
52,2761,1506,100,115
53,2762,1503,100,115
54,2762,1500,100,115
55,2761,1504,100,115
56,2759,1509,100,115
57,2755,1522,100,115
58,2749,1539,100,115
59,2746,1547,100,115
60,2741,1554,100,115
61,2740,1551,100,115
62,2739,1548,100,115
63,2736,1542,100,115
64,2727,1541,100,115
65,2721,1543,100,115
66,2710,1552,100,115
67,2694,1565,100,115
68,2690,1573,100,115
69,2683,1589,100,115
70,2680,1593,100,115
71,2678,1591,100,115
72,2674,1585,100,115
73,2668,1580,100,115
74,2665,1579,100,115
75,2657,1582,100,115
76,2648,1592,100,115
77,2643,1598,100,115
78,2633,1612,100,115
79,2624,1624,100,115
80,2620,1625,100,115
81,2613,1620,100,115
82,2605,1614,100,115
83,2600,1611,100,115
84,2591,1607,100,115
85,2581,1608,100,115
86,2576,1610,100,115
87,2564,1619,100,115
88,2550,1632,100,115
89,2544,1640,100,115
90,2537,1650,100,115
91,2532,1650,100,115
92,2529,1649,100,115
93,2520,1645,100,115
94,2509,1641,100,115
95,2503,1640,100,115
96,2491,1643,100,115
97,2476,1653,100,115
98,2468,1660,100,115
99,2454,1677,100,115
100,2439,1692,100,115
101,2433,1695,100,115
102,2422,1696,100,115
103,2408,1692,100,115
104,2401,1690,100,115
105,2390,1688,100,115
106,2379,1694,100,115
107,2373,1698,100,115
108,2358,1712,100,115
109,1008,397,100,115
110,1009,397,100,115
111,1012,398,100,115
112,1013,399,100,115
113,1013,399,100,115
