09-Confusion 18
5,463,124,16,18
6,442,59,16,18
7,442,59,16,18
8,442,59,16,18
9,446,62,16,18
10,446,62,16,18
11,452,63,16,18
12,452,63,16,18
13,452,63,16,18
14,171,382,16,18
15,171,382,16,18
16,391,271,16,18
17,391,271,16,18
18,391,271,16,18
19,173,385,16,18
20,173,385,16,18
21,470,178,16,18
22,470,178,16,18
23,470,178,16,18
24,199,175,16,18
25,199,175,16,18
26,437,369,16,18
27,437,369,16,18
28,437,369,16,18
29,379,366,16,18
30,379,366,16,18
31,516,327,16,18
32,516,327,16,18
33,516,327,16,18
34,375,104,16,18
35,375,104,16,18
36,276,2,16,18
37,276,2,16,18
38,276,2,16,18
39,441,236,16,18
40,441,236,16,18
41,605,548,16,18
42,605,548,16,18
43,605,548,16,18
44,38,474,16,18
45,38,474,16,18
46,703,189,16,18
47,703,189,16,18
48,703,189,16,18
49,183,19,16,18
50,183,19,16,18
51,412,318,16,18
52,412,318,16,18
53,412,318,16,18
54,461,248,16,18
55,461,248,16,18
56,407,319,16,18
57,407,319,16,18
58,407,319,16,18
59,407,320,16,18
60,407,320,16,18
61,694,271,16,18
62,694,271,16,18
63,694,271,16,18
64,702,88,16,18
65,702,88,16,18
66,422,86,16,18
67,422,86,16,18
68,422,86,16,18
69,94,236,16,18
70,94,236,16,18
71,449,23,16,18
72,449,23,16,18
73,449,23,16,18
74,217,12,16,18
75,217,12,16,18
76,320,261,16,18
77,320,261,16,18
78,320,261,16,18
79,455,28,16,18
80,455,28,16,18
81,390,298,16,18
82,390,298,16,18
83,390,298,16,18
84,601,212,16,18
85,601,212,16,18
