09-Confusion 32
1,170,382,61,64
2,184,376,61,64
3,191,373,61,64
4,197,370,61,64
5,204,366,61,64
6,211,362,61,64
7,224,354,61,64
8,230,351,61,64
9,236,348,61,64
10,243,345,61,64
11,251,342,61,64
12,266,336,61,64
13,272,334,61,64
14,279,331,61,64
15,286,328,61,64
16,294,325,61,64
17,308,320,61,64
18,315,318,61,64
19,322,316,61,64
20,329,314,61,64
21,334,311,61,64
22,343,305,61,64
23,347,303,61,64
24,351,301,61,64
25,355,299,61,64
26,359,297,61,64
27,366,292,61,64
28,370,290,61,64
29,374,288,61,64
30,378,286,61,64
31,382,285,61,64
32,391,282,61,64
33,395,280,61,64
34,399,278,61,64
35,402,276,61,64
36,406,274,61,64
37,413,270,61,64
38,416,267,61,64
39,420,264,61,64
40,424,261,61,64
41,428,258,61,64
42,439,255,61,64
43,445,254,61,64
44,450,252,61,64
45,456,251,61,64
46,460,249,61,64
47,467,244,61,64
48,470,242,61,64
49,473,240,61,64
50,476,238,61,64
51,479,236,61,64
52,487,233,61,64
53,493,234,61,64
54,497,235,61,64
55,501,234,61,64
56,504,232,61,64
57,509,229,61,64
58,512,227,61,64
59,515,225,61,64
60,520,224,61,64
61,525,224,61,64
62,535,221,61,64
63,540,219,61,64
64,544,217,61,64
65,547,215,61,64
66,550,213,61,64
67,557,210,61,64
68,560,210,61,64
69,563,210,61,64
70,566,209,61,64
71,569,207,61,64
72,574,205,61,64
73,576,204,61,64
74,578,203,61,64
75,581,202,61,64
76,583,201,61,64
77,588,199,61,64
78,591,198,61,64
79,594,197,61,64
80,597,196,61,64
81,600,195,61,64
82,606,193,61,64
83,609,192,61,64
84,611,192,61,64
85,613,192,61,64
86,615,192,61,64
87,619,190,61,64
88,620,189,61,64
89,621,188,61,64
90,622,187,61,64
91,623,186,61,64
92,625,184,61,64
93,626,183,61,64
94,627,182,61,64
95,628,181,61,64
96,629,180,61,64
97,631,177,61,64
98,632,176,61,64
99,633,175,61,64
100,634,174,61,64
101,635,173,61,64
102,637,171,61,64
103,638,170,61,64
104,639,169,61,64
105,640,168,61,64
106,641,167,61,64
107,643,164,61,64
108,643,163,61,64
109,643,162,61,64
110,642,161,61,64
111,641,159,61,64
112,641,155,61,64
113,641,154,61,64
114,641,152,61,64
115,641,150,61,64
116,640,149,61,64
117,638,147,61,64
118,636,146,61,64
119,635,145,61,64
120,634,144,61,64
121,633,144,61,64
122,632,143,61,64
123,631,143,61,64
124,630,143,61,64
125,629,143,61,64
126,627,143,61,64
127,624,143,61,64
128,622,143,61,64
129,620,142,61,64
130,618,142,61,64
131,617,142,61,64
132,612,141,61,64
133,610,140,61,64
134,607,139,61,64
135,604,137,61,64
136,601,136,61,64
137,594,137,61,64
138,591,137,61,64
139,588,137,61,64
140,585,137,61,64
141,583,137,61,64
142,578,138,61,64
143,576,139,61,64
144,574,140,61,64
145,573,141,61,64
146,571,142,61,64
147,568,145,61,64
148,567,146,61,64
149,566,147,61,64
150,565,148,61,64
151,564,149,61,64
152,562,154,61,64
153,561,156,61,64
154,560,158,61,64
155,559,159,61,64
156,557,159,61,64
157,555,159,61,64
158,555,161,61,64
159,556,163,61,64
160,556,165,61,64
161,556,167,61,64
162,556,170,61,64
163,556,171,61,64
164,556,173,61,64
165,556,175,61,64
166,556,177,61,64
167,557,181,61,64
168,557,183,61,64
169,557,184,61,64
170,558,186,61,64
171,559,189,61,64
172,560,194,61,64
173,561,197,61,64
174,562,200,61,64
175,563,203,61,64
176,564,206,61,64
177,564,211,61,64
178,564,213,61,64
179,564,215,61,64
180,564,217,61,64
181,565,219,61,64
182,566,224,61,64
183,566,226,61,64
184,566,228,61,64
185,566,230,61,64
186,565,232,61,64
187,562,234,61,64
188,559,235,61,64
189,557,237,61,64
190,555,239,61,64
191,554,242,61,64
192,552,249,61,64
193,551,252,61,64
194,549,253,61,64
195,548,255,61,64
196,546,259,61,64
197,544,266,61,64
198,543,269,61,64
199,542,272,61,64
200,541,275,61,64
