09-Confusion 19
4,433,117,19,16
5,0,0,19,16
6,0,0,19,16
7,0,0,19,16
8,0,0,19,16
9,0,0,19,16
10,0,0,19,16
11,0,0,19,16
12,0,0,19,16
13,0,0,19,16
14,0,0,19,16
15,0,0,19,16
16,0,0,19,16
17,0,0,19,16
18,0,0,19,16
19,0,0,19,16
20,0,0,19,16
21,0,0,19,16
22,0,0,19,16
23,0,0,19,16
24,0,0,19,16
25,0,0,19,16
26,0,0,19,16
27,0,0,19,16
28,0,0,19,16
29,0,0,19,16
30,0,0,19,16
31,0,0,19,16
32,0,0,19,16
33,0,0,19,16
34,0,0,19,16
35,0,0,19,16
36,0,0,19,16
37,0,0,19,16
38,0,0,19,16
39,0,0,19,16
40,0,0,19,16
41,0,0,19,16
42,0,0,19,16
43,0,0,19,16
44,0,0,19,16
45,0,0,19,16
46,0,0,19,16
47,0,0,19,16
48,0,0,19,16
49,0,0,19,16
50,0,0,19,16
51,0,0,19,16
52,0,0,19,16
53,0,0,19,16
54,0,0,19,16
55,0,0,19,16
56,0,0,19,16
57,0,0,19,16
