10-LowContrast 14
24,647,499,90,179
25,647,499,90,179
26,604,816,90,179
27,604,817,90,179
28,604,817,90,179
29,604,817,90,179
30,604,817,90,179
31,604,817,90,179
32,604,817,90,179
33,604,817,90,179
34,604,817,90,179
35,604,817,90,179
36,604,817,90,179
37,604,817,90,179
38,604,816,90,179
39,604,816,90,179
40,604,816,90,179
41,604,816,90,179
42,604,816,90,179
43,604,816,90,179
44,604,816,90,179
45,604,816,90,179
46,604,816,90,179
47,604,816,90,179
48,604,816,90,179
49,604,816,90,179
50,604,816,90,179
51,604,816,90,179
52,604,816,90,179
53,604,816,90,179
54,604,816,90,179
55,604,816,90,179
56,604,817,90,179
57,604,817,90,179
58,604,817,90,179
59,604,817,90,179
60,604,817,90,179
61,604,817,90,179
62,604,817,90,179
63,604,817,90,179
64,604,817,90,179
65,604,817,90,179
66,604,817,90,179
67,604,815,90,179
68,604,815,90,179
69,604,815,90,179
70,604,815,90,179
71,604,815,90,179
72,604,815,90,179
73,604,815,90,179
74,604,813,90,179
75,604,812,90,179
76,604,812,90,179
77,604,812,90,179
78,604,812,90,179
79,604,811,90,179
80,604,811,90,179
81,604,814,90,179
82,604,815,90,179
83,604,815,90,179
84,604,815,90,179
85,604,815,90,179
86,604,816,90,179
87,604,816,90,179
88,604,816,90,179
89,604,816,90,179
90,604,816,90,179
91,604,816,90,179
92,604,820,90,179
93,604,822,90,179
94,604,822,90,179
95,604,822,90,179
96,619,840,90,179
97,619,840,90,179
98,619,840,90,179
99,619,840,90,179
100,619,840,90,179
101,619,840,90,179
102,619,840,90,179
103,619,840,90,179
104,619,840,90,179
105,619,840,90,179
106,619,840,90,179
107,619,840,90,179
108,619,840,90,179
109,619,840,90,179
110,654,831,90,179
111,654,830,90,179
112,654,830,90,179
113,654,830,90,179
114,654,829,90,179
115,654,829,90,179
116,654,829,90,179
117,638,816,90,179
118,638,815,90,179
119,638,815,90,179
120,638,815,90,179
121,638,813,90,179
122,638,812,90,179
123,638,812,90,179
124,638,810,90,179
125,638,810,90,179
126,638,809,90,179
127,638,809,90,179
128,638,807,90,179
129,638,805,90,179
130,638,805,90,179
131,638,805,90,179
132,638,798,90,179
133,638,798,90,179
134,638,798,90,179
135,638,797,90,179
136,638,797,90,179
137,638,797,90,179
138,638,797,90,179
139,638,797,90,179
140,638,797,90,179
141,638,797,90,179
142,638,798,90,179
143,638,798,90,179
144,638,798,90,179
145,638,798,90,179
146,638,802,90,179
147,638,803,90,179
148,638,803,90,179
149,638,803,90,179
150,701,796,90,179
151,701,796,90,179
152,701,796,90,179
153,717,779,90,179
154,717,779,90,179
155,717,779,90,179
156,717,779,90,179
157,717,791,90,179
158,717,791,90,179
159,717,791,90,179
160,602,802,90,179
161,602,802,90,179
162,602,802,90,179
163,602,802,90,179
164,459,890,90,179
165,459,890,90,179
166,459,890,90,179
167,459,890,90,179
168,458,890,90,179
169,457,890,90,179
170,457,890,90,179
171,456,890,90,179
172,457,890,90,179
173,457,890,90,179
174,457,890,90,179
175,457,890,90,179
176,457,890,90,179
177,457,890,90,179
178,456,890,90,179
179,456,890,90,179
180,456,890,90,179
181,455,890,90,179
182,455,890,90,179
183,454,890,90,179
184,454,890,90,179
185,454,890,90,179
186,454,890,90,179
187,454,890,90,179
188,454,890,90,179
189,454,890,90,179
190,454,890,90,179
191,454,890,90,179
192,454,890,90,179
193,454,890,90,179
194,454,890,90,179
195,454,890,90,179
196,454,890,90,179
197,454,890,90,179
198,454,890,90,179
199,452,890,90,179
200,452,890,90,179
201,452,890,90,179
202,453,890,90,179
203,453,890,90,179
204,454,890,90,179
205,453,890,90,179
206,453,890,90,179
207,454,890,90,179
208,454,890,90,179
209,454,890,90,179
210,454,890,90,179
211,454,890,90,179
212,454,890,90,179
213,454,890,90,179
214,454,890,90,179
215,454,890,90,179
216,454,890,90,179
217,454,890,90,179
218,454,890,90,179
219,454,890,90,179
220,454,890,90,179
221,453,890,90,179
222,453,890,90,179
223,453,890,90,179
224,453,890,90,179
225,452,890,90,179
226,454,890,90,179
227,453,890,90,179
228,453,890,90,179
229,454,890,90,179
230,454,890,90,179
231,455,890,90,179
232,455,890,90,179
233,455,890,90,179
234,455,890,90,179
235,455,890,90,179
236,457,890,90,179
237,457,890,90,179
238,456,890,90,179
239,456,890,90,179
240,456,890,90,179
241,456,890,90,179
242,456,890,90,179
243,455,890,90,179
244,455,890,90,179
245,456,890,90,179
246,456,890,90,179
247,456,890,90,179
248,456,890,90,179
249,456,890,90,179
250,456,890,90,179
251,455,890,90,179
252,456,890,90,179
253,456,890,90,179
254,456,890,90,179
255,456,890,90,179
256,456,890,90,179
257,455,890,90,179
258,456,890,90,179
259,457,890,90,179
260,456,890,90,179
261,457,890,90,179
262,457,890,90,179
263,457,890,90,179
264,457,890,90,179
265,458,890,90,179
266,458,890,90,179
267,458,890,90,179
268,458,890,90,179
269,458,890,90,179
270,458,890,90,179
271,457,890,90,179
272,457,890,90,179
273,457,890,90,179
274,458,890,90,179
275,458,890,90,179
276,458,890,90,179
277,458,890,90,179
278,458,890,90,179
279,457,890,90,179
280,457,890,90,179
281,458,890,90,179
282,458,890,90,179
283,458,890,90,179
284,457,890,90,179
285,457,890,90,179
286,457,890,90,179
287,457,890,90,179
288,457,890,90,179
289,457,890,90,179
290,458,890,90,179
291,458,890,90,179
292,458,890,90,179
293,458,890,90,179
294,458,890,90,179
295,458,890,90,179
296,458,890,90,179
297,458,890,90,179
298,458,890,90,179
299,459,890,90,179
300,459,890,90,179
301,459,890,90,179
302,459,890,90,179
303,459,890,90,179
304,459,890,90,179
305,459,890,90,179
306,459,890,90,179
307,459,890,90,179
308,458,890,90,179
309,458,890,90,179
310,458,890,90,179
311,458,890,90,179
312,457,890,90,179
313,456,890,90,179
314,455,890,90,179
315,405,890,90,179
316,406,890,90,179
317,406,890,90,179
318,405,890,90,179
319,149,890,90,179
320,149,890,90,179
321,148,890,90,179
322,147,890,90,179
323,146,890,90,179
324,146,890,90,179
325,146,890,90,179
326,146,890,90,179
327,147,890,90,179
328,147,890,90,179
329,147,890,90,179
330,147,890,90,179
331,147,890,90,179
332,147,890,90,179
333,147,890,90,179
334,147,890,90,179
335,147,890,90,179
336,147,890,90,179
337,147,890,90,179
338,147,890,90,179
339,147,890,90,179
340,148,890,90,179
341,148,890,90,179
342,148,890,90,179
343,148,890,90,179
344,148,890,90,179
345,148,890,90,179
346,148,890,90,179
347,148,890,90,179
348,147,890,90,179
349,147,890,90,179
350,147,890,90,179
351,147,890,90,179
352,147,890,90,179
353,147,890,90,179
354,147,890,90,179
355,147,890,90,179
356,147,890,90,179
357,147,890,90,179
358,147,890,90,179
359,146,890,90,179
360,146,890,90,179
361,146,890,90,179
362,146,890,90,179
363,146,890,90,179
364,147,890,90,179
365,147,890,90,179
366,147,890,90,179
367,147,890,90,179
368,147,890,90,179
369,147,890,90,179
370,147,890,90,179
371,148,890,90,179
372,148,890,90,179
373,149,890,90,179
374,149,890,90,179
375,149,890,90,179
376,149,890,90,179
377,149,890,90,179
378,149,890,90,179
379,149,890,90,179
380,149,890,90,179
381,149,890,90,179
382,149,890,90,179
383,148,890,90,179
384,148,890,90,179
385,148,890,90,179
386,148,890,90,179
387,147,890,90,179
388,147,890,90,179
389,147,890,90,179
390,147,890,90,179
391,148,890,90,179
392,148,890,90,179
393,148,890,90,179
394,148,890,90,179
395,148,890,90,179
396,148,890,90,179
397,147,890,90,179
398,147,890,90,179
399,147,890,90,179
400,147,890,90,179
401,146,890,90,179
402,146,890,90,179
403,146,890,90,179
404,146,890,90,179
405,146,890,90,179
406,146,890,90,179
407,146,890,90,179
408,147,890,90,179
409,147,890,90,179
410,147,890,90,179
411,148,890,90,179
412,148,890,90,179
413,148,890,90,179
414,148,890,90,179
415,148,890,90,179
416,148,890,90,179
417,147,890,90,179
418,146,890,90,179
419,146,890,90,179
420,146,890,90,179
421,146,890,90,179
422,146,890,90,179
423,145,890,90,179
424,144,890,90,179
425,144,890,90,179
426,362,890,90,179
427,362,890,90,179
428,362,890,90,179
429,362,890,90,179
430,362,890,90,179
431,362,890,90,179
432,362,890,90,179
433,362,890,90,179
434,362,890,90,179
435,362,890,90,179
436,362,890,90,179
437,26,890,90,179
438,24,890,90,179
439,23,890,90,179
440,23,890,90,179
441,23,890,90,179
442,24,890,90,179
443,24,890,90,179
444,16,890,90,179
445,16,890,90,179
446,16,890,90,179
447,16,890,90,179
448,16,890,90,179
449,16,890,90,179
450,16,890,90,179
451,16,890,90,179
452,16,890,90,179
453,16,890,90,179
454,16,890,90,179
455,682,890,90,179
456,683,890,90,179
457,683,890,90,179
458,683,890,90,179
459,619,890,90,179
460,619,890,90,179
461,619,890,90,179
462,798,890,90,179
463,798,890,90,179
464,798,890,90,179
465,798,890,90,179
466,155,890,90,179
467,155,890,90,179
468,155,890,90,179
469,155,890,90,179
470,155,890,90,179
471,155,890,90,179
472,155,890,90,179
473,913,890,90,179
474,913,890,90,179
475,913,890,90,179
476,913,890,90,179
477,913,890,90,179
478,913,890,90,179
479,913,890,90,179
480,942,890,90,179
481,942,890,90,179
482,942,890,90,179
483,942,890,90,179
484,784,890,90,179
485,784,890,90,179
486,784,890,90,179
487,784,890,90,179
488,827,890,90,179
489,827,890,90,179
490,827,890,90,179
491,924,890,90,179
492,924,890,90,179
493,924,890,90,179
494,924,890,90,179
495,925,890,90,179
496,925,890,90,179
497,926,890,90,179
498,867,890,90,179
499,867,890,90,179
500,867,890,90,179
