10-LowContrast 18
21,196,324,76,90
22,193,322,76,90
23,186,321,76,90
24,195,328,76,90
25,201,336,76,90
26,204,340,76,90
27,208,342,76,90
28,211,341,76,90
29,216,339,76,90
30,220,335,76,90
31,224,332,76,90
32,229,330,76,90
33,234,327,76,90
34,238,322,76,90
35,244,320,76,90
36,250,319,76,90
37,257,315,76,90
38,265,311,76,90
39,272,308,76,90
40,279,306,76,90
41,284,303,76,90
42,290,310,76,90
43,295,312,76,90
44,302,315,76,90
45,307,317,76,90
46,314,318,76,90
47,322,319,76,90
48,328,319,76,90
49,336,320,76,90
50,342,319,76,90
51,348,319,76,90
52,354,317,76,90
53,361,317,76,90
54,366,312,76,90
55,371,310,76,90
56,377,309,76,90
57,381,316,76,90
58,383,320,76,90
59,388,322,76,90
60,394,335,76,90
61,397,349,76,90
62,400,361,76,90
63,406,370,76,90
64,410,373,76,90
65,413,379,76,90
66,415,382,76,90
67,417,385,76,90
68,421,390,76,90
69,423,394,76,90
70,426,397,76,90
71,430,399,76,90
72,434,398,76,90
73,438,393,76,90
74,442,387,76,90
75,447,383,76,90
76,452,379,76,90
77,456,376,76,90
78,462,373,76,90
79,466,371,76,90
80,470,368,76,90
81,475,363,76,90
82,479,359,76,90
83,487,356,76,90
84,487,356,76,90
85,492,359,76,90
86,496,362,76,90
87,499,364,76,90
88,494,364,76,90
89,494,367,76,90
90,498,370,76,90
91,500,371,76,90
92,502,372,76,90
93,504,370,76,90
94,507,368,76,90
95,509,364,76,90
96,511,344,76,90
97,513,332,76,90
98,515,328,76,90
99,517,322,76,90
100,520,318,76,90
101,522,315,76,90
102,525,311,76,90
103,529,310,76,90
104,532,309,76,90
105,535,309,76,90
106,537,309,76,90
107,539,309,76,90
108,540,308,76,90
109,540,306,76,90
110,540,304,76,90
111,540,302,76,90
112,540,300,76,90
113,541,299,76,90
114,542,298,76,90
115,543,295,76,90
116,544,293,76,90
117,545,292,76,90
118,546,292,76,90
119,547,293,76,90
120,549,294,76,90
121,551,295,76,90
122,553,298,76,90
123,556,299,76,90
124,558,300,76,90
125,559,301,76,90
126,561,302,76,90
127,562,303,76,90
128,563,304,76,90
129,565,305,76,90
130,566,306,76,90
131,567,307,76,90
132,568,309,76,90
133,568,311,76,90
134,567,312,76,90
135,566,313,76,90
136,566,314,76,90
137,565,316,76,90
138,565,317,76,90
139,564,318,76,90
140,563,319,76,90
141,562,319,76,90
142,561,319,76,90
143,559,319,76,90
144,554,319,76,90
145,553,319,76,90
146,551,319,76,90
147,550,319,76,90
148,549,318,76,90
149,548,319,76,90
150,546,318,76,90
151,548,318,76,90
152,553,315,76,90
153,564,313,76,90
154,578,312,76,90
155,598,307,76,90
156,632,305,76,90
157,676,303,76,90
158,711,301,76,90
159,733,299,76,90
160,757,297,76,90
161,773,295,76,90
162,786,293,76,90
163,799,291,76,90
164,809,289,76,90
165,817,288,76,90
166,828,287,76,90
167,834,285,76,90
168,840,283,76,90
169,844,282,76,90
170,839,282,76,90
171,827,281,76,90
172,825,280,76,90
173,819,279,76,90
174,803,278,76,90
175,797,278,76,90
176,789,278,76,90
177,778,278,76,90
178,773,279,76,90
179,765,280,76,90
180,751,281,76,90
181,744,282,76,90
182,738,283,76,90
183,728,284,76,90
184,720,285,76,90
185,711,286,76,90
186,702,286,76,90
187,695,287,76,90
188,688,287,76,90
189,680,287,76,90
190,674,287,76,90
191,667,288,76,90
192,658,287,76,90
193,648,286,76,90
194,639,284,76,90
195,625,282,76,90
196,618,280,76,90
197,611,278,76,90
198,604,275,76,90
199,598,274,76,90
200,592,273,76,90
201,587,273,76,90
202,582,273,76,90
203,579,272,76,90
204,575,273,76,90
205,570,275,76,90
206,566,275,76,90
207,562,277,76,90
208,557,278,76,90
209,553,278,76,90
210,549,280,76,90
211,545,282,76,90
212,543,285,76,90
213,540,289,76,90
214,537,291,76,90
215,535,292,76,90
216,532,294,76,90
217,529,295,76,90
218,526,296,76,90
219,522,296,76,90
220,518,296,76,90
221,515,295,76,90
222,512,294,76,90
223,510,291,76,90
224,507,288,76,90
225,505,281,76,90
226,504,276,76,90
227,502,273,76,90
228,501,270,76,90
229,500,268,76,90
230,500,267,76,90
231,499,266,76,90
232,498,265,76,90
233,498,265,76,90
234,498,265,76,90
235,498,264,76,90
236,499,263,76,90
237,499,262,76,90
238,499,261,76,90
239,498,260,76,90
240,497,259,76,90
241,496,259,76,90
242,495,258,76,90
243,494,258,76,90
244,492,259,76,90
245,491,260,76,90
246,490,261,76,90
247,489,261,76,90
248,489,261,76,90
249,488,260,76,90
250,488,260,76,90
251,487,260,76,90
252,486,260,76,90
253,487,259,76,90
254,488,259,76,90
255,489,258,76,90
256,490,257,76,90
257,491,258,76,90
258,492,258,76,90
259,494,259,76,90
260,496,260,76,90
261,498,260,76,90
262,501,260,76,90
263,505,261,76,90
264,509,262,76,90
265,513,263,76,90
266,516,263,76,90
267,520,263,76,90
268,524,264,76,90
269,528,265,76,90
270,533,267,76,90
271,539,269,76,90
272,546,270,76,90
273,553,271,76,90
274,564,273,76,90
275,575,273,76,90
276,592,274,76,90
277,604,274,76,90
278,610,275,76,90
279,616,275,76,90
280,621,275,76,90
281,627,274,76,90
282,635,274,76,90
283,647,273,76,90
284,657,272,76,90
285,670,271,76,90
286,682,271,76,90
287,689,270,76,90
288,704,270,76,90
289,722,270,76,90
290,731,269,76,90
291,740,271,76,90
292,749,270,76,90
293,758,269,76,90
294,766,268,76,90
295,774,269,76,90
296,781,267,76,90
297,789,267,76,90
298,794,266,76,90
299,800,263,76,90
300,807,262,76,90
301,813,260,76,90
302,820,257,76,90
303,825,253,76,90
304,831,249,76,90
305,837,245,76,90
306,844,244,76,90
307,850,242,76,90
308,855,241,76,90
309,859,240,76,90
310,863,238,76,90
311,867,239,76,90
312,870,239,76,90
313,873,239,76,90
314,876,239,76,90
315,875,239,76,90
316,870,239,76,90
317,862,240,76,90
318,857,240,76,90
319,857,239,76,90
320,855,239,76,90
321,850,239,76,90
322,850,240,76,90
323,848,240,76,90
324,845,241,76,90
325,844,243,76,90
326,843,245,76,90
327,842,247,76,90
328,841,248,76,90
329,840,250,76,90
330,839,252,76,90
331,838,254,76,90
332,837,255,76,90
333,836,257,76,90
334,834,259,76,90
335,828,260,76,90
336,826,261,76,90
337,823,262,76,90
338,821,262,76,90
339,818,262,76,90
340,816,262,76,90
341,814,262,76,90
342,812,262,76,90
343,810,261,76,90
344,807,260,76,90
345,804,259,76,90
346,802,259,76,90
347,799,258,76,90
348,797,258,76,90
349,795,258,76,90
350,792,258,76,90
351,790,260,76,90
352,786,261,76,90
353,783,263,76,90
354,777,264,76,90
355,773,265,76,90
356,769,266,76,90
357,765,267,76,90
358,761,267,76,90
359,757,267,76,90
360,753,266,76,90
361,749,265,76,90
362,746,264,76,90
363,743,263,76,90
364,739,262,76,90
365,720,261,76,90
366,699,261,76,90
367,689,262,76,90
368,682,263,76,90
369,672,263,76,90
370,663,265,76,90
371,657,266,76,90
372,651,268,76,90
373,644,269,76,90
374,638,271,76,90
375,631,272,76,90
376,624,273,76,90
377,617,274,76,90
378,611,275,76,90
379,606,276,76,90
380,601,277,76,90
381,597,278,76,90
382,593,279,76,90
383,589,280,76,90
384,586,280,76,90
385,584,279,76,90
386,582,279,76,90
387,580,278,76,90
388,579,278,76,90
389,578,277,76,90
390,578,276,76,90
391,578,275,76,90
392,579,274,76,90
393,585,273,76,90
394,595,273,76,90
395,606,272,76,90
396,611,271,76,90
397,613,271,76,90
398,618,271,76,90
399,625,271,76,90
400,630,271,76,90
401,634,271,76,90
402,637,271,76,90
403,640,271,76,90
404,643,271,76,90
405,645,270,76,90
406,648,270,76,90
407,650,271,76,90
408,651,271,76,90
409,653,271,76,90
410,654,272,76,90
411,654,273,76,90
412,655,275,76,90
413,655,277,76,90
414,655,280,76,90
415,656,283,76,90
416,656,286,76,90
417,656,289,76,90
418,656,293,76,90
419,655,296,76,90
420,654,298,76,90
421,653,300,76,90
422,652,302,76,90
423,651,305,76,90
424,650,307,76,90
425,649,309,76,90
426,648,311,76,90
427,647,314,76,90
428,646,316,76,90
429,645,318,76,90
430,643,321,76,90
431,641,323,76,90
432,640,324,76,90
433,638,326,76,90
434,636,328,76,90
435,634,329,76,90
436,633,330,76,90
437,632,331,76,90
438,631,332,76,90
439,631,333,76,90
440,631,334,76,90
441,631,334,76,90
442,631,334,76,90
443,631,335,76,90
444,631,335,76,90
445,631,335,76,90
446,631,335,76,90
447,630,335,76,90
448,630,335,76,90
449,630,335,76,90
450,630,335,76,90
451,630,336,76,90
452,629,336,76,90
453,629,337,76,90
454,628,337,76,90
455,627,337,76,90
456,627,337,76,90
457,626,337,76,90
458,624,337,76,90
459,623,337,76,90
460,621,336,76,90
461,620,335,76,90
462,619,335,76,90
463,617,334,76,90
464,615,333,76,90
465,613,333,76,90
466,611,332,76,90
467,609,332,76,90
468,607,333,76,90
469,605,333,76,90
470,603,333,76,90
471,601,333,76,90
472,599,333,76,90
473,597,334,76,90
474,595,334,76,90
475,593,335,76,90
476,591,336,76,90
477,589,336,76,90
478,587,335,76,90
479,585,335,76,90
480,583,335,76,90
481,581,335,76,90
482,579,335,76,90
483,577,335,76,90
484,575,335,76,90
485,573,335,76,90
486,571,335,76,90
487,569,334,76,90
488,567,333,76,90
489,564,332,76,90
490,562,331,76,90
491,560,330,76,90
492,558,328,76,90
493,556,327,76,90
494,554,327,76,90
495,552,326,76,90
496,550,325,76,90
497,548,324,76,90
498,546,323,76,90
499,545,322,76,90
500,543,322,76,90
501,542,322,76,90
502,540,322,76,90
503,539,321,76,90
504,538,320,76,90
505,537,319,76,90
506,536,318,76,90
507,535,317,76,90
508,535,316,76,90
509,534,315,76,90
510,533,314,76,90
511,532,314,76,90
512,532,313,76,90
513,531,312,76,90
514,531,311,76,90
515,530,310,76,90
516,529,309,76,90
517,529,308,76,90
518,529,307,76,90
519,529,307,76,90
520,528,306,76,90
521,529,306,76,90
522,530,307,76,90
523,530,308,76,90
524,530,309,76,90
525,529,309,76,90
526,528,311,76,90
527,527,311,76,90
528,527,313,76,90
529,526,314,76,90
530,526,315,76,90
531,526,315,76,90
532,526,315,76,90
533,526,316,76,90
534,525,316,76,90
535,524,316,76,90
536,524,315,76,90
537,524,316,76,90
538,524,316,76,90
539,524,316,76,90
540,524,316,76,90
541,524,316,76,90
