10-LowContrast 22
3,132,579,38,90
4,132,579,38,90
5,134,579,38,90
6,139,579,38,90
7,139,579,38,90
8,142,579,38,90
9,148,579,38,90
10,148,579,38,90
11,150,579,38,90
12,155,579,38,90
13,155,579,38,90
14,158,579,38,90
15,163,579,38,90
16,163,579,38,90
17,165,579,38,90
18,170,579,38,90
19,170,579,38,90
20,175,579,38,90
21,178,579,38,90
22,178,579,38,90
23,185,579,38,90
24,188,579,38,90
25,188,579,38,90
26,193,579,38,90
27,196,579,38,90
28,196,579,38,90
29,201,579,38,90
30,203,579,38,90
31,203,579,38,90
32,208,579,38,90
33,210,579,38,90
34,210,579,38,90
35,215,579,38,90
36,218,579,38,90
37,218,579,38,90
38,223,579,38,90
39,225,579,38,90
40,225,579,38,90
41,230,579,38,90
42,233,579,38,90
43,233,579,38,90
44,238,579,38,90
45,240,579,38,90
46,240,579,38,90
47,245,579,38,90
48,250,580,38,90
49,250,580,38,90
50,253,580,38,90
51,259,580,38,90
52,259,580,38,90
53,261,580,38,90
54,266,580,38,90
55,266,580,38,90
56,268,580,38,90
57,272,580,38,90
58,272,580,38,90
59,274,580,38,90
60,278,580,38,90
61,278,580,38,90
62,280,580,38,90
63,285,580,38,90
64,285,580,38,90
65,288,580,38,90
66,293,580,38,90
67,293,580,38,90
68,295,580,38,90
69,300,580,38,90
70,300,580,38,90
71,302,580,38,90
72,307,580,38,90
73,307,580,38,90
74,312,580,38,90
75,314,580,38,90
76,314,580,38,90
77,319,581,38,90
78,322,581,38,90
79,322,581,38,90
80,328,581,38,90
81,331,581,38,90
82,331,581,38,90
83,336,581,38,90
84,338,581,38,90
85,338,581,38,90
86,343,581,38,90
87,345,581,38,90
88,345,581,38,90
89,350,581,38,90
90,353,581,38,90
91,353,581,38,90
92,358,581,38,90
93,361,581,38,90
94,361,581,38,90
95,366,581,38,90
96,368,581,38,90
97,368,581,38,90
98,373,581,38,90
99,378,581,38,90
100,378,581,38,90
101,380,581,38,90
102,385,582,38,90
103,385,582,38,90
104,388,582,38,90
105,394,582,38,90
106,394,582,38,90
107,397,582,38,90
108,403,582,38,90
109,403,582,38,90
110,406,582,38,90
111,411,582,38,90
112,411,582,38,90
113,414,582,38,90
114,419,582,38,90
115,419,582,38,90
116,421,582,38,90
117,426,583,38,90
118,426,583,38,90
119,429,583,38,90
120,435,583,38,90
121,435,583,38,90
122,438,583,38,90
123,443,583,38,90
124,443,583,38,90
125,445,583,38,90
126,450,583,38,90
127,450,583,38,90
128,455,583,38,90
129,458,583,38,90
130,458,583,38,90
131,463,584,38,90
132,466,584,38,90
133,466,584,38,90
134,472,585,38,90
135,475,585,38,90
136,475,585,38,90
137,481,585,38,90
138,484,585,38,90
139,484,585,38,90
140,489,585,38,90
141,492,585,38,90
142,492,585,38,90
143,497,585,38,90
144,500,585,38,90
145,500,585,38,90
146,505,586,38,90
147,508,586,38,90
148,508,586,38,90
149,514,586,38,90
150,517,586,38,90
151,517,586,38,90
152,522,586,38,90
153,528,586,38,90
154,528,586,38,90
155,531,586,38,90
156,537,586,38,90
157,537,586,38,90
158,539,586,38,90
159,545,587,38,90
160,545,587,38,90
161,548,587,38,90
162,555,588,38,90
163,555,588,38,90
164,558,588,38,90
165,564,588,38,90
166,564,588,38,90
167,567,588,38,90
168,573,588,38,90
169,573,588,38,90
170,576,588,38,90
171,582,589,38,90
172,582,589,38,90
173,585,589,38,90
174,591,590,38,90
175,591,590,38,90
176,594,590,38,90
177,601,590,38,90
178,601,590,38,90
179,607,590,38,90
180,610,590,38,90
181,610,590,38,90
182,616,590,38,90
183,619,590,38,90
184,619,590,38,90
185,625,591,38,90
186,627,591,38,90
187,627,591,38,90
188,633,592,38,90
189,637,592,38,90
190,637,592,38,90
191,645,592,38,90
192,649,592,38,90
193,649,592,38,90
194,655,592,38,90
195,658,592,38,90
196,658,592,38,90
197,665,592,38,90
198,668,592,38,90
199,668,592,38,90
200,674,592,38,90
201,676,592,38,90
202,676,592,38,90
203,682,592,38,90
204,686,592,38,90
205,686,592,38,90
206,693,593,38,90
207,699,594,38,90
208,699,594,38,90
209,702,594,38,90
210,708,594,38,90
211,708,594,38,90
212,711,594,38,90
213,716,594,38,90
214,716,594,38,90
215,719,594,38,90
216,726,594,38,90
217,726,594,38,90
218,730,594,38,90
219,738,595,38,90
220,738,595,38,90
221,741,595,38,90
222,747,595,38,90
223,747,595,38,90
224,750,595,38,90
225,755,595,38,90
226,755,595,38,90
227,758,595,38,90
228,763,596,38,90
229,763,596,38,90
230,766,596,38,90
231,773,596,38,90
232,773,596,38,90
233,780,596,38,90
234,783,596,38,90
235,783,596,38,90
236,789,596,38,90
237,792,596,38,90
238,792,596,38,90
239,797,597,38,90
240,799,597,38,90
241,799,597,38,90
242,805,598,38,90
243,808,598,38,90
244,808,598,38,90
245,815,598,38,90
246,819,598,38,90
247,819,598,38,90
248,827,598,38,90
249,831,598,38,90
250,831,598,38,90
251,837,599,38,90
252,840,599,38,90
253,840,599,38,90
254,846,599,38,90
255,849,599,38,90
256,849,599,38,90
257,855,600,38,90
258,861,601,38,90
259,861,601,38,90
260,864,601,38,90
261,870,601,38,90
262,870,601,38,90
263,873,601,38,90
264,879,601,38,90
265,879,601,38,90
266,882,601,38,90
267,888,601,38,90
268,888,601,38,90
269,891,601,38,90
270,897,602,38,90
271,897,602,38,90
272,900,602,38,90
273,907,602,38,90
274,907,602,38,90
275,911,602,38,90
276,918,602,38,90
277,918,602,38,90
278,921,602,38,90
279,927,602,38,90
280,927,602,38,90
281,930,602,38,90
282,936,603,38,90
283,936,603,38,90
284,939,603,38,90
285,946,604,38,90
286,946,604,38,90
287,953,604,38,90
288,957,604,38,90
289,957,604,38,90
290,963,604,38,90
291,966,604,38,90
292,966,604,38,90
293,972,604,38,90
294,975,604,38,90
295,975,604,38,90
296,981,605,38,90
297,984,605,38,90
298,984,605,38,90
299,995,606,38,90
300,999,606,38,90
301,999,606,38,90
302,1002,606,38,90
303,1006,606,38,90
304,1006,606,38,90
305,1013,607,38,90
306,1016,607,38,90
307,1016,607,38,90
308,1022,607,38,90
309,1025,607,38,90
310,1025,607,38,90
311,1031,608,38,90
312,1037,609,38,90
313,1037,609,38,90
314,1040,609,38,90
315,1047,610,38,90
316,1047,610,38,90
317,1050,610,38,90
318,1056,610,38,90
319,1056,610,38,90
320,1059,610,38,90
321,1065,610,38,90
322,1065,610,38,90
323,1068,610,38,90
324,1074,611,38,90
325,1074,611,38,90
326,1077,611,38,90
327,1084,612,38,90
328,1084,612,38,90
329,1088,612,38,90
330,1095,612,38,90
331,1095,612,38,90
332,1099,612,38,90
333,1106,612,38,90
334,1106,612,38,90
335,1109,612,38,90
336,1115,613,38,90
337,1115,613,38,90
338,1121,614,38,90
339,1124,614,38,90
340,1124,614,38,90
341,1130,615,38,90
342,1134,615,38,90
343,1134,615,38,90
344,1141,616,38,90
345,1144,616,38,90
346,1144,616,38,90
347,1150,616,38,90
348,1153,616,38,90
349,1153,616,38,90
350,1160,617,38,90
351,1163,617,38,90
352,1163,617,38,90
353,1169,618,38,90
