11-Occlusion 10
830,4,409,32,67
831,7,409,32,67
832,9,408,32,67
833,12,407,32,67
834,15,407,32,67
835,18,407,32,67
836,21,407,32,67
837,24,408,32,67
838,27,409,32,67
839,30,410,32,67
840,33,410,32,67
841,36,410,32,67
842,39,410,32,67
843,42,410,32,67
844,45,410,32,67
845,48,410,32,67
846,51,409,32,67
847,54,409,32,67
848,57,409,32,67
849,60,409,32,67
850,63,410,32,67
851,66,411,32,67
852,69,411,32,67
853,72,411,32,67
854,76,411,32,67
855,80,411,32,67
856,83,411,32,67
857,86,411,32,67
858,88,410,32,67
859,91,409,32,67
860,94,409,32,67
861,97,409,32,67
862,100,409,32,67
863,103,410,32,67
864,106,411,32,67
865,109,411,32,67
866,112,412,32,67
867,116,412,32,67
868,119,412,32,67
869,122,412,32,67
870,125,412,32,67
871,128,411,32,67
872,131,410,32,67
873,134,410,32,67
874,137,410,32,67
875,140,410,32,67
876,143,411,32,67
877,146,412,32,67
878,149,412,32,67
879,153,412,32,67
880,157,412,32,67
881,160,412,32,67
882,163,412,32,67
883,166,411,32,67
884,169,410,32,67
885,172,410,32,67
886,175,410,32,67
887,177,410,32,67
888,180,410,32,67
889,183,411,32,67
890,186,412,32,67
891,189,413,32,67
892,192,413,32,67
893,196,413,32,67
894,199,413,32,67
895,202,413,32,67
896,205,413,32,67
897,208,413,32,67
898,211,413,32,67
899,214,413,32,67
900,217,413,32,67
901,220,413,32,67
902,223,414,32,67
903,226,415,32,67
904,229,415,32,67
905,233,416,32,67
906,237,416,32,67
907,240,416,32,67
908,243,416,32,67
909,246,415,32,67
910,249,414,32,67
911,252,414,32,67
912,255,414,32,67
913,257,414,32,67
914,260,415,32,67
915,263,416,32,67
916,266,417,32,67
917,269,418,32,67
918,272,418,32,67
919,275,418,32,67
920,278,418,32,67
921,281,418,32,67
922,284,417,32,67
923,287,417,32,67
924,290,417,32,67
925,293,417,32,67
926,296,417,32,67
927,299,418,32,67
928,302,419,32,67
929,305,420,32,67
930,308,421,32,67
931,311,421,32,67
932,314,421,32,67
933,317,421,32,67
934,320,421,32,67
935,323,421,32,67
936,326,421,32,67
937,329,421,32,67
938,331,421,32,67
939,334,422,32,67
940,337,422,32,67
941,340,423,32,67
942,343,424,32,67
943,346,424,32,67
944,349,424,32,67
945,352,424,32,67
946,355,424,32,67
947,357,424,32,67
948,359,424,32,67
949,362,424,32,67
950,365,424,32,67
951,368,424,32,67
952,371,425,32,67
953,374,426,32,67
954,377,426,32,67
955,380,427,32,67
956,383,428,32,67
957,386,429,32,67
958,389,430,32,67
959,392,430,32,67
960,395,430,32,67
961,398,429,32,67
962,401,428,32,67
963,404,428,32,67
964,407,428,32,67
965,410,428,32,67
966,413,429,32,67
967,416,430,32,67
968,419,431,32,67
969,423,431,32,67
970,426,431,32,67
971,429,431,32,67
972,432,431,32,67
973,434,431,32,67
974,436,431,32,67
975,438,431,32,67
976,440,431,32,67
977,442,431,32,67
978,444,431,32,67
979,446,431,32,67
980,448,431,32,67
981,450,431,32,67
982,452,431,32,67
983,454,431,32,67
984,455,431,32,67
985,456,431,32,67
986,458,431,32,67
987,460,431,32,67
988,461,431,32,67
989,462,431,32,67
990,463,431,32,67
991,464,431,32,67
992,465,431,32,67
993,466,431,32,67
994,466,431,32,67
995,466,431,32,67
996,466,431,32,67
997,467,432,32,67
998,468,432,32,67
999,469,432,32,67
1000,470,432,32,67
1001,471,432,32,67
1002,471,432,32,67
1003,471,432,32,67
1004,471,432,32,67
1005,471,432,32,67
1006,471,432,32,67
1007,471,432,32,67
1008,471,432,32,67
1009,471,432,32,67
1010,471,432,32,67
1011,471,432,32,67
1012,471,432,32,67
1013,471,432,32,67
1014,471,432,32,67
1015,471,432,32,67
1016,471,432,32,67
1017,471,432,32,67
1018,471,432,32,67
1019,471,432,32,67
1020,471,432,32,67
1021,471,432,32,67
1022,471,432,32,67
1023,471,432,32,67
1024,471,432,32,67
1025,471,432,32,67
1026,471,432,32,67
1027,471,432,32,67
1028,471,432,32,67
1029,471,432,32,67
1030,471,432,32,67
1031,471,432,32,67
1032,471,432,32,67
1033,471,432,32,67
1034,471,432,32,67
1035,471,432,32,67
1036,471,432,32,67
1037,471,432,32,67
1038,471,432,32,67
1039,471,432,32,67
1040,471,432,32,67
1041,471,432,32,67
1042,471,432,32,67
1043,471,432,32,67
1044,471,432,32,67
1045,471,432,32,67
1046,471,432,32,67
1047,471,432,32,67
1048,471,432,32,67
1049,471,432,32,67
1050,471,432,32,67
1051,471,432,32,67
1052,471,432,32,67
1053,471,432,32,67
1054,471,432,32,67
1055,471,432,32,67
1056,471,432,32,67
1057,471,432,32,67
1058,471,432,32,67
1059,471,432,32,67
1060,471,432,32,67
1061,471,432,32,67
1062,471,432,32,67
1063,471,432,32,67
1064,471,432,32,67
1065,471,432,32,67
1066,471,432,32,67
1067,471,432,32,67
1068,471,432,32,67
1069,471,432,32,67
1070,471,432,32,67
1071,471,432,32,67
1072,471,432,32,67
1073,471,432,32,67
1074,471,432,32,67
1075,471,432,32,67
1076,471,432,32,67
1077,471,432,32,67
1078,471,432,32,67
1079,471,432,32,67
1080,471,432,32,67
1081,471,432,32,67
1082,471,432,32,67
1083,471,432,32,67
1084,471,432,32,67
1085,471,432,32,67
1086,471,432,32,67
1087,471,432,32,67
1088,471,432,32,67
1089,471,432,32,67
1090,471,432,32,67
