11-Occlusion 4
38,918,281,86,131
39,919,275,86,131
40,920,269,86,131
41,921,264,86,131
42,923,260,86,131
43,925,256,86,131
44,927,252,86,131
45,929,247,86,131
46,931,242,86,131
47,934,238,86,131
48,937,235,86,131
49,940,233,86,131
50,943,232,86,131
51,946,232,86,131
52,949,233,86,131
53,953,235,86,131
54,957,238,86,131
55,962,240,86,131
56,968,240,86,131
57,974,238,86,131
58,980,234,86,131
59,986,230,86,131
60,992,227,86,131
61,997,225,86,131
62,1002,223,86,131
63,1006,221,86,131
64,1010,219,86,131
65,1013,217,86,131
66,1015,215,86,131
67,1016,214,86,131
68,1016,213,86,131
69,1014,212,86,131
70,1012,211,86,131
71,1009,210,86,131
72,1005,208,86,131
73,999,206,86,131
74,993,184,86,131
75,982,174,86,131
76,973,173,86,131
77,963,173,86,131
78,953,174,86,131
79,943,177,86,131
80,934,181,86,131
81,925,186,86,131
82,916,191,86,131
83,908,195,86,131
84,900,198,86,131
85,894,199,86,131
86,889,199,86,131
87,885,198,86,131
88,882,196,86,131
89,880,193,86,131
90,879,189,86,131
91,879,185,86,131
92,879,181,86,131
93,879,177,86,131
94,879,173,86,131
95,878,169,86,131
96,877,163,86,131
97,877,156,86,131
98,877,148,86,131
99,877,140,86,131
100,877,133,86,131
101,877,128,86,131
102,877,125,86,131
103,877,123,86,131
104,876,121,86,131
105,874,119,86,131
106,872,117,86,131
107,869,116,86,131
108,864,117,86,131
109,858,120,86,131
110,851,125,86,131
111,843,131,86,131
112,835,137,86,131
113,825,143,86,131
114,814,149,86,131
115,802,154,86,131
116,790,159,86,131
117,780,164,86,131
118,772,169,86,131
119,765,173,86,131
120,760,176,86,131
121,757,179,86,131
122,756,180,86,131
123,756,179,86,131
124,757,176,86,131
125,759,172,86,131
126,763,169,86,131
127,767,168,86,131
128,772,169,86,131
129,777,171,86,131
130,782,174,86,131
131,787,177,86,131
132,792,178,86,131
133,797,176,86,131
134,803,170,86,131
135,810,160,86,131
136,818,149,86,131
137,826,139,86,131
138,832,130,86,131
139,837,122,86,131
140,840,115,86,131
141,840,108,86,131
142,838,102,86,131
143,834,97,86,131
144,828,94,86,131
145,821,93,86,131
146,813,94,86,131
147,805,95,86,131
148,796,98,86,131
149,787,101,86,131
150,777,105,86,131
151,765,108,86,131
152,860,474,86,131
153,852,479,86,131
154,839,480,86,131
155,823,480,86,131
156,806,483,86,131
157,795,484,86,131
158,789,482,86,131
159,784,479,86,131
160,777,476,86,131
161,770,471,86,131
162,764,466,86,131
163,760,461,86,131
164,756,457,86,131
165,752,454,86,131
166,841,390,86,131
167,831,387,86,131
168,822,384,86,131
169,814,381,86,131
170,806,379,86,131
171,799,379,86,131
172,793,381,86,131
173,786,384,86,131
174,778,388,86,131
175,770,392,86,131
176,765,396,86,131
