11-Occlusion 17
86,651,39,154,355
87,654,37,154,355
88,0,0,154,355
89,0,0,154,355
90,0,0,154,355
91,0,0,154,355
92,0,0,154,355
93,0,0,154,355
94,0,0,154,355
95,0,0,154,355
96,0,0,154,355
97,0,0,154,355
98,0,0,154,355
99,0,0,154,355
100,0,0,154,355
101,0,0,154,355
102,2,88,154,355
103,2,1,154,355
104,0,0,154,355
105,0,0,154,355
106,0,0,154,355
107,0,0,154,355
108,0,0,154,355
109,0,0,154,355
110,0,0,154,355
111,0,0,154,355
112,0,0,154,355
113,0,0,154,355
114,0,0,154,355
115,0,0,154,355
116,0,104,154,355
117,1,128,154,355
118,0,128,154,355
119,0,6,154,355
120,2,6,154,355
121,0,0,154,355
122,0,0,154,355
123,0,0,154,355
124,6,168,154,355
125,7,173,154,355
126,0,0,154,355
127,0,0,154,355
128,0,0,154,355
129,0,0,154,355
130,0,0,154,355
131,0,0,154,355
132,0,0,154,355
133,0,32,154,355
134,0,32,154,355
135,0,0,154,355
136,0,0,154,355
137,0,128,154,355
138,0,0,154,355
139,0,0,154,355
140,0,24,154,355
141,0,0,154,355
142,0,0,154,355
143,0,0,154,355
144,0,0,154,355
145,0,0,154,355
146,0,0,154,355
