11-Occlusion 7
49,705,522,81,81
50,704,522,81,81
51,702,522,81,81
52,701,521,81,81
53,700,520,81,81
54,700,519,81,81
55,700,519,81,81
56,700,518,81,81
57,700,517,81,81
58,699,517,81,81
59,697,516,81,81
60,693,515,81,81
61,693,515,81,81
62,689,514,81,81
63,685,513,81,81
64,682,511,81,81
65,1256,525,81,81
66,1170,533,81,81
67,1170,533,81,81
68,1087,541,81,81
69,1002,550,81,81
70,916,558,81,81
71,828,567,81,81
72,738,577,81,81
73,738,577,81,81
74,648,588,81,81
75,559,599,81,81
76,471,611,81,81
77,382,624,81,81
78,291,638,81,81
79,291,638,81,81
80,197,653,81,81
81,100,669,81,81
82,4,685,81,81
83,1222,197,81,81
84,1142,207,81,81
85,1142,207,81,81
86,1003,229,81,81
87,911,242,81,81
88,808,256,81,81
89,713,270,81,81
90,606,285,81,81
91,606,285,81,81
92,499,300,81,81
93,392,315,81,81
94,278,332,81,81
95,163,349,81,81
96,45,367,81,81
97,45,367,81,81
98,9,382,81,81
99,1734,804,81,81
100,1631,826,81,81
101,1527,848,81,81
102,1422,871,81,81
103,1422,871,81,81
104,1317,894,81,81
105,1205,919,81,81
106,1089,946,81,81
107,973,975,81,81
108,1621,268,81,81
109,1621,268,81,81
110,1523,288,81,81
111,1427,308,81,81
112,1328,331,81,81
113,1229,354,81,81
114,1131,377,81,81
115,1131,377,81,81
116,1026,402,81,81
117,913,430,81,81
118,801,459,81,81
119,690,488,81,81
120,576,519,81,81
121,576,519,81,81
122,464,551,81,81
123,344,588,81,81
124,222,626,81,81
125,102,664,81,81
126,5,699,81,81
127,5,699,81,81
128,823,441,81,81
129,734,478,81,81
130,643,518,81,81
131,547,562,81,81
132,450,607,81,81
133,450,607,81,81
134,345,653,81,81
135,232,701,81,81
136,105,753,81,81
137,253,717,81,81
138,131,767,81,81
139,131,767,81,81
140,5,820,81,81
141,135,794,81,81
142,12,847,81,81
143,784,610,81,81
144,676,655,81,81
145,676,655,81,81
146,562,701,81,81
147,447,746,81,81
148,326,791,81,81
149,197,837,81,81
150,63,884,81,81
151,63,884,81,81
152,236,831,81,81
153,99,875,81,81
154,576,718,81,81
155,459,756,81,81
156,340,793,81,81
157,340,793,81,81
158,213,831,81,81
159,83,869,81,81
160,1326,481,81,81
161,1225,511,81,81
162,1123,541,81,81
163,1123,541,81,81
164,761,650,81,81
165,651,681,81,81
166,534,713,81,81
167,414,744,81,81
168,289,775,81,81
169,289,775,81,81
170,161,807,81,81
171,26,841,81,81
172,201,785,81,81
173,76,818,81,81
174,4,834,81,81
175,4,834,81,81
176,799,608,81,81
177,693,635,81,81
178,586,663,81,81
179,476,692,81,81
180,366,722,81,81
181,366,722,81,81
182,256,752,81,81
183,145,782,81,81
184,28,813,81,81
185,205,670,81,81
186,83,700,81,81
187,83,700,81,81
188,1230,516,81,81
189,1134,542,81,81
190,1049,565,81,81
191,952,591,81,81
192,856,617,81,81
193,856,617,81,81
194,745,647,81,81
195,646,674,81,81
196,534,704,81,81
197,423,733,81,81
198,299,765,81,81
199,299,765,81,81
200,190,794,81,81
201,80,823,81,81
202,204,797,81,81
203,89,827,81,81
204,73,834,81,81
205,73,834,81,81
206,129,824,81,81
207,6,855,81,81
208,481,751,81,81
209,379,778,81,81
210,273,806,81,81
211,273,806,81,81
212,165,835,81,81
213,51,865,81,81
214,49,869,81,81
215,5,882,81,81
216,570,749,81,81
217,570,749,81,81
218,469,776,81,81
219,367,803,81,81
220,260,830,81,81
221,152,857,81,81
222,30,887,81,81
223,30,887,81,81
224,439,789,81,81
225,338,815,81,81
226,232,842,81,81
227,124,870,81,81
228,7,900,81,81
229,7,900,81,81
230,8,899,81,81
231,267,823,81,81
232,154,853,81,81
233,43,883,81,81
234,164,841,81,81
235,164,841,81,81
236,47,875,81,81
237,104,852,81,81
238,5,882,81,81
239,6,879,81,81
240,53,857,81,81
241,8,867,81,81
242,8,867,81,81
243,7,862,81,81
244,7,856,81,81
245,496,632,81,81
246,415,666,81,81
247,331,703,81,81
248,331,703,81,81
249,246,741,81,81
250,152,783,81,81
251,43,831,81,81
252,128,797,81,81
253,35,836,81,81
254,35,836,81,81
255,96,812,81,81
256,11,846,81,81
257,293,740,81,81
258,210,774,81,81
259,124,807,81,81
260,124,807,81,81
261,33,840,81,81
262,377,720,81,81
263,302,746,81,81
264,218,772,81,81
265,133,795,81,81
266,133,795,81,81
267,54,814,81,81
268,5,822,81,81
269,1373,415,81,81
270,1323,433,81,81
271,1276,449,81,81
272,1276,449,81,81
273,1223,465,81,81
274,1170,480,81,81
275,1115,495,81,81
276,1057,509,81,81
277,998,522,81,81
278,998,522,81,81
279,938,535,81,81
280,876,547,81,81
281,814,558,81,81
282,744,569,81,81
283,676,578,81,81
284,676,578,81,81
285,677,575,81,81
286,525,595,81,81
287,445,603,81,81
288,364,610,81,81
289,278,617,81,81
290,278,617,81,81
291,193,623,81,81
292,98,628,81,81
293,7,632,81,81
294,21,624,81,81
295,165,592,81,81
296,165,592,81,81
297,70,595,81,81
298,4,594,81,81
299,235,564,81,81
300,149,565,81,81
301,58,566,81,81
302,58,566,81,81
303,247,547,81,81
304,166,549,81,81
305,83,551,81,81
306,4,551,81,81
307,51,546,81,81
308,51,546,81,81
309,439,534,81,81
310,365,536,81,81
311,285,537,81,81
312,205,538,81,81
313,125,539,81,81
314,125,539,81,81
315,42,539,81,81
316,102,536,81,81
317,32,537,81,81
318,4,537,81,81
319,37,531,81,81
320,37,531,81,81
321,1527,525,81,81
322,1482,529,81,81
323,1436,534,81,81
324,1392,538,81,81
325,1346,542,81,81
326,1346,542,81,81
327,1298,545,81,81
328,1250,548,81,81
329,1202,551,81,81
330,1153,554,81,81
331,1106,556,81,81
332,1106,556,81,81
333,1056,558,81,81
334,1005,558,81,81
335,953,558,81,81
336,899,557,81,81
337,846,556,81,81
338,846,556,81,81
339,790,553,81,81
340,727,547,81,81
341,664,541,81,81
342,604,536,81,81
343,446,525,81,81
344,446,525,81,81
345,372,515,81,81
346,295,504,81,81
347,219,493,81,81
348,151,481,81,81
349,63,469,81,81
350,63,469,81,81
351,29,460,81,81
352,70,456,81,81
353,4,445,81,81
354,19,444,81,81
355,175,451,81,81
356,175,451,81,81
357,97,441,81,81
358,21,431,81,81
359,1577,571,81,81
360,1532,566,81,81
361,1488,561,81,81
362,1488,561,81,81
363,1442,556,81,81
364,1394,551,81,81
365,1346,546,81,81
366,1297,542,81,81
367,1251,538,81,81
368,1251,538,81,81
369,1203,535,81,81
370,1158,535,81,81
371,1110,534,81,81
372,1062,534,81,81
373,1014,534,81,81
374,1014,534,81,81
375,969,537,81,81
376,927,539,81,81
377,881,544,81,81
378,837,547,81,81
379,793,552,81,81
380,793,552,81,81
381,751,557,81,81
382,708,562,81,81
383,666,568,81,81
384,624,575,81,81
385,583,581,81,81
386,583,581,81,81
387,543,587,81,81
388,493,589,81,81
389,441,589,81,81
390,389,589,81,81
391,333,587,81,81
392,333,587,81,81
393,275,584,81,81
394,211,578,81,81
395,140,570,81,81
396,65,560,81,81
397,4,551,81,81
398,4,551,81,81
399,239,560,81,81
400,168,550,81,81
401,96,541,81,81
402,24,533,81,81
403,449,545,81,81
404,449,545,81,81
405,391,536,81,81
406,375,530,81,81
407,227,520,81,81
408,157,511,81,81
409,95,502,81,81
410,95,502,81,81
411,19,492,81,81
412,16,484,81,81
413,143,482,81,81
414,71,474,81,81
415,5,466,81,81
416,5,466,81,81
417,64,470,81,81
418,4,463,81,81
419,799,559,81,81
420,748,554,81,81
421,702,551,81,81
422,702,551,81,81
423,663,551,81,81
424,628,554,81,81
425,598,559,81,81
426,573,566,81,81
427,546,573,81,81
428,546,573,81,81
429,515,578,81,81
430,477,581,81,81
431,438,583,81,81
432,1684,764,81,81
433,1645,760,81,81
434,1645,760,81,81
435,1604,755,81,81
436,1564,751,81,81
437,1521,745,81,81
438,1481,741,81,81
439,1441,737,81,81
440,1404,734,81,81
441,1404,734,81,81
442,1369,731,81,81
443,1334,729,81,81
444,1298,727,81,81
445,1260,726,81,81
446,1219,724,81,81
447,1219,724,81,81
448,1178,722,81,81
449,1133,720,81,81
450,1086,718,81,81
451,1037,716,81,81
452,987,714,81,81
453,987,714,81,81
454,939,712,81,81
455,891,711,81,81
456,843,710,81,81
457,794,710,81,81
458,742,710,81,81
459,742,710,81,81
460,691,710,81,81
461,639,711,81,81
462,586,711,81,81
463,533,711,81,81
464,480,712,81,81
465,480,712,81,81
466,427,713,81,81
467,370,714,81,81
468,310,715,81,81
469,246,716,81,81
470,179,717,81,81
471,179,717,81,81
472,113,717,81,81
473,48,717,81,81
474,3,718,81,81
475,1603,730,81,81
476,1563,726,81,81
477,1563,726,81,81
478,1516,722,81,81
479,1473,719,81,81
480,1428,715,81,81
481,1382,712,81,81
482,1334,709,81,81
483,1334,709,81,81
484,1284,707,81,81
485,1233,705,81,81
486,1173,703,81,81
487,1109,701,81,81
488,1042,700,81,81
489,1042,700,81,81
490,973,700,81,81
491,899,699,81,81
492,823,699,81,81
493,749,698,81,81
494,671,698,81,81
495,671,698,81,81
496,590,698,81,81
497,506,697,81,81
498,420,696,81,81
499,334,696,81,81
500,245,696,81,81
501,245,696,81,81
502,155,696,81,81
503,64,696,81,81
504,321,685,81,81
505,233,685,81,81
506,145,685,81,81
507,145,685,81,81
508,60,685,81,81
509,820,690,81,81
510,740,691,81,81
511,660,693,81,81
512,572,694,81,81
513,572,694,81,81
514,492,695,81,81
515,413,696,81,81
516,320,698,81,81
517,237,699,81,81
518,151,701,81,81
519,151,701,81,81
520,65,702,81,81
521,68,701,81,81
522,4,702,81,81
523,1039,674,81,81
524,963,675,81,81
525,963,675,81,81
526,884,676,81,81
527,809,677,81,81
528,736,678,81,81
529,660,679,81,81
530,584,680,81,81
531,584,680,81,81
532,504,681,81,81
533,424,682,81,81
534,349,682,81,81
535,269,683,81,81
536,192,683,81,81
537,192,683,81,81
538,112,683,81,81
539,32,683,81,81
540,300,681,81,81
541,220,681,81,81
542,140,680,81,81
543,140,680,81,81
544,63,679,81,81
545,4,678,81,81
546,455,673,81,81
547,378,673,81,81
548,303,672,81,81
549,303,672,81,81
550,226,671,81,81
551,146,670,81,81
552,57,668,81,81
553,592,657,81,81
554,516,654,81,81
555,516,654,81,81
556,430,651,81,81
557,337,648,81,81
558,251,646,81,81
559,163,643,81,81
560,67,640,81,81
561,67,640,81,81
562,195,634,81,81
563,99,632,81,81
564,4,630,81,81
565,1340,621,81,81
566,1250,617,81,81
567,1250,617,81,81
568,1160,614,81,81
569,1073,610,81,81
570,976,606,81,81
571,881,602,81,81
572,785,599,81,81
573,785,599,81,81
574,690,596,81,81
575,593,593,81,81
576,494,590,81,81
577,392,587,81,81
578,288,585,81,81
579,288,585,81,81
580,186,583,81,81
581,81,582,81,81
582,56,580,81,81
583,23,579,81,81
584,1086,568,81,81
585,1086,568,81,81
586,717,568,81,81
587,624,568,81,81
588,528,568,81,81
589,432,568,81,81
590,336,569,81,81
591,336,569,81,81
592,242,569,81,81
593,146,569,81,81
594,45,569,81,81
595,1360,560,81,81
596,1272,559,81,81
597,1272,559,81,81
598,1182,558,81,81
599,1089,556,81,81
600,1364,552,81,81
601,1273,550,81,81
602,1180,547,81,81
603,1180,547,81,81
604,1086,544,81,81
605,630,545,81,81
606,534,543,81,81
