12-MovingCamera 18
4,627,322,76,96
5,567,288,76,96
6,512,246,76,96
7,455,217,76,96
8,374,170,76,96
9,360,159,76,96
10,347,154,76,96
11,342,155,76,96
12,330,155,76,96
13,316,188,76,96
14,297,208,76,96
15,285,201,76,96
16,262,208,76,96
17,243,209,76,96
18,224,208,76,96
19,217,207,76,96
20,212,200,76,96
21,206,195,76,96
22,204,188,76,96
23,232,201,76,96
24,250,216,76,96
25,264,221,76,96
26,285,217,76,96
27,315,227,76,96
28,340,240,76,96
29,351,240,76,96
30,370,247,76,96
31,395,256,76,96
32,423,267,76,96
33,460,248,76,96
34,497,228,76,96
35,526,220,76,96
36,534,197,76,96
37,540,147,76,96
38,546,140,76,96
39,530,138,76,96
40,508,135,76,96
41,466,130,76,96
42,426,111,76,96
43,416,97,76,96
44,424,86,76,96
45,445,73,76,96
46,483,72,76,96
47,490,84,76,96
48,510,72,76,96
49,506,78,76,96
50,496,64,76,96
51,494,61,76,96
52,484,71,76,96
53,475,64,76,96
