13-ZoomingCamera 27
1,443,221,24,60
2,443,221,24,60
3,443,221,24,60
4,443,221,24,60
5,443,221,24,60
6,443,221,24,60
7,443,221,24,60
8,443,221,24,60
9,443,221,24,60
10,443,221,24,60
11,443,221,24,60
12,443,221,24,60
13,443,221,24,60
14,443,221,24,60
15,443,221,24,60
16,443,221,24,60
17,443,221,24,60
18,443,221,24,60
19,443,221,24,60
20,443,221,24,60
21,443,221,24,60
22,443,221,24,60
23,443,221,24,60
24,443,221,24,60
25,443,221,24,60
26,443,221,24,60
27,443,221,24,60
28,443,221,24,60
29,443,221,24,60
30,443,221,24,60
31,443,221,24,60
32,443,221,24,60
33,443,221,24,60
34,443,221,24,60
35,443,221,24,60
36,443,221,24,60
37,443,221,24,60
38,443,221,24,60
39,443,221,24,60
40,443,221,24,60
41,443,221,24,60
42,443,221,24,60
43,443,221,24,60
44,443,221,24,60
45,443,221,24,60
46,443,221,24,60
47,443,221,24,60
48,443,221,24,60
49,443,221,24,60
50,443,221,24,60
51,443,221,24,60
52,443,221,24,60
53,443,221,24,60
54,443,221,24,60
55,443,221,24,60
56,443,221,24,60
57,443,221,24,60
58,443,221,24,60
59,443,221,24,60
60,443,221,24,60
61,443,221,24,60
62,443,221,24,60
63,443,221,24,60
64,443,221,24,60
65,443,221,24,60
66,443,221,24,60
67,443,221,24,60
68,443,221,24,60
69,443,221,24,60
70,443,221,24,60
71,443,221,24,60
72,443,221,24,60
73,443,221,24,60
74,443,221,24,60
75,443,221,24,60
76,443,221,24,60
77,443,221,24,60
78,443,221,24,60
79,443,221,24,60
80,443,221,24,60
81,443,221,24,60
82,443,221,24,60
83,443,221,24,60
84,443,221,24,60
85,443,221,24,60
86,443,221,24,60
87,443,221,24,60
88,443,221,24,60
89,443,221,24,60
90,443,221,24,60
91,443,221,24,60
92,443,221,24,60
93,443,221,24,60
94,443,221,24,60
95,443,221,24,60
96,443,221,24,60
97,443,221,24,60
98,443,221,24,60
99,443,221,24,60
100,443,221,24,60
101,443,221,24,60
102,443,221,24,60
103,443,221,24,60
104,443,221,24,60
105,443,221,24,60
106,443,221,24,60
107,443,221,24,60
108,443,221,24,60
109,443,221,24,60
110,443,221,24,60
111,443,221,24,60
112,443,221,24,60
113,443,221,24,60
114,443,221,24,60
115,443,221,24,60
116,443,221,24,60
117,443,221,24,60
118,443,221,24,60
119,443,221,24,60
120,443,221,24,60
121,444,221,24,60
122,444,221,24,60
123,444,221,24,60
124,444,221,24,60
125,444,221,24,60
126,444,221,24,60
127,445,221,24,60
128,445,221,24,60
129,445,221,24,60
130,446,221,24,60
131,446,221,24,60
132,446,221,24,60
133,446,221,24,60
134,446,221,24,60
135,446,221,24,60
136,446,221,24,60
137,446,221,24,60
138,446,221,24,60
139,446,221,24,60
140,446,221,24,60
141,446,221,24,60
142,446,221,24,60
143,446,221,24,60
144,446,221,24,60
145,446,221,24,60
146,446,221,24,60
147,446,221,24,60
148,446,221,24,60
149,446,221,24,60
150,446,221,24,60
151,446,221,24,60
152,446,221,24,60
153,445,221,24,60
154,445,221,24,60
155,444,221,24,60
156,444,221,24,60
157,443,221,24,60
158,443,221,24,60
159,443,221,24,60
160,443,221,24,60
161,443,221,24,60
162,443,221,24,60
163,443,221,24,60
164,443,221,24,60
165,443,221,24,60
166,444,221,24,60
167,444,221,24,60
168,444,221,24,60
169,445,221,24,60
170,445,221,24,60
171,445,221,24,60
172,446,221,24,60
173,446,221,24,60
174,446,221,24,60
175,446,221,24,60
176,446,221,24,60
177,446,222,24,60
178,446,222,24,60
179,446,223,24,60
180,447,223,24,60
181,447,224,24,60
182,448,225,24,60
183,448,226,24,60
184,448,226,24,60
185,449,227,24,60
186,449,228,24,60
187,450,229,24,60
188,451,230,24,60
189,451,231,24,60
190,451,232,24,60
191,452,233,24,60
192,452,234,24,60
193,452,235,24,60
194,387,231,24,60
195,385,233,24,60
196,383,234,24,60
197,384,235,24,60
198,386,237,24,60
199,353,240,24,60
200,350,243,24,60
201,342,247,24,60
202,354,241,24,60
203,346,246,24,60
204,342,250,24,60
205,338,254,24,60
206,331,259,24,60
207,340,247,24,60
208,339,252,24,60
209,316,264,24,60
210,345,249,24,60
211,243,233,24,60
212,765,253,24,60
213,683,262,24,60
214,763,256,24,60
215,341,244,24,60
216,96,150,24,60
217,341,246,24,60
218,357,201,24,60
219,297,264,24,60
220,85,145,24,60
221,85,146,24,60
222,83,147,24,60
223,81,148,24,60
224,79,150,24,60
225,77,151,24,60
226,76,152,24,60
227,73,152,24,60
228,71,151,24,60
229,69,151,24,60
230,67,151,24,60
231,65,150,24,60
232,63,150,24,60
233,61,149,24,60
234,60,149,24,60
235,57,149,24,60
236,56,149,24,60
237,55,149,24,60
238,52,149,24,60
239,50,148,24,60
240,52,146,24,60
241,52,144,24,60
