13-ZoomingCamera 15
1,1040,364,71,71
2,1039,364,71,71
3,1038,364,71,71
4,1037,364,71,71
5,1036,364,71,71
6,1035,364,71,71
7,1034,364,71,71
8,1033,364,71,71
9,1032,364,71,71
10,1031,364,71,71
11,1030,364,71,71
12,1028,364,71,71
13,1027,364,71,71
14,1026,364,71,71
15,1025,364,71,71
16,1024,364,71,71
17,1023,364,71,71
18,1022,364,71,71
19,1021,364,71,71
20,1020,365,71,71
21,1019,365,71,71
22,1018,365,71,71
23,1017,365,71,71
24,1016,366,71,71
25,1015,366,71,71
26,1014,366,71,71
27,1013,366,71,71
28,1012,366,71,71
29,1011,366,71,71
30,1010,366,71,71
31,1009,366,71,71
32,1007,366,71,71
33,1006,366,71,71
34,1005,367,71,71
35,1004,367,71,71
36,1002,368,71,71
37,1000,369,71,71
38,998,369,71,71
39,996,370,71,71
40,994,371,71,71
41,992,372,71,71
42,990,373,71,71
43,988,374,71,71
44,986,374,71,71
45,984,375,71,71
46,982,375,71,71
47,980,375,71,71
48,978,376,71,71
49,976,376,71,71
50,974,376,71,71
51,972,377,71,71
52,970,378,71,71
53,968,378,71,71
54,966,378,71,71
55,964,379,71,71
56,962,380,71,71
57,960,380,71,71
58,958,381,71,71
59,956,381,71,71
60,954,382,71,71
61,952,383,71,71
62,950,383,71,71
63,948,384,71,71
64,946,385,71,71
65,944,386,71,71
66,942,386,71,71
67,940,387,71,71
68,938,388,71,71
69,936,389,71,71
70,934,390,71,71
71,932,391,71,71
72,930,392,71,71
73,928,393,71,71
74,926,394,71,71
75,924,395,71,71
76,921,396,71,71
77,919,397,71,71
78,916,398,71,71
79,913,399,71,71
80,910,400,71,71
81,907,401,71,71
82,904,402,71,71
83,901,403,71,71
84,898,404,71,71
85,895,405,71,71
86,892,406,71,71
87,889,407,71,71
88,886,408,71,71
89,883,409,71,71
90,880,410,71,71
91,877,411,71,71
92,874,412,71,71
93,871,413,71,71
94,868,414,71,71
95,865,415,71,71
96,862,416,71,71
97,859,417,71,71
98,856,418,71,71
99,853,419,71,71
100,850,420,71,71
101,847,421,71,71
102,844,422,71,71
103,841,423,71,71
104,838,424,71,71
105,835,425,71,71
106,832,426,71,71
107,829,427,71,71
108,826,428,71,71
109,822,429,71,71
110,818,430,71,71
111,814,431,71,71
112,810,432,71,71
113,806,433,71,71
114,802,434,71,71
115,798,436,71,71
116,794,437,71,71
117,790,439,71,71
118,786,441,71,71
119,782,443,71,71
120,778,445,71,71
121,774,447,71,71
122,770,449,71,71
123,766,451,71,71
124,762,453,71,71
125,758,455,71,71
126,754,457,71,71
127,749,459,71,71
128,744,461,71,71
129,739,463,71,71
130,734,465,71,71
131,729,467,71,71
132,724,469,71,71
133,719,471,71,71
134,714,473,71,71
135,709,475,71,71
136,704,477,71,71
137,699,479,71,71
138,693,482,71,71
139,687,485,71,71
140,681,488,71,71
141,675,491,71,71
142,669,494,71,71
143,663,497,71,71
144,657,500,71,71
145,651,503,71,71
146,644,506,71,71
147,637,509,71,71
148,630,512,71,71
149,623,515,71,71
150,616,518,71,71
151,609,521,71,71
152,601,525,71,71
153,593,529,71,71
154,585,533,71,71
155,577,537,71,71
156,569,541,71,71
157,560,545,71,71
158,551,549,71,71
159,542,553,71,71
160,533,557,71,71
161,523,562,71,71
162,513,567,71,71
163,503,571,71,71
164,492,576,71,71
165,481,581,71,71
166,470,586,71,71
167,458,591,71,71
168,446,596,71,71
169,433,602,71,71
170,420,608,71,71
171,406,614,71,71
172,392,620,71,71
173,377,627,71,71
174,362,634,71,71
175,346,641,71,71
176,329,649,71,71
177,312,657,71,71
178,294,665,71,71
179,275,674,71,71
180,255,683,71,71
181,235,692,71,71
