13-ZoomingCamera 14
11,434,206,25,35
12,434,206,25,35
13,434,206,25,35
14,434,206,25,35
15,434,206,25,35
16,434,206,25,35
17,434,206,25,35
18,433,206,25,35
19,432,206,25,35
20,431,206,25,35
21,430,206,25,35
22,429,207,25,35
23,428,208,25,35
24,427,209,25,35
25,426,210,25,35
26,425,211,25,35
27,423,212,25,35
28,421,213,25,35
29,420,213,25,35
30,419,213,25,35
31,418,213,25,35
32,418,213,25,35
33,418,213,25,35
34,591,293,25,35
35,602,300,25,35
36,612,301,25,35
37,209,184,25,35
38,199,165,25,35
39,200,168,25,35
40,196,168,25,35
41,193,160,25,35
42,558,32,25,35
43,318,387,25,35
44,350,360,25,35
45,332,371,25,35
46,314,387,25,35
47,298,390,25,35
48,284,392,25,35
49,271,400,25,35
50,259,409,25,35
51,248,421,25,35
52,237,440,25,35
53,227,444,25,35
54,217,444,25,35
55,207,444,25,35
56,198,444,25,35
57,190,444,25,35
58,182,442,25,35
59,176,439,25,35
60,171,417,25,35
61,167,414,25,35
62,482,371,25,35
63,198,444,25,35
64,189,428,25,35
65,181,417,25,35
66,176,416,25,35
67,176,416,25,35
68,751,29,25,35
69,760,29,25,35
70,771,2,25,35
71,783,18,25,35
72,796,18,25,35
73,119,292,25,35
74,128,304,25,35
75,136,315,25,35
76,144,323,25,35
77,152,329,25,35
78,160,333,25,35
79,574,197,25,35
80,583,208,25,35
81,19,380,25,35
82,19,380,25,35
83,19,380,25,35
