13-ZoomingCamera 5
41,443,174,47,51
42,439,174,47,51
43,435,174,47,51
44,431,174,47,51
45,428,174,47,51
46,425,173,47,51
47,422,172,47,51
48,419,171,47,51
49,416,170,47,51
50,413,168,47,51
51,410,166,47,51
52,408,164,47,51
53,406,162,47,51
54,404,161,47,51
55,403,160,47,51
56,402,159,47,51
57,402,157,47,51
58,792,7,47,51
59,20,209,47,51
60,39,208,47,51
61,93,207,47,51
62,210,206,47,51
63,226,206,47,51
64,241,205,47,51
65,257,204,47,51
66,273,203,47,51
67,290,203,47,51
68,343,203,47,51
69,363,201,47,51
70,385,200,47,51
71,147,41,47,51
72,212,36,47,51
73,99,195,47,51
74,167,196,47,51
75,238,197,47,51
76,315,198,47,51
77,271,199,47,51
78,290,201,47,51
79,688,208,47,51
80,642,212,47,51
81,683,218,47,51
82,730,225,47,51
83,77,216,47,51
84,736,238,47,51
85,801,245,47,51
86,674,248,47,51
87,739,253,47,51
88,697,256,47,51
89,67,232,47,51
90,130,233,47,51
91,739,251,47,51
92,789,251,47,51
93,727,244,47,51
94,141,108,47,51
95,60,230,47,51
96,452,361,47,51
97,423,356,47,51
98,393,356,47,51
99,364,355,47,51
100,341,361,47,51
101,323,373,47,51
102,317,392,47,51
103,307,333,47,51
104,318,350,47,51
105,341,360,47,51
106,368,366,47,51
107,394,366,47,51
108,415,365,47,51
109,431,361,47,51
110,444,356,47,51
111,455,356,47,51
112,467,362,47,51
113,480,376,47,51
114,495,395,47,51
115,510,415,47,51
116,516,428,47,51
117,0,164,47,51
118,0,164,47,51
119,0,164,47,51
120,0,165,47,51
121,284,205,47,51
122,297,194,47,51
123,311,183,47,51
124,329,174,47,51
125,347,170,47,51
126,362,172,47,51
127,373,180,47,51
128,381,196,47,51
129,389,208,47,51
130,393,217,47,51
131,394,221,47,51
132,392,221,47,51
133,387,217,47,51
134,376,207,47,51
135,632,36,47,51
136,589,41,47,51
137,546,51,47,51
138,503,65,47,51
139,463,79,47,51
140,427,94,47,51
141,392,99,47,51
142,361,101,47,51
143,336,101,47,51
144,318,100,47,51
145,304,98,47,51
146,297,97,47,51
147,293,98,47,51
148,289,99,47,51
149,287,103,47,51
150,284,109,47,51
151,281,116,47,51
152,277,122,47,51
153,274,128,47,51
154,273,132,47,51
155,273,134,47,51
156,275,134,47,51
157,279,134,47,51
158,284,134,47,51
159,288,134,47,51
160,292,137,47,51
161,295,142,47,51
162,297,148,47,51
163,297,153,47,51
164,297,158,47,51
165,298,163,47,51
166,300,167,47,51
167,302,171,47,51
168,305,174,47,51
169,308,176,47,51
170,311,177,47,51
171,314,179,47,51
