13-ZoomingCamera 25
1,987,413,152,74
2,984,412,152,74
3,980,411,152,74
4,976,410,152,74
5,972,408,152,74
6,968,406,152,74
7,964,403,152,74
8,960,400,152,74
9,956,397,152,74
10,953,395,152,74
11,950,392,152,74
12,947,390,152,74
13,945,387,152,74
14,943,384,152,74
15,941,382,152,74
16,940,379,152,74
17,939,376,152,74
18,938,374,152,74
19,938,372,152,74
20,938,370,152,74
21,938,367,152,74
22,938,365,152,74
23,938,362,152,74
24,938,361,152,74
25,938,359,152,74
26,938,357,152,74
27,938,355,152,74
28,938,353,152,74
29,938,350,152,74
30,937,348,152,74
31,937,346,152,74
32,937,344,152,74
33,937,341,152,74
34,938,340,152,74
35,940,337,152,74
36,943,335,152,74
37,948,333,152,74
38,954,331,152,74
39,961,328,152,74
40,969,326,152,74
41,977,323,152,74
42,984,321,152,74
43,991,318,152,74
44,997,315,152,74
45,1002,312,152,74
46,1006,309,152,74
47,1010,306,152,74
48,1014,304,152,74
49,1019,301,152,74
50,1024,299,152,74
51,1030,295,152,74
52,1035,292,152,74
53,1041,288,152,74
54,1047,285,152,74
55,1054,281,152,74
56,1061,279,152,74
57,1067,276,152,74
58,1072,274,152,74
59,1076,271,152,74
60,1080,269,152,74
61,1085,265,152,74
62,1090,262,152,74
63,1096,259,152,74
64,1103,258,152,74
65,1112,257,152,74
66,1123,258,152,74
67,1135,259,152,74
68,1147,263,152,74
69,1161,265,152,74
70,1175,271,152,74
71,1191,274,152,74
72,1207,278,152,74
73,1224,278,152,74
74,1241,280,152,74
75,1261,277,152,74
76,1281,278,152,74
77,1303,277,152,74
78,1322,280,152,74
79,1340,280,152,74
80,1354,284,152,74
81,1369,284,152,74
82,1382,287,152,74
83,1397,288,152,74
84,1409,291,152,74
85,1422,292,152,74
86,1433,293,152,74
87,1446,291,152,74
88,1458,288,152,74
89,1470,282,152,74
90,1480,276,152,74
91,1490,269,152,74
92,1498,263,152,74
93,1505,256,152,74
94,1509,249,152,74
95,1511,240,152,74
96,1509,233,152,74
97,1507,225,152,74
98,1505,218,152,74
99,1504,209,152,74
100,1500,202,152,74
101,1497,194,152,74
102,1494,188,152,74
103,1491,182,152,74
104,1489,179,152,74
105,1491,176,152,74
106,1495,178,152,74
107,1501,183,152,74
108,1506,194,152,74
109,1511,207,152,74
110,1517,225,152,74
111,1522,244,152,74
112,1525,269,152,74
113,1522,295,152,74
114,1515,323,152,74
115,1505,349,152,74
116,1494,372,152,74
117,1483,389,152,74
118,1471,404,152,74
119,1458,413,152,74
120,1443,418,152,74
