13-ZoomingCamera 4
1,308,225,31,38
2,305,228,31,38
3,302,230,31,38
4,299,230,31,38
5,296,229,31,38
6,293,228,31,38
7,290,227,31,38
8,287,227,31,38
9,285,228,31,38
10,136,280,31,38
11,103,278,31,38
12,110,279,31,38
13,45,191,31,38
14,140,209,31,38
15,222,218,31,38
16,259,316,31,38
17,257,314,31,38
18,255,312,31,38
19,253,310,31,38
20,252,309,31,38
21,251,309,31,38
22,250,311,31,38
23,249,313,31,38
24,247,314,31,38
25,245,315,31,38
26,140,216,31,38
27,146,218,31,38
28,152,220,31,38
29,240,319,31,38
30,239,319,31,38
31,238,317,31,38
32,236,316,31,38
33,235,315,31,38
34,234,315,31,38
35,233,314,31,38
36,151,310,31,38
37,157,310,31,38
38,246,180,31,38
39,25,198,31,38
40,33,198,31,38
41,44,191,31,38
42,18,177,31,38
43,17,193,31,38
44,4,225,31,38
45,5,235,31,38
46,16,231,31,38
47,250,106,31,38
48,250,102,31,38
49,249,92,31,38
50,245,80,31,38
51,200,322,31,38
52,174,311,31,38
53,351,158,31,38
54,339,151,31,38
55,331,149,31,38
56,327,153,31,38
57,325,166,31,38
58,325,182,31,38
59,325,196,31,38
60,327,208,31,38
61,332,207,31,38
62,335,211,31,38
63,340,207,31,38
64,350,197,31,38
65,235,387,31,38
66,251,376,31,38
67,268,373,31,38
68,286,380,31,38
69,304,393,31,38
70,318,413,31,38
71,327,434,31,38
72,334,441,31,38
73,334,441,31,38
74,330,432,31,38
75,324,416,31,38
76,317,399,31,38
77,311,380,31,38
78,309,364,31,38
79,311,352,31,38
80,316,347,31,38
81,327,339,31,38
82,337,348,31,38
83,347,358,31,38
84,358,367,31,38
85,369,375,31,38
86,380,370,31,38
87,389,360,31,38
88,398,347,31,38
89,405,335,31,38
90,409,324,31,38
91,410,315,31,38
