13-ZoomingCamera 22
21,253,117,34,49
22,258,119,34,49
23,263,123,34,49
24,267,129,34,49
25,273,135,34,49
26,278,139,34,49
27,282,140,34,49
28,286,140,34,49
29,289,140,34,49
30,290,143,34,49
31,291,146,34,49
32,292,151,34,49
33,293,157,34,49
34,293,164,34,49
35,294,171,34,49
36,296,177,34,49
37,297,180,34,49
38,298,180,34,49
39,299,176,34,49
40,300,168,34,49
41,301,159,34,49
42,303,150,34,49
43,305,144,34,49
44,307,140,34,49
45,309,138,34,49
46,547,417,34,49
47,547,417,34,49
48,548,416,34,49
49,548,415,34,49
50,550,415,34,49
51,354,417,34,49
52,355,417,34,49
53,357,417,34,49
54,358,417,34,49
55,357,417,34,49
56,359,417,34,49
57,360,417,34,49
58,361,417,34,49
59,362,417,34,49
60,363,417,34,49
61,363,417,34,49
62,365,417,34,49
63,365,417,34,49
64,366,417,34,49
65,368,417,34,49
66,369,417,34,49
67,371,417,34,49
68,373,417,34,49
69,375,417,34,49
70,377,417,34,49
71,380,417,34,49
72,384,417,34,49
73,384,417,34,49
74,385,417,34,49
75,389,417,34,49
76,390,417,34,49
77,393,417,34,49
78,394,417,34,49
79,396,417,34,49
80,397,417,34,49
81,415,418,34,49
82,416,418,34,49
83,419,418,34,49
84,421,418,34,49
85,423,418,34,49
86,425,418,34,49
87,427,418,34,49
88,429,418,34,49
89,430,418,34,49
90,432,418,34,49
91,433,418,34,49
92,432,418,34,49
93,431,418,34,49
94,426,418,34,49
95,424,418,34,49
96,422,418,34,49
97,421,418,34,49
98,421,418,34,49
99,422,418,34,49
100,423,418,34,49
101,119,418,34,49
102,117,418,34,49
103,86,418,34,49
104,378,418,34,49
105,70,418,34,49
106,102,418,34,49
107,87,418,34,49
108,104,418,34,49
109,103,418,34,49
110,0,0,34,49
111,0,0,34,49
112,408,249,34,49
113,426,238,34,49
114,400,251,34,49
115,449,323,34,49
116,497,11,34,49
117,369,137,34,49
118,599,1,34,49
119,425,369,34,49
120,415,339,34,49
121,405,333,34,49
122,397,157,34,49
123,400,145,34,49
124,400,285,34,49
125,390,275,34,49
126,400,254,34,49
127,412,241,34,49
128,496,349,34,49
129,502,348,34,49
130,531,97,34,49
131,524,99,34,49
132,530,96,34,49
133,29,324,34,49
134,46,306,34,49
135,449,1,34,49
136,112,91,34,49
137,133,94,34,49
138,152,93,34,49
139,165,93,34,49
140,176,97,34,49
141,185,105,34,49
