13-ZoomingCamera 3
1,428,166,39,53
2,428,164,39,53
3,428,162,39,53
4,427,160,39,53
5,426,159,39,53
6,424,158,39,53
7,422,157,39,53
8,419,155,39,53
9,416,153,39,53
10,413,150,39,53
11,410,147,39,53
12,407,144,39,53
13,404,142,39,53
14,401,140,39,53
15,398,139,39,53
16,396,139,39,53
17,394,139,39,53
18,392,139,39,53
19,391,139,39,53
20,390,140,39,53
21,389,142,39,53
22,389,143,39,53
23,389,143,39,53
24,390,143,39,53
25,392,143,39,53
26,394,145,39,53
27,396,148,39,53
28,397,152,39,53
29,398,156,39,53
30,399,160,39,53
31,400,163,39,53
32,401,165,39,53
33,403,165,39,53
34,406,164,39,53
35,410,162,39,53
36,415,158,39,53
37,420,154,39,53
38,424,152,39,53
39,427,151,39,53
40,429,150,39,53
41,431,148,39,53
42,433,145,39,53
43,435,142,39,53
44,437,137,39,53
45,440,132,39,53
46,443,126,39,53
47,446,119,39,53
48,447,114,39,53
49,445,114,39,53
50,440,117,39,53
51,434,121,39,53
52,428,125,39,53
53,421,128,39,53
54,414,130,39,53
55,407,133,39,53
56,402,136,39,53
57,399,139,39,53
58,399,140,39,53
59,400,140,39,53
60,403,140,39,53
61,406,144,39,53
62,410,149,39,53
63,415,155,39,53
64,420,163,39,53
65,424,170,39,53
66,426,177,39,53
67,426,182,39,53
68,426,182,39,53
69,425,179,39,53
70,425,172,39,53
71,425,166,39,53
72,423,161,39,53
73,422,162,39,53
74,418,169,39,53
75,409,179,39,53
76,399,185,39,53
77,383,189,39,53
78,366,187,39,53
79,350,177,39,53
80,337,162,39,53
81,328,141,39,53
82,324,118,39,53
83,322,97,39,53
84,321,82,39,53
85,321,77,39,53
86,321,80,39,53
87,322,88,39,53
88,323,99,39,53
89,323,111,39,53
90,324,121,39,53
91,325,125,39,53
92,328,122,39,53
93,333,112,39,53
94,339,96,39,53
95,345,79,39,53
96,351,65,39,53
97,358,60,39,53
98,368,65,39,53
99,380,79,39,53
100,393,98,39,53
101,407,115,39,53
