13-ZoomingCamera 18
21,699,388,68,71
22,697,388,68,71
23,695,388,68,71
24,694,386,68,71
25,693,386,68,71
26,692,386,68,71
27,692,386,68,71
28,692,386,68,71
29,692,386,68,71
30,693,386,68,71
31,693,386,68,71
32,692,386,68,71
33,691,386,68,71
34,690,386,68,71
35,689,386,68,71
36,688,387,68,71
37,688,388,68,71
38,687,389,68,71
39,686,389,68,71
40,685,389,68,71
41,684,389,68,71
42,683,389,68,71
43,682,389,68,71
44,681,389,68,71
45,680,389,68,71
46,956,722,68,71
47,956,723,68,71
48,956,724,68,71
49,957,724,68,71
50,958,724,68,71
51,959,724,68,71
52,960,724,68,71
53,959,724,68,71
54,957,725,68,71
55,955,726,68,71
56,953,727,68,71
57,953,728,68,71
58,953,729,68,71
59,953,731,68,71
60,953,732,68,71
61,952,734,68,71
62,951,736,68,71
63,950,739,68,71
64,950,742,68,71
65,951,745,68,71
66,952,748,68,71
67,529,247,68,71
68,532,252,68,71
69,532,255,68,71
70,1385,237,68,71
71,1413,247,68,71
72,1441,259,68,71
73,1467,269,68,71
74,1493,271,68,71
75,1514,267,68,71
76,1532,259,68,71
77,1549,249,68,71
78,1563,245,68,71
79,1578,245,68,71
80,1592,249,68,71
81,1603,253,68,71
82,1613,254,68,71
83,1621,250,68,71
84,1627,246,68,71
85,1630,246,68,71
86,1633,250,68,71
87,1633,258,68,71
88,1630,266,68,71
89,1627,269,68,71
90,1619,265,68,71
91,1611,255,68,71
92,1601,245,68,71
93,1588,235,68,71
94,1573,229,68,71
95,1556,229,68,71
