14-LongDuration 7
1,1,738,148,329
2,11,733,148,329
3,21,728,148,329
4,31,724,148,329
5,41,722,148,329
6,51,721,148,329
7,61,720,148,329
8,72,719,148,329
9,83,716,148,329
10,94,712,148,329
11,105,708,148,329
12,115,704,148,329
13,124,700,148,329
14,133,695,148,329
15,142,690,148,329
16,151,686,148,329
17,160,683,148,329
18,169,681,148,329
19,178,681,148,329
20,187,680,148,329
21,197,678,148,329
22,207,675,148,329
23,217,672,148,329
24,227,668,148,329
25,236,664,148,329
26,245,659,148,329
27,253,654,148,329
28,262,649,148,329
29,271,645,148,329
30,279,642,148,329
31,287,640,148,329
32,295,638,148,329
33,304,637,148,329
34,313,635,148,329
35,323,632,148,329
36,333,628,148,329
37,342,624,148,329
38,351,620,148,329
39,359,616,148,329
40,366,612,148,329
41,373,608,148,329
42,380,605,148,329
43,387,602,148,329
44,395,600,148,329
45,403,599,148,329
46,411,597,148,329
47,419,595,148,329
48,427,593,148,329
49,436,590,148,329
50,444,587,148,329
51,452,583,148,329
52,460,578,148,329
53,467,573,148,329
54,474,569,148,329
55,481,565,148,329
56,488,562,148,329
57,495,560,148,329
58,502,559,148,329
59,510,559,148,329
60,518,558,148,329
61,527,557,148,329
62,536,555,148,329
63,545,552,148,329
64,553,549,148,329
65,560,545,148,329
66,566,541,148,329
67,572,537,148,329
68,578,534,148,329
69,584,532,148,329
70,591,530,148,329
71,598,529,148,329
72,605,528,148,329
73,612,527,148,329
74,619,526,148,329
75,627,524,148,329
76,635,522,148,329
77,642,519,148,329
78,649,516,148,329
79,655,512,148,329
80,661,508,148,329
81,667,505,148,329
82,673,502,148,329
83,679,501,148,329
84,685,500,148,329
85,691,500,148,329
86,698,500,148,329
87,706,499,148,329
88,714,497,148,329
89,721,495,148,329
90,728,492,148,329
91,734,489,148,329
92,739,486,148,329
93,744,483,148,329
94,749,480,148,329
95,753,478,148,329
96,757,477,148,329
97,762,476,148,329
98,767,476,148,329
99,772,475,148,329
100,778,474,148,329
101,784,473,148,329
102,790,471,148,329
103,796,469,148,329
104,802,467,148,329
105,807,464,148,329
106,812,461,148,329
107,817,458,148,329
108,822,455,148,329
109,827,453,148,329
110,832,452,148,329
111,836,452,148,329
112,841,452,148,329
113,847,452,148,329
114,853,451,148,329
115,859,449,148,329
116,866,447,148,329
117,872,445,148,329
118,878,443,148,329
119,883,441,148,329
120,888,439,148,329
121,892,437,148,329
122,896,435,148,329
123,900,433,148,329
124,904,432,148,329
125,907,432,148,329
126,911,432,148,329
127,915,432,148,329
128,919,432,148,329
129,923,431,148,329
130,928,430,148,329
131,932,429,148,329
132,936,428,148,329
133,940,426,148,329
134,944,424,148,329
135,947,422,148,329
136,951,420,148,329
137,954,418,148,329
138,957,416,148,329
139,960,415,148,329
140,963,414,148,329
141,966,414,148,329
142,969,414,148,329
143,973,414,148,329
144,977,412,148,329
145,981,411,148,329
146,986,408,148,329
147,990,407,148,329
148,994,406,148,329
149,997,405,148,329
150,1000,404,148,329
151,1003,403,148,329
152,1006,402,148,329
153,1008,401,148,329
154,1010,400,148,329
155,1012,399,148,329
156,1014,399,148,329
157,1016,399,148,329
158,1018,399,148,329
159,1020,399,148,329
160,1022,398,148,329
161,1024,397,148,329
162,1026,395,148,329
163,1028,393,148,329
164,1030,392,148,329
165,1032,391,148,329
166,1034,390,148,329
167,1036,389,148,329
168,1038,387,148,329
169,1039,387,148,329
170,1040,386,148,329
171,1041,385,148,329
172,1042,384,148,329
173,1043,383,148,329
174,1044,382,148,329
175,1045,382,148,329
176,1046,382,148,329
177,1047,382,148,329
178,1049,382,148,329
179,1051,381,148,329
180,1053,380,148,329
181,1055,379,148,329
182,1057,378,148,329
183,1059,377,148,329
184,1061,377,148,329
185,1062,376,148,329
186,1063,375,148,329
187,1064,374,148,329
188,1065,374,148,329
189,1066,374,148,329
190,1067,374,148,329
191,1067,374,148,329
192,1067,374,148,329
193,1067,373,148,329
194,1067,373,148,329
195,1067,373,148,329
196,1067,373,148,329
197,1067,373,148,329
198,1067,373,148,329
199,1067,373,148,329
200,1067,373,148,329
201,1067,373,148,329
202,1067,373,148,329
203,1067,373,148,329
204,1067,373,148,329
205,1067,373,148,329
206,1067,373,148,329
207,1067,373,148,329
208,1067,373,148,329
209,1067,373,148,329
210,1067,373,148,329
211,1067,373,148,329
212,1066,373,148,329
213,1065,373,148,329
214,1063,374,148,329
215,1061,374,148,329
216,1059,374,148,329
217,1057,374,148,329
218,1055,374,148,329
219,1053,374,148,329
220,1051,374,148,329
221,1049,374,148,329
222,1047,374,148,329
223,1044,374,148,329
224,1041,374,148,329
225,1037,375,148,329
226,1033,376,148,329
227,1028,379,148,329
228,1024,381,148,329
229,1020,383,148,329
230,1016,385,148,329
231,1013,387,148,329
232,1010,388,148,329
233,1006,389,148,329
234,1003,389,148,329
235,1000,389,148,329
236,997,389,148,329
237,994,389,148,329
238,991,389,148,329
239,987,389,148,329
240,983,389,148,329
241,978,391,148,329
242,973,392,148,329
243,968,394,148,329
244,963,396,148,329
245,958,398,148,329
246,954,399,148,329
247,950,400,148,329
248,946,400,148,329
249,942,400,148,329
250,939,400,148,329
251,936,400,148,329
252,933,400,148,329
253,930,400,148,329
254,926,400,148,329
255,921,400,148,329
256,916,401,148,329
257,911,402,148,329
258,906,403,148,329
259,901,404,148,329
260,897,405,148,329
261,893,406,148,329
262,889,406,148,329
263,884,406,148,329
264,880,406,148,329
265,876,406,148,329
266,872,406,148,329
267,868,406,148,329
268,864,406,148,329
269,860,407,148,329
270,856,408,148,329
271,852,409,148,329
272,848,411,148,329
273,844,413,148,329
274,840,415,148,329
275,836,417,148,329
276,832,418,148,329
277,828,419,148,329
278,824,420,148,329
279,820,421,148,329
280,816,422,148,329
281,812,423,148,329
282,808,424,148,329
283,805,425,148,329
284,802,426,148,329
285,798,427,148,329
286,794,429,148,329
287,789,431,148,329
288,784,433,148,329
289,779,435,148,329
290,775,437,148,329
291,771,439,148,329
292,766,440,148,329
293,761,441,148,329
294,756,442,148,329
295,752,443,148,329
296,748,444,148,329
297,744,444,148,329
298,740,445,148,329
299,735,446,148,329
300,730,447,148,329
301,725,449,148,329
302,720,451,148,329
303,715,453,148,329
304,710,455,148,329
305,705,457,148,329
306,700,459,148,329
307,695,460,148,329
308,690,461,148,329
309,685,462,148,329
310,680,463,148,329
311,675,464,148,329
312,670,465,148,329
313,665,466,148,329
314,660,467,148,329
315,655,468,148,329
316,650,469,148,329
317,645,471,148,329
318,640,472,148,329
319,634,474,148,329
320,629,475,148,329
321,623,476,148,329
322,617,476,148,329
323,611,477,148,329
324,605,478,148,329
325,600,479,148,329
326,595,480,148,329
327,590,481,148,329
328,585,482,148,329
329,580,483,148,329
330,575,484,148,329
331,570,485,148,329
332,565,486,148,329
333,559,488,148,329
334,553,490,148,329
335,547,491,148,329
336,541,492,148,329
337,535,493,148,329
338,530,494,148,329
339,525,495,148,329
340,520,496,148,329
341,515,497,148,329
342,510,498,148,329
343,505,499,148,329
344,500,500,148,329
345,495,501,148,329
346,490,502,148,329
347,484,503,148,329
348,479,504,148,329
349,473,505,148,329
350,467,505,148,329
351,461,506,148,329
352,455,506,148,329
353,449,507,148,329
354,443,507,148,329
355,437,507,148,329
356,431,508,148,329
357,425,509,148,329
358,419,510,148,329
359,413,511,148,329
360,408,512,148,329
361,403,513,148,329
362,398,514,148,329
363,392,515,148,329
364,386,516,148,329
365,380,517,148,329
366,374,518,148,329
367,368,519,148,329
368,362,520,148,329
369,357,521,148,329
370,352,522,148,329
371,347,523,148,329
372,342,524,148,329
373,337,525,148,329
374,331,527,148,329
375,325,528,148,329
376,319,530,148,329
377,313,531,148,329
378,307,532,148,329
379,301,533,148,329
380,295,534,148,329
381,289,534,148,329
382,283,535,148,329
383,277,536,148,329
384,271,537,148,329
385,266,538,148,329
386,261,539,148,329
387,255,541,148,329
388,249,543,148,329
389,244,544,148,329
390,239,545,148,329
391,233,546,148,329
392,227,547,148,329
393,221,548,148,329
394,215,549,148,329
395,209,549,148,329
396,203,549,148,329
397,197,550,148,329
398,192,551,148,329
399,187,552,148,329
400,182,553,148,329
401,176,554,148,329
402,170,555,148,329
403,164,557,148,329
404,158,558,148,329
405,151,560,148,329
406,144,560,148,329
407,137,561,148,329
408,130,561,148,329
409,123,562,148,329
410,117,562,148,329
411,111,562,148,329
412,105,562,148,329
413,99,562,148,329
414,93,562,148,329
415,87,563,148,329
416,81,564,148,329
417,75,565,148,329
418,70,566,148,329
419,64,567,148,329
420,58,568,148,329
421,52,568,148,329
422,46,569,148,329
423,40,570,148,329
424,35,570,148,329
425,29,570,148,329
426,24,570,148,329
427,18,571,148,329
428,13,571,148,329
429,8,572,148,329
430,3,572,148,329
431,0,573,148,329
432,0,575,148,329
433,0,577,148,329
434,0,578,148,329
435,0,580,148,329
436,0,583,148,329
437,0,586,148,329
438,0,589,148,329
439,0,591,148,329
440,0,594,148,329
441,0,596,148,329
442,0,599,148,329
443,0,600,148,329
444,0,602,148,329
445,0,605,148,329
446,0,609,148,329
447,0,611,148,329
448,0,617,148,329
449,0,618,148,329
450,0,618,148,329
451,0,619,148,329
452,0,619,148,329
453,0,618,148,329
454,0,618,148,329
455,0,617,148,329
456,0,617,148,329
457,0,617,148,329
458,0,616,148,329
459,0,616,148,329
460,0,616,148,329
461,0,616,148,329
462,0,616,148,329
463,0,616,148,329
464,0,616,148,329
465,0,616,148,329
466,0,616,148,329
467,1,616,148,329
468,2,616,148,329
469,3,616,148,329
470,4,616,148,329
471,5,616,148,329
472,6,616,148,329
473,7,616,148,329
474,7,616,148,329
475,7,616,148,329
476,7,616,148,329
477,7,616,148,329
478,7,616,148,329
479,7,616,148,329
480,7,616,148,329
481,7,616,148,329
482,7,616,148,329
483,7,616,148,329
484,7,616,148,329
485,7,616,148,329
486,7,616,148,329
487,7,616,148,329
488,7,616,148,329
489,7,616,148,329
490,7,616,148,329
491,7,616,148,329
492,7,616,148,329
493,7,616,148,329
494,7,616,148,329
495,7,616,148,329
496,7,616,148,329
497,7,616,148,329
498,7,616,148,329
499,7,616,148,329
500,7,616,148,329
501,7,616,148,329
502,7,616,148,329
503,7,616,148,329
504,7,616,148,329
505,7,616,148,329
506,7,616,148,329
507,7,616,148,329
508,7,616,148,329
509,7,615,148,329
510,7,615,148,329
511,7,615,148,329
512,7,615,148,329
513,7,615,148,329
514,7,615,148,329
515,7,615,148,329
516,7,615,148,329
517,7,615,148,329
518,7,615,148,329
519,7,615,148,329
520,8,615,148,329
521,9,615,148,329
522,11,615,148,329
523,13,615,148,329
524,15,615,148,329
525,16,615,148,329
526,17,615,148,329
527,18,615,148,329
528,25,610,148,329
529,32,605,148,329
530,38,600,148,329
531,44,597,148,329
532,47,596,148,329
533,47,596,148,329
534,47,596,148,329
535,47,596,148,329
536,46,596,148,329
537,45,596,148,329
538,44,596,148,329
539,44,596,148,329
540,39,600,148,329
541,34,604,148,329
542,28,608,148,329
543,22,612,148,329
544,17,615,148,329
545,11,618,148,329
546,6,620,148,329
547,1,622,148,329
548,0,622,148,329
549,0,622,148,329
550,0,623,148,329
551,0,623,148,329
552,0,623,148,329
553,0,623,148,329
554,0,624,148,329
555,0,625,148,329
556,0,625,148,329
557,0,625,148,329
558,0,625,148,329
559,0,625,148,329
560,0,625,148,329
561,0,625,148,329
562,0,626,148,329
563,0,627,148,329
564,0,627,148,329
565,0,628,148,329
566,0,629,148,329
567,0,629,148,329
568,0,630,148,329
569,0,631,148,329
570,0,631,148,329
571,0,631,148,329
572,0,631,148,329
573,0,631,148,329
574,0,631,148,329
575,0,631,148,329
576,0,631,148,329
577,0,631,148,329
578,0,631,148,329
579,14,622,148,329
580,24,616,148,329
581,26,616,148,329
582,29,616,148,329
583,31,616,148,329
584,42,609,148,329
585,56,600,148,329
586,71,590,148,329
587,86,581,148,329
588,100,574,148,329
589,112,568,148,329
590,124,561,148,329
591,139,551,148,329
592,155,540,148,329
593,171,529,148,329
594,185,520,148,329
595,198,513,148,329
596,209,510,148,329
597,218,507,148,329
598,226,502,148,329
599,235,495,148,329
600,244,488,148,329
601,255,480,148,329
602,267,472,148,329
603,278,466,148,329
604,288,462,148,329
605,299,457,148,329
606,310,451,148,329
607,321,443,148,329
608,332,435,148,329
609,342,427,148,329
610,352,420,148,329
611,361,416,148,329
612,369,414,148,329
613,375,411,148,329
614,380,408,148,329
615,386,403,148,329
616,393,397,148,329
617,402,390,148,329
618,411,384,148,329
619,420,380,148,329
620,429,376,148,329
621,437,372,148,329
622,443,368,148,329
623,451,363,148,329
624,459,357,148,329
625,467,351,148,329
626,475,347,148,329
627,481,346,148,329
628,486,345,148,329
629,490,343,148,329
630,495,340,148,329
631,502,335,148,329
632,508,331,148,329
633,515,326,148,329
634,522,323,148,329
635,527,322,148,329
636,530,321,148,329
637,532,320,148,329
638,535,318,148,329
639,537,317,148,329
640,538,316,148,329
641,539,316,148,329
642,539,316,148,329
643,539,316,148,329
644,539,316,148,329
645,539,316,148,329
646,540,316,148,329
647,541,316,148,329
648,542,316,148,329
649,543,316,148,329
650,544,316,148,329
651,545,316,148,329
652,545,316,148,329
653,545,316,148,329
654,545,316,148,329
655,545,316,148,329
656,545,316,148,329
657,545,316,148,329
658,545,316,148,329
659,545,316,148,329
660,545,316,148,329
661,545,316,148,329
662,545,316,148,329
663,545,316,148,329
664,545,316,148,329
665,545,316,148,329
666,545,316,148,329
667,545,316,148,329
668,545,316,148,329
669,545,316,148,329
670,545,316,148,329
671,545,316,148,329
672,545,316,148,329
673,544,316,148,329
674,543,316,148,329
675,542,316,148,329
676,541,316,148,329
677,540,316,148,329
678,539,316,148,329
679,537,316,148,329
680,535,316,148,329
681,533,316,148,329
682,530,317,148,329
683,527,318,148,329
684,524,319,148,329
685,521,320,148,329
686,517,322,148,329
687,513,325,148,329
688,509,327,148,329
689,505,329,148,329
690,501,331,148,329
691,497,332,148,329
692,493,333,148,329
693,490,334,148,329
694,486,336,148,329
695,483,338,148,329
696,479,341,148,329
697,475,344,148,329
698,471,347,148,329
699,467,349,148,329
700,463,351,148,329
701,459,353,148,329
702,455,355,148,329
703,451,358,148,329
704,447,360,148,329
705,443,362,148,329
706,439,365,148,329
707,435,368,148,329
708,430,371,148,329
709,425,374,148,329
710,420,377,148,329
711,415,379,148,329
712,410,381,148,329
713,405,382,148,329
714,401,383,148,329
715,397,385,148,329
716,392,388,148,329
717,387,391,148,329
718,382,394,148,329
719,377,397,148,329
720,372,400,148,329
721,367,403,148,329
722,362,405,148,329
723,357,407,148,329
724,352,409,148,329
725,347,411,148,329
726,342,413,148,329
727,337,416,148,329
728,332,419,148,329
729,327,423,148,329
730,322,426,148,329
731,316,429,148,329
732,310,432,148,329
733,304,434,148,329
734,299,436,148,329
735,294,437,148,329
736,289,439,148,329
737,284,441,148,329
738,279,444,148,329
739,274,447,148,329
740,269,450,148,329
741,263,454,148,329
742,258,457,148,329
743,253,459,148,329
744,248,461,148,329
745,242,463,148,329
746,236,465,148,329
747,230,467,148,329
748,224,470,148,329
749,218,473,148,329
750,212,476,148,329
751,206,479,148,329
752,199,483,148,329
753,192,486,148,329
754,185,489,148,329
755,179,491,148,329
756,173,492,148,329
757,168,494,148,329
758,163,496,148,329
759,157,499,148,329
760,151,503,148,329
761,145,507,148,329
762,139,511,148,329
763,133,515,148,329
764,127,518,148,329
765,121,521,148,329
766,115,523,148,329
767,109,525,148,329
768,102,527,148,329
769,95,530,148,329
770,88,534,148,329
771,81,538,148,329
772,74,542,148,329
773,67,546,148,329
774,59,550,148,329
775,51,554,148,329
776,44,557,148,329
777,37,559,148,329
778,30,561,148,329
779,23,563,148,329
780,16,566,148,329
781,8,570,148,329
782,0,575,148,329
783,0,576,148,329
784,0,577,148,329
785,0,578,148,329
786,0,579,148,329
787,0,580,148,329
788,0,580,148,329
789,0,580,148,329
790,0,581,148,329
791,0,582,148,329
792,0,583,148,329
793,0,583,148,329
794,0,583,148,329
795,0,583,148,329
796,0,583,148,329
797,0,584,148,329
798,0,584,148,329
799,0,584,148,329
800,0,584,148,329
801,0,584,148,329
802,0,584,148,329
803,0,584,148,329
804,0,584,148,329
805,0,584,148,329
806,0,584,148,329
807,0,584,148,329
808,0,584,148,329
809,0,584,148,329
810,0,584,148,329
811,0,584,148,329
812,0,584,148,329
813,0,584,148,329
814,0,584,148,329
815,0,584,148,329
816,0,584,148,329
817,0,584,148,329
818,0,584,148,329
819,0,584,148,329
820,0,584,148,329
821,0,584,148,329
822,0,584,148,329
823,0,584,148,329
824,0,584,148,329
825,0,584,148,329
826,0,584,148,329
827,0,584,148,329
828,0,584,148,329
829,0,584,148,329
830,0,584,148,329
831,0,584,148,329
832,0,584,148,329
833,0,584,148,329
834,0,584,148,329
835,0,584,148,329
836,0,584,148,329
837,0,584,148,329
838,0,584,148,329
839,2,584,148,329
840,8,585,148,329
841,15,585,148,329
842,22,585,148,329
843,30,586,148,329
844,38,586,148,329
845,45,587,148,329
846,52,587,148,329
847,61,584,148,329
848,70,580,148,329
849,74,580,148,329
850,82,577,148,329
851,90,574,148,329
852,98,571,148,329
853,105,569,148,329
854,111,568,148,329
855,118,567,148,329
856,124,567,148,329
857,131,566,148,329
858,139,564,148,329
859,147,560,148,329
860,155,555,148,329
861,163,550,148,329
862,171,545,148,329
863,179,541,148,329
864,187,538,148,329
865,195,536,148,329
866,203,534,148,329
867,211,532,148,329
868,220,530,148,329
869,228,529,148,329
870,236,527,148,329
871,244,525,148,329
872,251,523,148,329
873,259,520,148,329
874,267,517,148,329
875,275,514,148,329
876,283,510,148,329
877,290,507,148,329
878,297,505,148,329
879,304,503,148,329
880,311,502,148,329
881,318,501,148,329
882,325,499,148,329
883,332,497,148,329
884,339,494,148,329
885,346,490,148,329
886,353,486,148,329
887,361,482,148,329
888,369,478,148,329
889,377,475,148,329
890,385,473,148,329
891,393,471,148,329
892,401,469,148,329
893,409,468,148,329
894,417,467,148,329
895,424,466,148,329
896,431,465,148,329
897,438,463,148,329
898,445,461,148,329
899,452,458,148,329
900,459,455,148,329
901,466,452,148,329
902,472,450,148,329
903,479,448,148,329
904,485,447,148,329
905,492,446,148,329
906,499,445,148,329
907,505,444,148,329
908,511,442,148,329
909,517,439,148,329
910,523,435,148,329
911,530,431,148,329
912,537,428,148,329
913,544,425,148,329
914,551,423,148,329
915,558,421,148,329
916,565,420,148,329
917,572,419,148,329
918,579,418,148,329
919,586,417,148,329
920,593,416,148,329
921,600,415,148,329
922,607,413,148,329
923,614,411,148,329
924,621,408,148,329
925,628,405,148,329
926,634,402,148,329
927,640,400,148,329
928,646,398,148,329
929,652,397,148,329
930,658,396,148,329
931,664,395,148,329
932,670,393,148,329
933,676,390,148,329
934,682,386,148,329
935,688,382,148,329
936,694,378,148,329
937,700,375,148,329
938,707,372,148,329
939,714,370,148,329
940,721,368,148,329
941,727,367,148,329
942,733,366,148,329
943,739,365,148,329
944,745,364,148,329
945,751,363,148,329
946,757,361,148,329
947,763,359,148,329
948,769,357,148,329
949,775,354,148,329
950,781,351,148,329
951,787,349,148,329
952,793,347,148,329
953,799,346,148,329
954,805,345,148,329
955,811,344,148,329
956,816,343,148,329
957,822,341,148,329
958,828,338,148,329
959,834,334,148,329
960,840,330,148,329
961,846,327,148,329
962,852,324,148,329
963,858,322,148,329
964,864,320,148,329
965,870,319,148,329
966,876,318,148,329
967,882,317,148,329
968,888,316,148,329
969,894,315,148,329
970,900,314,148,329
971,906,312,148,329
972,912,310,148,329
973,918,308,148,329
974,923,306,148,329
975,928,304,148,329
976,932,303,148,329
977,934,303,148,329
978,937,303,148,329
979,939,303,148,329
980,941,303,148,329
981,943,303,148,329
982,946,302,148,329
983,948,301,148,329
984,949,300,148,329
985,950,299,148,329
986,950,299,148,329
987,950,299,148,329
988,950,299,148,329
989,950,299,148,329
990,950,299,148,329
991,950,299,148,329
992,950,299,148,329
993,950,299,148,329
994,950,299,148,329
995,950,299,148,329
996,950,299,148,329
997,950,299,148,329
998,950,299,148,329
999,950,299,148,329
1000,949,300,148,329
1001,948,301,148,329
1002,947,303,148,329
1003,946,305,148,329
1004,946,306,148,329
1005,946,307,148,329
1006,946,307,148,329
1007,945,308,148,329
1008,944,308,148,329
1009,943,309,148,329
1010,942,310,148,329
1011,941,311,148,329
1012,940,312,148,329
1013,939,314,148,329
1014,937,316,148,329
1015,935,318,148,329
1016,933,320,148,329
1017,931,322,148,329
1018,929,323,148,329
1019,927,324,148,329
1020,926,324,148,329
1021,925,324,148,329
1022,924,324,148,329
1023,923,324,148,329
1024,922,325,148,329
1025,921,326,148,329
1026,920,328,148,329
1027,919,330,148,329
1028,918,332,148,329
1029,918,334,148,329
1030,918,337,148,329
1031,918,339,148,329
1032,918,340,148,329
1033,918,341,148,329
1034,918,342,148,329
1035,918,342,148,329
1036,918,343,148,329
1037,918,344,148,329
1038,917,345,148,329
1039,916,347,148,329
1040,915,350,148,329
1041,914,353,148,329
1042,913,357,148,329
1043,912,361,148,329
1044,911,364,148,329
1045,910,365,148,329
1046,909,366,148,329
1047,908,367,148,329
1048,907,367,148,329
1049,906,367,148,329
1050,905,368,148,329
1051,904,369,148,329
1052,903,371,148,329
1053,902,373,148,329
1054,902,374,148,329
1055,902,376,148,329
1056,907,376,148,329
1057,912,377,148,329
1058,917,378,148,329
1059,922,379,148,329
1060,922,380,148,329
1061,922,380,148,329
1062,922,380,148,329
1063,922,380,148,329
1064,921,381,148,329
1065,920,383,148,329
1066,919,385,148,329
1067,918,388,148,329
1068,917,391,148,329
1069,916,394,148,329
1070,915,396,148,329
1071,920,397,148,329
1072,925,397,148,329
1073,930,396,148,329
1074,935,395,148,329
1075,940,394,148,329
1076,945,393,148,329
1077,946,393,148,329
1078,950,393,148,329
1079,951,394,148,329
1080,952,396,148,329
1081,952,398,148,329
1082,952,400,148,329
1083,952,402,148,329
1084,952,404,148,329
1085,952,405,148,329
1086,952,406,148,329
1087,952,408,148,329
1088,952,410,148,329
1089,952,412,148,329
1090,952,414,148,329
1091,952,416,148,329
1092,951,418,148,329
1093,950,420,148,329
1094,949,422,148,329
1095,948,424,148,329
1096,947,427,148,329
1097,946,430,148,329
1098,945,432,148,329
1099,944,434,148,329
1100,943,436,148,329
1101,942,438,148,329
1102,942,440,148,329
1103,942,442,148,329
1104,942,444,148,329
1105,942,446,148,329
1106,942,449,148,329
1107,942,452,148,329
1108,942,455,148,329
1109,942,458,148,329
1110,942,461,148,329
1111,942,464,148,329
1112,942,466,148,329
1113,942,468,148,329
1114,942,469,148,329
1115,942,470,148,329
1116,942,471,148,329
1117,942,472,148,329
1118,942,474,148,329
1119,941,476,148,329
1120,940,479,148,329
1121,939,481,148,329
1122,938,484,148,329
1123,937,486,148,329
1124,936,489,148,329
1125,935,491,148,329
1126,934,493,148,329
1127,933,495,148,329
1128,932,497,148,329
1129,931,499,148,329
1130,930,501,148,329
1131,929,503,148,329
1132,928,506,148,329
1133,927,509,148,329
1134,926,512,148,329
1135,925,515,148,329
1136,924,518,148,329
1137,923,522,148,329
1138,923,525,148,329
1139,923,527,148,329
1140,923,529,148,329
1141,923,530,148,329
1142,922,532,148,329
1143,921,534,148,329
1144,920,536,148,329
1145,919,539,148,329
1146,918,542,148,329
1147,917,545,148,329
1148,916,548,148,329
1149,915,551,148,329
1150,914,554,148,329
1151,913,557,148,329
1152,912,560,148,329
1153,911,563,148,329
1154,910,565,148,329
1155,909,568,148,329
1156,908,570,148,329
1157,907,572,148,329
1158,906,575,148,329
1159,905,578,148,329
1160,904,582,148,329
1161,903,585,148,329
1162,902,588,148,329
1163,901,591,148,329
1164,900,595,148,329
1165,899,598,148,329
1166,898,602,148,329
1167,897,605,148,329
1168,896,608,148,329
1169,895,611,148,329
1170,894,614,148,329
1171,893,616,148,329
1172,892,619,148,329
1173,891,622,148,329
1174,890,625,148,329
1175,889,628,148,329
1176,887,632,148,329
1177,885,636,148,329
1178,883,640,148,329
1179,881,644,148,329
1180,879,647,148,329
1181,877,650,148,329
1182,875,653,148,329
1183,873,656,148,329
1184,871,659,148,329
1185,869,662,148,329
1186,867,665,148,329
1187,865,668,148,329
1188,863,671,148,329
1189,861,675,148,329
1190,859,679,148,329
1191,857,683,148,329
1192,855,687,148,329
1193,853,691,148,329
1194,851,695,148,329
1195,849,699,148,329
1196,847,703,148,329
1197,845,706,148,329
1198,843,710,148,329
1199,841,713,148,329
1200,839,716,148,329
1201,837,719,148,329
1202,835,722,148,329
1203,832,725,148,329
1204,829,729,148,329
1205,826,733,148,329
1206,823,737,148,329
1207,820,741,148,329
1208,817,745,148,329
1209,814,749,148,329
1210,811,750,148,329
1211,808,750,148,329
1212,805,750,148,329
1213,802,750,148,329
1214,799,750,148,329
1215,796,750,148,329
1216,794,750,148,329
1217,792,750,148,329
1218,790,750,148,329
1219,788,750,148,329
1220,786,750,148,329
1221,784,750,148,329
1222,782,750,148,329
1223,780,750,148,329
1224,778,750,148,329
1225,776,750,148,329
1226,774,750,148,329
1227,772,750,148,329
1228,770,750,148,329
1229,768,750,148,329
1230,766,750,148,329
1231,764,750,148,329
1232,762,750,148,329
1233,759,750,148,329
1234,756,750,148,329
1235,753,750,148,329
1236,751,750,148,329
1237,750,750,148,329
1238,749,750,148,329
1239,748,750,148,329
1240,747,750,148,329
1241,746,750,148,329
1242,746,750,148,329
1243,746,750,148,329
1244,746,750,148,329
1245,746,750,148,329
1246,746,750,148,329
1247,746,750,148,329
1248,746,750,148,329
1249,746,750,148,329
1250,746,750,148,329
1251,746,750,148,329
1252,746,750,148,329
1253,746,750,148,329
1254,746,750,148,329
1255,746,750,148,329
1256,746,750,148,329
1257,746,750,148,329
1258,746,750,148,329
1259,746,750,148,329
1260,746,750,148,329
1261,746,750,148,329
1262,746,750,148,329
1263,746,750,148,329
1264,746,750,148,329
1265,746,750,148,329
1266,746,750,148,329
1267,746,750,148,329
1268,746,750,148,329
1269,746,750,148,329
1270,746,750,148,329
1271,746,750,148,329
1272,746,750,148,329
1273,746,750,148,329
1274,746,750,148,329
1275,746,750,148,329
1276,746,750,148,329
1277,746,750,148,329
1278,746,750,148,329
1279,746,750,148,329
1280,746,750,148,329
1281,746,750,148,329
1282,746,750,148,329
1283,746,750,148,329
1284,746,750,148,329
1285,746,750,148,329
1286,746,750,148,329
1287,746,750,148,329
1288,746,750,148,329
1289,746,750,148,329
1290,746,750,148,329
1291,746,750,148,329
1292,746,750,148,329
1293,746,750,148,329
1294,746,750,148,329
1295,746,750,148,329
1296,746,750,148,329
1297,746,750,148,329
1298,746,750,148,329
1299,746,750,148,329
1300,746,750,148,329
1301,746,750,148,329
1302,746,750,148,329
1303,746,750,148,329
1304,746,750,148,329
1305,746,750,148,329
1306,746,750,148,329
1307,746,750,148,329
1308,746,750,148,329
1309,746,750,148,329
1310,746,750,148,329
1311,746,750,148,329
1312,746,750,148,329
1313,746,750,148,329
1314,746,750,148,329
1315,746,750,148,329
1316,746,750,148,329
1317,746,750,148,329
1318,746,750,148,329
1319,746,750,148,329
1320,746,750,148,329
1321,746,750,148,329
1322,746,750,148,329
1323,746,750,148,329
1324,746,750,148,329
1325,746,750,148,329
1326,746,750,148,329
1327,746,750,148,329
1328,746,750,148,329
1329,746,750,148,329
1330,746,750,148,329
1331,746,750,148,329
1332,746,750,148,329
1333,746,750,148,329
1334,746,750,148,329
1335,746,750,148,329
1336,746,750,148,329
1337,746,750,148,329
1338,746,750,148,329
1339,746,750,148,329
1340,746,750,148,329
1341,746,750,148,329
1342,746,750,148,329
1343,746,750,148,329
1344,746,750,148,329
1345,746,750,148,329
1346,746,750,148,329
1347,746,750,148,329
1348,746,750,148,329
1349,746,750,148,329
1350,746,750,148,329
1351,746,750,148,329
1352,746,750,148,329
1353,746,750,148,329
1354,746,750,148,329
1355,746,750,148,329
1356,746,750,148,329
1357,746,750,148,329
1358,746,750,148,329
1359,746,750,148,329
1360,746,750,148,329
1361,746,750,148,329
1362,746,750,148,329
1363,746,750,148,329
1364,746,750,148,329
1365,746,750,148,329
1366,746,750,148,329
1367,746,750,148,329
1368,746,750,148,329
1369,746,750,148,329
1370,746,750,148,329
1371,746,750,148,329
1372,746,750,148,329
1373,746,750,148,329
1374,746,750,148,329
1375,746,750,148,329
1376,746,750,148,329
1377,746,750,148,329
1378,746,750,148,329
1379,746,750,148,329
1380,746,750,148,329
1381,746,750,148,329
1382,746,750,148,329
1383,746,750,148,329
1384,746,750,148,329
1385,746,750,148,329
1386,746,750,148,329
1387,746,750,148,329
1388,746,750,148,329
1389,746,750,148,329
1390,746,750,148,329
1391,746,750,148,329
1392,746,750,148,329
1393,746,750,148,329
1394,746,750,148,329
1395,746,750,148,329
1396,746,750,148,329
1397,746,750,148,329
1398,746,750,148,329
1399,746,750,148,329
1400,746,750,148,329
1401,746,750,148,329
1402,746,750,148,329
1403,746,750,148,329
1404,746,750,148,329
1405,746,750,148,329
1406,746,750,148,329
1407,746,750,148,329
1408,746,750,148,329
1409,746,750,148,329
1410,746,750,148,329
1411,746,750,148,329
1412,746,750,148,329
1413,746,750,148,329
1414,746,750,148,329
1415,746,750,148,329
1416,746,750,148,329
1417,746,750,148,329
1418,746,750,148,329
1419,746,750,148,329
1420,746,750,148,329
1421,746,750,148,329
1422,746,750,148,329
1423,746,750,148,329
1424,746,750,148,329
1425,746,750,148,329
1426,746,750,148,329
1427,746,750,148,329
1428,746,750,148,329
1429,746,750,148,329
1430,746,750,148,329
1431,746,750,148,329
1432,746,750,148,329
1433,746,750,148,329
1434,746,750,148,329
1435,746,750,148,329
1436,746,750,148,329
1437,746,750,148,329
1438,746,750,148,329
1439,746,750,148,329
1440,746,750,148,329
1441,746,750,148,329
1442,746,750,148,329
1443,746,750,148,329
1444,746,750,148,329
1445,746,750,148,329
1446,746,750,148,329
1447,746,750,148,329
1448,746,750,148,329
1449,746,750,148,329
1450,746,750,148,329
1451,746,750,148,329
1452,746,750,148,329
1453,746,750,148,329
1454,746,750,148,329
1455,746,750,148,329
1456,746,750,148,329
1457,746,750,148,329
1458,746,750,148,329
1459,746,750,148,329
1460,746,750,148,329
1461,746,750,148,329
1462,746,750,148,329
1463,746,750,148,329
1464,746,750,148,329
1465,746,750,148,329
1466,746,750,148,329
1467,746,750,148,329
1468,746,750,148,329
1469,746,750,148,329
1470,746,750,148,329
1471,746,750,148,329
1472,746,750,148,329
1473,746,750,148,329
1474,746,750,148,329
1475,746,750,148,329
1476,746,750,148,329
1477,746,750,148,329
1478,746,750,148,329
1479,746,750,148,329
1480,746,750,148,329
1481,746,750,148,329
1482,746,750,148,329
1483,746,750,148,329
1484,746,750,148,329
1485,746,750,148,329
1486,746,750,148,329
1487,746,750,148,329
1488,746,750,148,329
1489,746,750,148,329
1490,746,750,148,329
1491,746,750,148,329
1492,746,750,148,329
1493,746,750,148,329
1494,746,750,148,329
1495,746,750,148,329
1496,746,750,148,329
1497,746,750,148,329
1498,746,750,148,329
1499,746,750,148,329
1500,746,750,148,329
1501,746,750,148,329
1502,746,750,148,329
1503,746,750,148,329
1504,746,750,148,329
1505,746,750,148,329
1506,746,750,148,329
1507,746,750,148,329
1508,746,750,148,329
1509,746,750,148,329
1510,746,750,148,329
1511,746,750,148,329
1512,746,750,148,329
1513,746,750,148,329
1514,746,750,148,329
1515,746,750,148,329
1516,746,750,148,329
1517,746,750,148,329
1518,746,750,148,329
1519,746,750,148,329
1520,746,750,148,329
1521,746,750,148,329
1522,746,750,148,329
1523,746,750,148,329
1524,746,750,148,329
1525,746,750,148,329
1526,746,750,148,329
1527,746,750,148,329
1528,746,750,148,329
1529,746,750,148,329
1530,746,750,148,329
1531,746,750,148,329
1532,746,750,148,329
1533,746,750,148,329
1534,746,750,148,329
1535,746,750,148,329
1536,746,750,148,329
1537,746,750,148,329
1538,746,750,148,329
1539,746,750,148,329
1540,746,750,148,329
1541,746,750,148,329
1542,746,750,148,329
1543,746,750,148,329
1544,746,750,148,329
1545,746,750,148,329
1546,746,750,148,329
1547,746,750,148,329
1548,746,750,148,329
1549,746,750,148,329
1550,746,750,148,329
1551,746,750,148,329
1552,746,750,148,329
1553,746,750,148,329
1554,746,750,148,329
1555,746,750,148,329
1556,746,750,148,329
1557,746,750,148,329
1558,746,750,148,329
1559,746,750,148,329
1560,746,750,148,329
1561,746,750,148,329
1562,746,750,148,329
1563,746,750,148,329
1564,746,750,148,329
1565,746,750,148,329
1566,746,750,148,329
1567,746,750,148,329
1568,746,750,148,329
1569,746,750,148,329
1570,746,750,148,329
1571,746,750,148,329
1572,746,750,148,329
1573,746,750,148,329
1574,746,750,148,329
1575,746,750,148,329
1576,746,750,148,329
1577,746,750,148,329
1578,746,750,148,329
1579,746,750,148,329
1580,746,750,148,329
1581,746,750,148,329
1582,746,750,148,329
1583,746,750,148,329
1584,746,750,148,329
1585,746,750,148,329
1586,746,750,148,329
1587,746,750,148,329
1588,746,750,148,329
1589,746,750,148,329
1590,746,750,148,329
1591,746,750,148,329
1592,746,750,148,329
1593,746,750,148,329
1594,746,750,148,329
1595,746,750,148,329
1596,746,750,148,329
1597,746,750,148,329
1598,746,750,148,329
1599,746,750,148,329
1600,746,750,148,329
1601,746,750,148,329
1602,745,750,148,329
1603,741,750,148,329
1604,736,750,148,329
1605,731,750,148,329
1606,726,750,148,329
1607,720,750,148,329
1608,713,750,148,329
1609,706,750,148,329
1610,700,750,148,329
1611,695,750,148,329
1612,691,750,148,329
1613,688,750,148,329
1614,686,750,148,329
1615,681,750,148,329
1616,680,750,148,329
1617,679,750,148,329
1618,678,750,148,329
1619,678,750,148,329
1620,678,750,148,329
1621,678,750,148,329
1622,678,750,148,329
1623,678,750,148,329
1624,678,750,148,329
1625,678,750,148,329
1626,678,750,148,329
1627,678,750,148,329
1628,678,750,148,329
1629,678,750,148,329
1630,678,750,148,329
1631,678,750,148,329
1632,678,750,148,329
1633,678,750,148,329
1634,678,750,148,329
1635,678,750,148,329
1636,678,750,148,329
1637,678,750,148,329
1638,678,750,148,329
1639,678,750,148,329
1640,678,750,148,329
1641,678,750,148,329
1642,678,750,148,329
1643,678,750,148,329
1644,678,750,148,329
1645,678,750,148,329
1646,678,750,148,329
1647,678,750,148,329
1648,678,750,148,329
1649,678,750,148,329
1650,678,750,148,329
1651,678,750,148,329
1652,678,750,148,329
1653,678,750,148,329
1654,678,750,148,329
1655,678,750,148,329
1656,678,750,148,329
1657,678,750,148,329
1658,678,750,148,329
1659,678,750,148,329
1660,678,750,148,329
1661,678,750,148,329
1662,678,750,148,329
1663,678,750,148,329
1664,678,750,148,329
1665,678,750,148,329
1666,678,750,148,329
1667,678,750,148,329
1668,678,750,148,329
1669,678,750,148,329
1670,678,750,148,329
1671,678,750,148,329
1672,678,750,148,329
1673,678,750,148,329
1674,678,750,148,329
1675,678,750,148,329
1676,678,750,148,329
1677,678,750,148,329
1678,678,750,148,329
1679,678,750,148,329
1680,678,750,148,329
1681,678,750,148,329
1682,678,750,148,329
1683,678,750,148,329
1684,678,750,148,329
1685,678,750,148,329
1686,678,750,148,329
1687,678,750,148,329
1688,678,750,148,329
1689,678,750,148,329
1690,678,750,148,329
1691,678,750,148,329
1692,678,750,148,329
1693,678,750,148,329
1694,678,750,148,329
1695,678,750,148,329
1696,678,750,148,329
1697,678,750,148,329
1698,678,750,148,329
1699,678,750,148,329
1700,678,750,148,329
1701,678,750,148,329
1702,678,750,148,329
1703,678,750,148,329
1704,678,750,148,329
1705,678,750,148,329
1706,678,750,148,329
1707,678,750,148,329
1708,678,750,148,329
1709,678,750,148,329
1710,678,750,148,329
1711,678,750,148,329
1712,678,750,148,329
1713,678,750,148,329
1714,678,750,148,329
1715,678,750,148,329
1716,678,750,148,329
1717,678,750,148,329
1718,678,750,148,329
1719,678,750,148,329
1720,678,750,148,329
1721,678,750,148,329
1722,678,750,148,329
1723,678,750,148,329
1724,678,750,148,329
1725,678,750,148,329
1726,678,750,148,329
1727,678,750,148,329
1728,678,750,148,329
1729,678,750,148,329
1730,678,750,148,329
1731,678,750,148,329
1732,678,750,148,329
1733,678,750,148,329
1734,678,750,148,329
1735,678,750,148,329
1736,678,750,148,329
1737,678,750,148,329
1738,678,750,148,329
1739,678,750,148,329
1740,678,750,148,329
1741,678,750,148,329
1742,678,750,148,329
1743,678,750,148,329
1744,678,750,148,329
1745,677,750,148,329
1746,676,750,148,329
1747,676,750,148,329
1748,676,750,148,329
1749,676,750,148,329
1750,676,750,148,329
1751,676,750,148,329
1752,676,750,148,329
1753,676,750,148,329
1754,676,750,148,329
1755,676,750,148,329
1756,676,750,148,329
1757,676,750,148,329
1758,676,750,148,329
1759,676,750,148,329
1760,676,750,148,329
1761,676,750,148,329
1762,676,750,148,329
1763,676,750,148,329
1764,676,750,148,329
1765,676,750,148,329
1766,676,750,148,329
1767,676,750,148,329
1768,676,750,148,329
1769,676,750,148,329
1770,676,750,148,329
1771,676,750,148,329
1772,676,750,148,329
1773,676,750,148,329
1774,676,750,148,329
1775,676,750,148,329
1776,676,750,148,329
1777,676,750,148,329
1778,676,750,148,329
1779,676,750,148,329
1780,676,750,148,329
1781,676,750,148,329
1782,676,750,148,329
1783,676,750,148,329
1784,676,750,148,329
1785,676,750,148,329
1786,676,750,148,329
1787,676,750,148,329
1788,676,750,148,329
1789,676,750,148,329
1790,676,750,148,329
1791,676,750,148,329
1792,676,750,148,329
1793,676,750,148,329
1794,676,750,148,329
1795,676,750,148,329
1796,676,750,148,329
1797,676,750,148,329
1798,676,750,148,329
1799,676,750,148,329
1800,676,750,148,329
1801,676,750,148,329
1802,676,750,148,329
1803,676,750,148,329
1804,676,750,148,329
1805,676,750,148,329
1806,676,750,148,329
1807,676,750,148,329
1808,676,750,148,329
1809,676,750,148,329
1810,676,750,148,329
1811,676,750,148,329
1812,676,750,148,329
1813,676,750,148,329
1814,676,750,148,329
1815,676,750,148,329
1816,676,750,148,329
1817,676,750,148,329
1818,676,750,148,329
1819,676,750,148,329
1820,676,750,148,329
1821,676,750,148,329
1822,676,750,148,329
1823,676,750,148,329
1824,676,750,148,329
1825,676,750,148,329
1826,676,750,148,329
1827,676,750,148,329
1828,676,750,148,329
1829,676,750,148,329
1830,676,750,148,329
1831,676,750,148,329
1832,676,750,148,329
1833,683,748,148,329
1834,691,746,148,329
1835,699,744,148,329
1836,707,742,148,329
1837,715,740,148,329
1838,722,738,148,329
1839,729,736,148,329
1840,736,734,148,329
1841,743,732,148,329
1842,749,730,148,329
1843,755,728,148,329
1844,761,726,148,329
1845,767,724,148,329
1846,773,722,148,329
1847,779,721,148,329
1848,785,720,148,329
1849,791,719,148,329
1850,797,718,148,329
1851,803,718,148,329
1852,810,717,148,329
1853,817,716,148,329
1854,825,714,148,329
1855,833,712,148,329
1856,841,709,148,329
1857,848,706,148,329
1858,855,703,148,329
1859,861,701,148,329
1860,867,699,148,329
1861,873,697,148,329
1862,879,696,148,329
1863,886,695,148,329
1864,893,694,148,329
1865,900,692,148,329
1866,907,690,148,329
1867,914,687,148,329
1868,921,684,148,329
1869,928,681,148,329
1870,934,679,148,329
1871,940,677,148,329
1872,946,675,148,329
1873,952,674,148,329
1874,958,673,148,329
1875,964,673,148,329
1876,971,673,148,329
1877,978,673,148,329
1878,985,673,148,329
1879,992,673,148,329
1880,999,671,148,329
1881,1007,668,148,329
1882,1015,665,148,329
1883,1022,662,148,329
1884,1029,659,148,329
1885,1036,657,148,329
1886,1043,656,148,329
1887,1049,655,148,329
1888,1055,654,148,329
1889,1062,653,148,329
1890,1069,652,148,329
1891,1076,650,148,329
1892,1083,648,148,329
1893,1090,645,148,329
1894,1097,642,148,329
1895,1103,639,148,329
1896,1108,636,148,329
1897,1113,634,148,329
1898,1118,632,148,329
1899,1124,631,148,329
1900,1128,630,148,329
1901,1133,629,148,329
1902,1135,629,148,329
1903,1140,629,148,329
1904,1146,629,148,329
1905,1153,628,148,329
1906,1160,626,148,329
1907,1167,623,148,329
1908,1174,620,148,329
1909,1180,617,148,329
1910,1181,617,148,329
1911,1182,617,148,329
1912,1183,617,148,329
1913,1184,617,148,329
1914,1185,617,148,329
1915,1185,617,148,329
1916,1185,617,148,329
1917,1185,617,148,329
1918,1185,617,148,329
1919,1185,617,148,329
1920,1185,617,148,329
1921,1185,617,148,329
1922,1185,617,148,329
1923,1185,617,148,329
1924,1185,617,148,329
1925,1185,617,148,329
1926,1185,617,148,329
1927,1185,617,148,329
1928,1185,617,148,329
1929,1185,617,148,329
1930,1185,617,148,329
1931,1185,617,148,329
1932,1185,617,148,329
1933,1185,617,148,329
1934,1185,617,148,329
1935,1185,617,148,329
1936,1185,617,148,329
1937,1185,617,148,329
1938,1185,617,148,329
1939,1185,617,148,329
1940,1185,617,148,329
1941,1185,617,148,329
1942,1185,617,148,329
1943,1185,617,148,329
1944,1185,617,148,329
1945,1185,617,148,329
1946,1185,617,148,329
1947,1185,617,148,329
1948,1185,617,148,329
1949,1185,617,148,329
1950,1185,617,148,329
1951,1185,617,148,329
1952,1185,617,148,329
1953,1185,617,148,329
1954,1185,617,148,329
1955,1185,617,148,329
1956,1185,617,148,329
1957,1185,617,148,329
1958,1185,617,148,329
1959,1185,617,148,329
1960,1185,617,148,329
1961,1185,617,148,329
1962,1185,617,148,329
1963,1185,617,148,329
1964,1185,617,148,329
1965,1185,617,148,329
1966,1185,617,148,329
1967,1185,617,148,329
1968,1185,617,148,329
1969,1185,617,148,329
1970,1185,617,148,329
1971,1185,617,148,329
1972,1185,617,148,329
1973,1185,617,148,329
1974,1185,617,148,329
1975,1185,617,148,329
1976,1185,617,148,329
1977,1185,617,148,329
1978,1185,617,148,329
1979,1185,617,148,329
1980,1185,617,148,329
1981,1185,617,148,329
1982,1185,617,148,329
1983,1185,617,148,329
1984,1185,617,148,329
1985,1185,617,148,329
1986,1185,617,148,329
1987,1185,617,148,329
1988,1185,617,148,329
1989,1185,617,148,329
1990,1185,617,148,329
1991,1185,617,148,329
1992,1185,617,148,329
1993,1185,617,148,329
1994,1185,617,148,329
1995,1185,617,148,329
1996,1185,617,148,329
1997,1185,617,148,329
1998,1185,617,148,329
1999,1185,617,148,329
2000,1185,617,148,329
2001,1185,617,148,329
2002,1185,617,148,329
2003,1185,617,148,329
2004,1185,617,148,329
2005,1185,617,148,329
2006,1185,617,148,329
2007,1185,617,148,329
2008,1185,617,148,329
2009,1185,617,148,329
2010,1185,617,148,329
2011,1185,617,148,329
2012,1185,617,148,329
2013,1185,617,148,329
2014,1185,617,148,329
2015,1185,617,148,329
2016,1185,617,148,329
2017,1185,617,148,329
2018,1185,617,148,329
2019,1185,617,148,329
2020,1185,617,148,329
2021,1185,617,148,329
2022,1185,617,148,329
2023,1185,617,148,329
2024,1185,617,148,329
2025,1185,617,148,329
2026,1185,617,148,329
2027,1185,617,148,329
2028,1185,617,148,329
2029,1185,617,148,329
2030,1185,617,148,329
2031,1185,617,148,329
2032,1185,617,148,329
2033,1185,617,148,329
2034,1185,617,148,329
2035,1185,617,148,329
2036,1185,617,148,329
2037,1185,617,148,329
2038,1185,617,148,329
2039,1185,617,148,329
2040,1185,617,148,329
2041,1185,617,148,329
2042,1185,617,148,329
2043,1185,617,148,329
2044,1185,617,148,329
2045,1185,617,148,329
2046,1185,617,148,329
2047,1185,617,148,329
2048,1185,617,148,329
2049,1185,617,148,329
2050,1185,617,148,329
2051,1185,617,148,329
2052,1185,617,148,329
2053,1185,617,148,329
2054,1185,617,148,329
2055,1185,617,148,329
2056,1185,617,148,329
2057,1185,617,148,329
2058,1185,617,148,329
2059,1185,617,148,329
2060,1185,617,148,329
2061,1185,617,148,329
2062,1185,617,148,329
2063,1185,617,148,329
2064,1185,617,148,329
2065,1185,617,148,329
2066,1185,617,148,329
2067,1185,617,148,329
2068,1185,617,148,329
2069,1185,617,148,329
2070,1185,617,148,329
2071,1185,617,148,329
2072,1185,617,148,329
2073,1185,617,148,329
2074,1185,617,148,329
2075,1185,617,148,329
2076,1185,617,148,329
2077,1185,617,148,329
2078,1185,617,148,329
2079,1185,617,148,329
2080,1185,617,148,329
2081,1185,617,148,329
2082,1185,617,148,329
2083,1185,617,148,329
2084,1185,617,148,329
2085,1185,617,148,329
2086,1185,617,148,329
2087,1185,617,148,329
2088,1185,617,148,329
2089,1185,617,148,329
2090,1185,617,148,329
2091,1185,617,148,329
2092,1185,617,148,329
2093,1185,617,148,329
2094,1185,617,148,329
2095,1185,617,148,329
2096,1185,617,148,329
2097,1185,617,148,329
2098,1185,617,148,329
2099,1185,617,148,329
2100,1185,617,148,329
2101,1185,617,148,329
2102,1185,617,148,329
2103,1185,617,148,329
2104,1185,617,148,329
2105,1185,617,148,329
2106,1185,617,148,329
2107,1185,617,148,329
2108,1185,617,148,329
2109,1185,617,148,329
2110,1185,617,148,329
2111,1185,617,148,329
2112,1185,617,148,329
2113,1185,617,148,329
2114,1185,617,148,329
2115,1185,617,148,329
2116,1185,617,148,329
2117,1185,617,148,329
2118,1185,617,148,329
2119,1185,617,148,329
2120,1185,617,148,329
2121,1185,617,148,329
2122,1185,617,148,329
2123,1185,617,148,329
2124,1185,617,148,329
2125,1185,617,148,329
2126,1185,617,148,329
2127,1185,617,148,329
2128,1185,617,148,329
2129,1185,617,148,329
2130,1185,617,148,329
2131,1185,617,148,329
2132,1185,617,148,329
2133,1185,617,148,329
2134,1185,617,148,329
2135,1185,617,148,329
2136,1185,617,148,329
2137,1185,617,148,329
2138,1185,617,148,329
2139,1185,617,148,329
2140,1185,617,148,329
2141,1185,617,148,329
2142,1185,617,148,329
2143,1185,617,148,329
2144,1185,617,148,329
2145,1185,617,148,329
2146,1185,617,148,329
2147,1185,617,148,329
2148,1185,617,148,329
2149,1185,617,148,329
2150,1185,617,148,329
2151,1185,617,148,329
2152,1185,617,148,329
2153,1185,617,148,329
2154,1185,617,148,329
2155,1185,617,148,329
2156,1185,617,148,329
2157,1185,617,148,329
2158,1185,617,148,329
2159,1185,617,148,329
2160,1185,617,148,329
2161,1185,617,148,329
2162,1185,617,148,329
2163,1185,617,148,329
2164,1185,617,148,329
2165,1185,617,148,329
2166,1185,617,148,329
2167,1185,617,148,329
2168,1185,617,148,329
2169,1185,617,148,329
2170,1185,617,148,329
2171,1185,617,148,329
2172,1185,617,148,329
2173,1185,617,148,329
2174,1185,617,148,329
2175,1185,617,148,329
2176,1185,617,148,329
2177,1185,617,148,329
2178,1185,617,148,329
2179,1185,617,148,329
2180,1185,617,148,329
2181,1185,617,148,329
2182,1185,617,148,329
2183,1185,617,148,329
2184,1185,617,148,329
2185,1185,617,148,329
2186,1185,617,148,329
2187,1185,617,148,329
2188,1185,617,148,329
2189,1185,617,148,329
2190,1185,617,148,329
2191,1185,617,148,329
2192,1185,617,148,329
2193,1185,617,148,329
2194,1185,617,148,329
2195,1185,617,148,329
2196,1185,617,148,329
2197,1185,617,148,329
2198,1185,617,148,329
2199,1185,617,148,329
2200,1185,617,148,329
2201,1185,617,148,329
2202,1185,617,148,329
2203,1185,617,148,329
2204,1185,617,148,329
2205,1185,617,148,329
2206,1185,617,148,329
2207,1185,617,148,329
2208,1185,617,148,329
2209,1185,617,148,329
2210,1185,617,148,329
2211,1185,617,148,329
2212,1185,617,148,329
2213,1185,617,148,329
2214,1185,617,148,329
2215,1185,617,148,329
2216,1185,617,148,329
2217,1185,617,148,329
2218,1185,617,148,329
2219,1185,617,148,329
2220,1185,617,148,329
2221,1185,617,148,329
2222,1185,617,148,329
2223,1185,617,148,329
2224,1185,617,148,329
2225,1185,617,148,329
2226,1185,617,148,329
2227,1185,617,148,329
2228,1185,617,148,329
2229,1185,617,148,329
2230,1185,617,148,329
2231,1185,617,148,329
2232,1185,617,148,329
2233,1185,617,148,329
2234,1185,617,148,329
2235,1185,617,148,329
2236,1185,617,148,329
2237,1185,617,148,329
2238,1185,617,148,329
2239,1185,617,148,329
2240,1185,617,148,329
2241,1185,617,148,329
2242,1185,617,148,329
2243,1185,617,148,329
2244,1185,617,148,329
2245,1185,617,148,329
2246,1185,617,148,329
2247,1185,617,148,329
2248,1185,617,148,329
2249,1185,617,148,329
2250,1185,617,148,329
2251,1185,617,148,329
2252,1185,617,148,329
2253,1185,617,148,329
2254,1185,617,148,329
2255,1185,617,148,329
2256,1185,617,148,329
2257,1185,617,148,329
2258,1185,617,148,329
2259,1185,617,148,329
2260,1185,617,148,329
2261,1185,617,148,329
2262,1185,617,148,329
2263,1185,617,148,329
2264,1185,617,148,329
2265,1185,617,148,329
2266,1185,617,148,329
2267,1185,617,148,329
2268,1185,617,148,329
2269,1185,617,148,329
2270,1185,617,148,329
2271,1185,617,148,329
2272,1185,617,148,329
2273,1185,617,148,329
2274,1185,617,148,329
2275,1185,617,148,329
2276,1185,617,148,329
2277,1185,617,148,329
2278,1185,617,148,329
2279,1185,617,148,329
2280,1185,617,148,329
2281,1185,617,148,329
2282,1185,617,148,329
2283,1185,617,148,329
2284,1185,617,148,329
2285,1185,617,148,329
2286,1185,617,148,329
2287,1185,617,148,329
2288,1185,617,148,329
2289,1185,617,148,329
2290,1185,617,148,329
2291,1185,617,148,329
2292,1185,617,148,329
2293,1185,617,148,329
2294,1185,617,148,329
2295,1185,617,148,329
2296,1185,617,148,329
2297,1185,617,148,329
2298,1185,617,148,329
2299,1185,617,148,329
2300,1185,617,148,329
2301,1185,617,148,329
2302,1185,617,148,329
2303,1185,617,148,329
2304,1185,617,148,329
2305,1185,617,148,329
2306,1185,617,148,329
2307,1185,617,148,329
2308,1185,617,148,329
2309,1185,617,148,329
2310,1185,617,148,329
2311,1185,617,148,329
2312,1185,617,148,329
2313,1185,617,148,329
2314,1185,617,148,329
2315,1185,617,148,329
2316,1185,617,148,329
2317,1185,617,148,329
2318,1185,617,148,329
2319,1185,617,148,329
2320,1185,617,148,329
2321,1185,617,148,329
2322,1185,617,148,329
2323,1185,617,148,329
2324,1185,617,148,329
2325,1185,617,148,329
2326,1185,617,148,329
2327,1185,617,148,329
2328,1185,617,148,329
2329,1185,617,148,329
2330,1185,617,148,329
2331,1185,617,148,329
2332,1185,617,148,329
2333,1185,617,148,329
2334,1185,617,148,329
2335,1185,617,148,329
2336,1185,617,148,329
2337,1185,617,148,329
2338,1185,617,148,329
2339,1185,617,148,329
2340,1185,617,148,329
2341,1185,617,148,329
2342,1184,617,148,329
2343,1183,617,148,329
2344,1182,617,148,329
2345,1181,617,148,329
2346,1180,617,148,329
2347,1179,617,148,329
2348,1178,617,148,329
2349,1177,617,148,329
2350,1176,617,148,329
2351,1175,616,148,329
2352,1174,616,148,329
2353,1174,616,148,329
2354,1174,616,148,329
2355,1174,616,148,329
2356,1174,616,148,329
2357,1174,616,148,329
2358,1174,616,148,329
2359,1174,616,148,329
2360,1174,616,148,329
2361,1174,616,148,329
2362,1174,616,148,329
2363,1174,616,148,329
2364,1174,616,148,329
2365,1174,616,148,329
2366,1174,616,148,329
2367,1174,616,148,329
2368,1174,616,148,329
2369,1174,616,148,329
2370,1174,616,148,329
2371,1174,616,148,329
2372,1174,616,148,329
2373,1174,616,148,329
2374,1174,616,148,329
2375,1174,616,148,329
2376,1174,616,148,329
2377,1174,616,148,329
2378,1174,616,148,329
2379,1174,616,148,329
2380,1174,616,148,329
2381,1174,616,148,329
2382,1174,616,148,329
2383,1174,616,148,329
2384,1174,616,148,329
2385,1174,616,148,329
2386,1174,616,148,329
