14-LongDuration 3
1,145,84,54,37
2,148,85,54,37
3,153,86,54,37
4,155,86,54,37
5,159,86,54,37
6,164,87,54,37
7,167,87,54,37
8,170,87,54,37
9,173,88,54,37
10,175,88,54,37
11,178,89,54,37
12,180,90,54,37
13,181,90,54,37
14,182,91,54,37
15,182,92,54,37
16,180,93,54,37
17,179,94,54,37
18,177,95,54,37
19,175,96,54,37
20,173,97,54,37
21,171,98,54,37
22,166,100,54,37
23,164,101,54,37
24,163,102,54,37
25,161,103,54,37
26,160,104,54,37
27,160,104,54,37
28,160,105,54,37
29,161,105,54,37
30,164,105,54,37
31,166,105,54,37
32,169,105,54,37
33,170,105,54,37
34,174,105,54,37
35,175,105,54,37
36,176,105,54,37
37,177,105,54,37
38,178,105,54,37
39,178,105,54,37
40,178,105,54,37
41,178,105,54,37
42,178,105,54,37
43,178,105,54,37
44,178,105,54,37
45,178,105,54,37
46,178,106,54,37
47,178,106,54,37
48,178,106,54,37
49,179,107,54,37
50,179,107,54,37
51,179,107,54,37
52,179,107,54,37
53,180,107,54,37
54,180,107,54,37
55,180,107,54,37
56,181,107,54,37
57,181,107,54,37
58,181,107,54,37
59,182,107,54,37
60,183,107,54,37
61,183,107,54,37
62,184,107,54,37
63,184,107,54,37
64,185,107,54,37
65,185,107,54,37
66,185,107,54,37
67,185,107,54,37
68,185,107,54,37
69,136,37,54,37
70,135,37,54,37
71,131,37,54,37
72,129,37,54,37
73,128,37,54,37
74,125,37,54,37
75,120,37,54,37
76,119,37,54,37
77,117,37,54,37
78,115,36,54,37
79,115,36,54,37
80,116,34,54,37
81,118,33,54,37
82,119,32,54,37
83,121,31,54,37
84,123,30,54,37
85,126,28,54,37
86,128,27,54,37
87,129,26,54,37
88,130,25,54,37
89,132,24,54,37
90,134,23,54,37
91,136,22,54,37
92,138,20,54,37
93,140,19,54,37
94,142,18,54,37
95,143,18,54,37
96,149,16,54,37
97,152,15,54,37
98,154,15,54,37
99,162,14,54,37
100,165,14,54,37
101,167,14,54,37
102,169,14,54,37
103,167,20,54,37
104,168,19,54,37
105,168,19,54,37
106,170,18,54,37
107,170,18,54,37
108,171,17,54,37
109,172,17,54,37
110,173,16,54,37
111,174,16,54,37
112,175,16,54,37
113,178,16,54,37
114,182,16,54,37
115,186,16,54,37
116,189,16,54,37
117,197,16,54,37
118,201,17,54,37
119,205,17,54,37
120,211,18,54,37
121,214,19,54,37
122,217,20,54,37
123,218,21,54,37
124,223,24,54,37
125,224,25,54,37
126,226,26,54,37
127,230,28,54,37
128,231,28,54,37
129,232,29,54,37
130,232,29,54,37
131,232,29,54,37
132,232,29,54,37
133,230,27,54,37
134,229,26,54,37
135,228,25,54,37
136,227,24,54,37
137,225,23,54,37
138,224,22,54,37
139,222,20,54,37
140,221,18,54,37
141,221,17,54,37
142,220,17,54,37
143,220,17,54,37
144,220,17,54,37
145,220,17,54,37
146,220,17,54,37
147,219,18,54,37
148,219,19,54,37
149,219,20,54,37
150,219,21,54,37
151,219,23,54,37
152,219,23,54,37
153,219,24,54,37
154,218,25,54,37
155,218,25,54,37
156,217,26,54,37
157,216,27,54,37
158,216,27,54,37
159,216,27,54,37
160,215,28,54,37
161,215,28,54,37
162,215,28,54,37
163,215,28,54,37
164,216,28,54,37
165,214,29,54,37
166,123,92,54,37
167,124,92,54,37
168,125,92,54,37
169,126,92,54,37
170,128,92,54,37
171,129,92,54,37
172,130,92,54,37
173,131,92,54,37
174,132,92,54,37
175,133,92,54,37
176,133,92,54,37
177,134,92,54,37
178,135,92,54,37
179,136,92,54,37
180,137,93,54,37
181,138,94,54,37
182,139,94,54,37
183,140,94,54,37
184,141,94,54,37
185,143,94,54,37
186,144,94,54,37
187,144,94,54,37
188,146,95,54,37
189,147,95,54,37
190,147,95,54,37
191,149,94,54,37
192,149,93,54,37
193,150,92,54,37
194,151,90,54,37
195,152,89,54,37
196,152,88,54,37
197,153,87,54,37
198,154,86,54,37
199,154,86,54,37
200,155,85,54,37
201,155,85,54,37
202,155,85,54,37
203,154,86,54,37
204,154,87,54,37
205,154,88,54,37
206,153,90,54,37
207,152,91,54,37
208,152,92,54,37
209,151,93,54,37
210,149,94,54,37
211,149,94,54,37
212,148,95,54,37
213,147,95,54,37
214,146,96,54,37
215,145,97,54,37
216,144,98,54,37
217,143,99,54,37
218,141,101,54,37
219,140,102,54,37
220,139,103,54,37
221,139,103,54,37
222,137,105,54,37
223,136,106,54,37
224,135,107,54,37
225,134,109,54,37
226,133,110,54,37
227,131,112,54,37
228,130,113,54,37
229,129,114,54,37
230,128,115,54,37
231,127,115,54,37
232,124,116,54,37
233,123,116,54,37
234,122,116,54,37
235,121,116,54,37
236,118,117,54,37
237,117,117,54,37
238,114,119,54,37
239,113,120,54,37
240,112,120,54,37
241,111,121,54,37
242,110,122,54,37
243,109,122,54,37
244,109,122,54,37
245,108,122,54,37
246,106,122,54,37
247,106,121,54,37
248,106,118,54,37
249,105,117,54,37
250,106,116,54,37
251,107,115,54,37
252,108,114,54,37
253,110,112,54,37
254,111,111,54,37
255,112,110,54,37
256,112,109,54,37
257,117,107,54,37
258,119,106,54,37
259,124,105,54,37
260,124,105,54,37
261,126,105,54,37
262,127,105,54,37
263,134,106,54,37
264,137,107,54,37
265,139,107,54,37
266,140,108,54,37
267,148,109,54,37
268,150,109,54,37
269,155,109,54,37
270,159,109,54,37
271,163,109,54,37
272,166,110,54,37
273,171,110,54,37
274,175,110,54,37
275,180,110,54,37
276,192,111,54,37
277,196,111,54,37
278,201,111,54,37
279,213,111,54,37
280,218,111,54,37
281,221,111,54,37
282,228,110,54,37
283,234,109,54,37
284,235,109,54,37
285,235,109,54,37
286,235,109,54,37
287,235,109,54,37
288,235,109,54,37
289,235,109,54,37
290,235,109,54,37
291,235,109,54,37
292,6,135,54,37
293,16,134,54,37
294,42,131,54,37
295,42,131,54,37
296,42,131,54,37
297,58,129,54,37
298,57,129,54,37
299,4,135,54,37
300,26,132,54,37
301,58,128,54,37
302,205,110,54,37
303,233,106,54,37
304,26,131,54,37
305,23,131,54,37
306,20,131,54,37
307,16,131,54,37
308,14,131,54,37
309,17,131,54,37
310,28,131,54,37
311,41,130,54,37
312,58,128,54,37
313,191,112,54,37
314,196,112,54,37
315,199,112,54,37
316,208,112,54,37
317,212,112,54,37
318,211,112,54,37
319,224,110,54,37
320,53,131,54,37
321,65,128,54,37
322,11,134,54,37
323,59,126,54,37
324,63,124,54,37
325,171,109,54,37
326,187,106,54,37
327,213,102,54,37
328,230,99,54,37
329,9,128,54,37
330,12,128,54,37
331,18,128,54,37
332,22,128,54,37
333,26,128,54,37
334,45,127,54,37
335,58,126,54,37
336,5,134,54,37
337,21,134,54,37
338,26,134,54,37
339,31,134,54,37
340,40,134,54,37
341,42,134,54,37
342,59,132,54,37
343,60,132,54,37
344,199,114,54,37
345,203,114,54,37
346,204,114,54,37
347,206,114,54,37
348,230,111,54,37
349,231,111,54,37
350,196,116,54,37
351,212,114,54,37
352,213,114,54,37
353,215,114,54,37
354,233,112,54,37
355,127,126,54,37
356,130,126,54,37
357,132,126,54,37
358,136,126,54,37
359,139,126,54,37
360,141,126,54,37
361,144,126,54,37
362,148,126,54,37
363,151,126,54,37
364,192,121,54,37
365,231,116,54,37
366,234,116,54,37
367,235,116,54,37
368,235,116,54,37
369,221,118,54,37
370,235,115,54,37
371,75,44,54,37
372,210,80,54,37
373,225,79,54,37
374,158,34,54,37
375,151,13,54,37
376,202,26,54,37
377,235,21,54,37
378,230,1,54,37
379,89,172,54,37
380,17,132,54,37
381,124,150,54,37
382,84,125,54,37
383,103,122,54,37
384,208,139,54,37
385,165,113,54,37
386,20,37,54,37
387,146,70,54,37
388,235,97,54,37
389,73,22,54,37
390,133,39,54,37
391,230,53,54,37
392,160,15,54,37
393,216,14,54,37
394,217,6,54,37
395,235,3,54,37
396,235,0,54,37
397,90,109,54,37
398,89,111,54,37
399,89,111,54,37
400,87,112,54,37
401,86,112,54,37
402,84,112,54,37
403,79,109,54,37
404,76,107,54,37
405,70,102,54,37
406,69,102,54,37
407,69,100,54,37
408,69,97,54,37
409,69,95,54,37
410,183,73,54,37
411,183,69,54,37
412,178,65,54,37
413,175,65,54,37
414,171,66,54,37
415,170,67,54,37
416,168,72,54,37
417,165,84,54,37
418,161,89,54,37
419,150,97,54,37
420,140,115,54,37
421,136,120,54,37
422,121,143,54,37
423,122,154,54,37
424,123,161,54,37
425,0,25,54,37
426,0,7,54,37
427,200,41,54,37
428,121,110,54,37
429,124,152,54,37
430,126,102,54,37
431,184,143,54,37
432,214,123,54,37
433,235,107,54,37
434,48,133,54,37
435,47,133,54,37
436,62,133,54,37
437,83,133,54,37
438,195,126,54,37
439,193,133,54,37
440,22,10,54,37
441,79,179,54,37
442,135,176,54,37
443,157,179,54,37
444,235,179,54,37
445,98,116,54,37
446,97,122,54,37
447,89,134,54,37
448,90,137,54,37
449,85,145,54,37
450,75,151,54,37
451,87,151,54,37
452,84,154,54,37
453,85,155,54,37
454,83,157,54,37
455,87,157,54,37
456,90,157,54,37
457,91,157,54,37
458,90,156,54,37
459,90,155,54,37
460,89,154,54,37
461,88,153,54,37
462,89,152,54,37
463,88,151,54,37
464,88,150,54,37
465,90,84,54,37
466,92,82,54,37
467,61,86,54,37
468,51,86,54,37
469,41,85,54,37
470,0,32,54,37
471,0,31,54,37
472,0,30,54,37
473,49,19,54,37
474,81,12,54,37
475,139,0,54,37
476,81,71,54,37
477,78,71,54,37
478,79,71,54,37
479,76,71,54,37
480,76,71,54,37
481,51,15,54,37
482,57,14,54,37
483,64,12,54,37
484,127,0,54,37
485,66,71,54,37
486,65,71,54,37
487,44,75,54,37
488,65,70,54,37
489,125,0,54,37
490,133,0,54,37
491,143,0,54,37
492,8,84,54,37
493,8,84,54,37
494,8,84,54,37
495,7,84,54,37
496,7,84,54,37
497,7,24,54,37
498,7,24,54,37
499,7,24,54,37
500,54,15,54,37
501,69,12,54,37
502,108,4,54,37
503,108,4,54,37
504,0,26,54,37
505,0,26,54,37
506,2,26,54,37
507,2,26,54,37
508,2,26,54,37
509,3,26,54,37
510,49,17,54,37
511,66,14,54,37
512,147,0,54,37
513,158,0,54,37
514,0,32,54,37
515,0,32,54,37
516,0,32,54,37
517,0,32,54,37
518,4,30,54,37
519,137,0,54,37
520,135,0,54,37
521,135,0,54,37
522,124,118,54,37
523,124,117,54,37
524,124,116,54,37
525,125,115,54,37
526,125,114,54,37
527,127,111,54,37
528,127,111,54,37
529,127,110,54,37
530,128,109,54,37
531,130,108,54,37
532,131,108,54,37
533,134,107,54,37
534,138,105,54,37
535,140,104,54,37
536,153,98,54,37
537,160,93,54,37
538,165,90,54,37
539,174,84,54,37
540,181,79,54,37
541,186,75,54,37
542,191,70,54,37
543,193,68,54,37
544,195,65,54,37
545,195,64,54,37
546,196,63,54,37
547,197,63,54,37
548,198,63,54,37
549,201,64,54,37
550,203,65,54,37
551,210,66,54,37
552,212,67,54,37
553,214,68,54,37
554,216,68,54,37
555,222,69,54,37
556,226,69,54,37
557,228,69,54,37
558,230,69,54,37
559,233,69,54,37
560,234,69,54,37
561,235,68,54,37
562,235,67,54,37
563,149,81,54,37
564,164,76,54,37
565,171,73,54,37
566,181,69,54,37
567,204,61,54,37
568,222,55,54,37
569,226,54,54,37
570,235,52,54,37
571,235,52,54,37
572,235,53,54,37
573,0,97,54,37
574,9,98,54,37
575,16,100,54,37
576,29,107,54,37
577,34,110,54,37
578,41,113,54,37
579,53,121,54,37
580,57,123,54,37
581,61,125,54,37
582,64,127,54,37
583,65,128,54,37
584,65,128,54,37
585,66,127,54,37
586,64,121,54,37
587,64,116,54,37
588,64,113,54,37
589,62,101,54,37
590,61,97,54,37
591,60,93,54,37
592,59,90,54,37
593,141,76,54,37
594,175,71,54,37
595,178,71,54,37
596,216,70,54,37
597,234,70,54,37
598,124,88,54,37
599,132,135,54,37
600,184,137,54,37
601,62,158,54,37
602,81,161,54,37
603,128,163,54,37
604,69,174,54,37
605,224,159,54,37
606,229,161,54,37
607,202,171,54,37
608,227,172,54,37
609,234,174,54,37
610,235,177,54,37
611,235,179,54,37
612,105,119,54,37
613,104,119,54,37
614,205,108,54,37
615,208,108,54,37
616,211,108,54,37
617,214,108,54,37
618,219,108,54,37
619,20,132,54,37
620,22,132,54,37
621,78,126,54,37
622,78,126,54,37
623,77,126,54,37
624,74,126,54,37
625,72,126,54,37
626,68,126,54,37
627,120,120,54,37
628,116,120,54,37
629,208,110,54,37
630,200,110,54,37
631,136,115,54,37
632,132,115,54,37
633,192,108,54,37
634,215,105,54,37
635,235,101,54,37
636,220,178,54,37
637,235,175,54,37
638,203,17,54,37
639,221,17,54,37
640,234,74,54,37
641,60,109,54,37
642,100,96,54,37
643,203,66,54,37
644,235,51,54,37
645,226,47,54,37
646,226,51,54,37
647,227,162,54,37
648,224,61,54,37
649,213,77,54,37
650,189,179,54,37
651,216,179,54,37
652,234,98,54,37
653,232,131,54,37
654,119,72,54,37
655,215,64,54,37
656,235,66,54,37
657,24,174,54,37
658,94,102,54,37
659,105,169,54,37
660,142,168,54,37
661,225,165,54,37
662,235,166,54,37
663,122,57,54,37
664,120,60,54,37
665,118,62,54,37
666,116,64,54,37
667,115,65,54,37
668,113,67,54,37
669,113,67,54,37
670,113,67,54,37
671,84,14,54,37
672,37,70,54,37
673,93,66,54,37
674,107,61,54,37
675,107,61,54,37
676,106,61,54,37
677,106,60,54,37
678,106,59,54,37
679,105,58,54,37
680,105,57,54,37
681,105,56,54,37
682,105,55,54,37
683,105,55,54,37
684,105,55,54,37
685,105,55,54,37
686,105,55,54,37
687,105,55,54,37
688,105,55,54,37
689,105,56,54,37
690,105,57,54,37
691,104,59,54,37
692,104,60,54,37
693,105,61,54,37
694,104,64,54,37
695,105,64,54,37
696,105,65,54,37
697,105,67,54,37
698,105,68,54,37
699,105,69,54,37
700,106,69,54,37
701,106,70,54,37
702,106,71,54,37
703,107,72,54,37
704,107,72,54,37
705,107,73,54,37
706,106,74,54,37
707,106,74,54,37
708,107,74,54,37
709,106,75,54,37
710,106,75,54,37
711,105,75,54,37
712,105,73,54,37
713,105,70,54,37
714,104,67,54,37
715,104,63,54,37
716,104,60,54,37
717,104,58,54,37
718,101,52,54,37
719,100,49,54,37
720,99,46,54,37
721,98,45,54,37
722,97,45,54,37
723,97,45,54,37
724,97,46,54,37
725,96,49,54,37
726,96,50,54,37
727,96,51,54,37
728,95,54,54,37
729,95,54,54,37
730,95,55,54,37
731,95,56,54,37
732,95,57,54,37
733,95,58,54,37
734,94,59,54,37
735,94,59,54,37
736,94,59,54,37
737,94,60,54,37
738,95,60,54,37
739,96,60,54,37
740,97,60,54,37
741,97,61,54,37
742,98,61,54,37
743,99,61,54,37
744,100,61,54,37
745,102,61,54,37
746,103,61,54,37
747,105,61,54,37
748,106,61,54,37
749,107,62,54,37
750,107,65,54,37
751,108,65,54,37
752,109,65,54,37
753,110,65,54,37
754,116,63,54,37
755,117,63,54,37
756,119,64,54,37
757,119,65,54,37
758,120,65,54,37
759,121,65,54,37
760,122,65,54,37
761,123,65,54,37
762,123,65,54,37
763,130,61,54,37
764,131,60,54,37
765,131,60,54,37
766,131,59,54,37
767,132,58,54,37
768,131,57,54,37
769,131,56,54,37
770,132,55,54,37
771,135,53,54,37
772,135,51,54,37
773,135,50,54,37
774,135,49,54,37
775,134,49,54,37
776,134,48,54,37
777,133,48,54,37
778,134,47,54,37
779,135,46,54,37
780,135,45,54,37
781,136,43,54,37
782,136,42,54,37
783,137,41,54,37
784,136,41,54,37
785,136,41,54,37
786,137,41,54,37
787,140,40,54,37
788,144,39,54,37
789,145,39,54,37
790,146,39,54,37
791,146,39,54,37
792,147,39,54,37
793,148,39,54,37
794,149,39,54,37
795,152,38,54,37
796,154,37,54,37
797,155,37,54,37
798,156,37,54,37
799,157,37,54,37
800,158,37,54,37
801,159,37,54,37
802,160,37,54,37
803,163,36,54,37
804,163,36,54,37
805,165,35,54,37
806,164,36,54,37
807,164,36,54,37
808,164,36,54,37
809,165,36,54,37
810,156,41,54,37
811,155,41,54,37
812,153,41,54,37
813,151,41,54,37
814,148,41,54,37
815,146,41,54,37
816,144,41,54,37
817,143,41,54,37
818,141,41,54,37
819,136,41,54,37
820,135,41,54,37
821,130,41,54,37
822,129,40,54,37
823,132,36,54,37
824,132,34,54,37
825,131,33,54,37
826,128,33,54,37
827,124,34,54,37
828,121,35,54,37
829,118,36,54,37
830,117,36,54,37
831,121,32,54,37
832,120,32,54,37
833,119,32,54,37
834,113,34,54,37
835,113,34,54,37
836,109,35,54,37
837,107,36,54,37
838,103,38,54,37
839,104,38,54,37
840,106,38,54,37
841,108,38,54,37
842,202,38,54,37
843,235,38,54,37
844,190,152,54,37
845,235,152,54,37
846,176,153,54,37
847,168,154,54,37
848,199,154,54,37
849,215,154,54,37
850,208,155,54,37
851,182,157,54,37
852,183,158,54,37
853,218,45,54,37
854,226,160,54,37
855,134,161,54,37
856,136,162,54,37
857,137,163,54,37
858,187,164,54,37
859,227,166,54,37
860,129,167,54,37
861,154,168,54,37
862,180,169,54,37
863,200,171,54,37
864,235,172,54,37
865,11,12,54,37
866,57,14,54,37
867,86,15,54,37
868,97,16,54,37
869,98,16,54,37
870,184,179,54,37
871,120,18,54,37
872,120,20,54,37
873,120,22,54,37
874,160,24,54,37
875,161,26,54,37
876,161,27,54,37
877,161,29,54,37
878,131,31,54,37
879,148,34,54,37
880,148,34,54,37
881,149,36,54,37
882,125,38,54,37
883,125,39,54,37
884,125,40,54,37
885,138,41,54,37
886,138,41,54,37
887,152,41,54,37
888,152,41,54,37
889,165,41,54,37
890,231,42,54,37
891,232,42,54,37
892,231,42,54,37
893,233,42,54,37
894,131,41,54,37
895,131,41,54,37
896,136,39,54,37
897,114,35,54,37
898,117,31,54,37
899,98,26,54,37
900,155,15,54,37
901,170,6,54,37
902,159,46,54,37
903,171,38,54,37
904,210,75,54,37
905,196,61,54,37
906,224,54,54,37
907,224,40,54,37
908,226,33,54,37
909,234,19,54,37
910,235,6,54,37
911,235,0,54,37
912,217,48,54,37
913,220,44,54,37
914,235,44,54,37
915,235,46,54,37
916,140,162,54,37
917,208,172,54,37
918,208,176,54,37
919,2,14,54,37
920,0,18,54,37
921,36,26,54,37
922,42,32,54,37
923,56,36,54,37
924,56,39,54,37
925,58,48,54,37
926,20,50,54,37
927,38,66,54,37
928,38,66,54,37
929,0,68,54,37
930,19,69,54,37
931,35,71,54,37
932,43,72,54,37
933,59,73,54,37
934,0,71,54,37
935,30,70,54,37
936,30,70,54,37
937,74,69,54,37
938,80,68,54,37
939,32,65,54,37
940,65,64,54,37
941,81,63,54,37
942,23,60,54,37
943,23,59,54,37
944,0,54,54,37
945,6,52,54,37
946,9,51,54,37
947,25,47,54,37
948,15,44,54,37
949,16,43,54,37
950,6,40,54,37
951,70,37,54,37
952,90,36,54,37
953,80,31,54,37
954,73,29,54,37
955,73,27,54,37
956,115,27,54,37
957,120,27,54,37
958,114,27,54,37
959,104,27,54,37
960,119,28,54,37
961,80,89,54,37
962,82,90,54,37
963,96,91,54,37
964,94,91,54,37
965,109,91,54,37
966,115,91,54,37
967,128,91,54,37
968,90,89,54,37
969,104,89,54,37
970,128,89,54,37
971,132,89,54,37
972,134,89,54,37
973,136,89,54,37
974,138,88,54,37
975,151,88,54,37
976,183,89,54,37
977,187,89,54,37
978,235,90,54,37
979,164,32,54,37
980,166,30,54,37
981,160,0,54,37
982,184,2,54,37
983,227,3,54,37
984,173,55,54,37
985,202,57,54,37
986,229,56,54,37
987,194,0,54,37
988,219,3,54,37
989,104,173,54,37
990,25,111,54,37
991,116,143,54,37
992,113,112,54,37
993,84,82,54,37
994,220,143,54,37
995,188,112,54,37
996,138,60,54,37
997,180,76,54,37
998,193,81,54,37
999,72,1,54,37
1000,200,81,54,37
1001,201,82,54,37
1002,202,83,54,37
1003,212,85,54,37
1004,220,87,54,37
1005,234,91,54,37
1006,211,72,54,37
1007,217,73,54,37
1008,230,76,54,37
1009,235,75,54,37
1010,133,6,54,37
1011,138,7,54,37
1012,149,10,54,37
1013,157,12,54,37
1014,169,14,54,37
1015,230,46,54,37
1016,234,45,54,37
1017,199,18,54,37
1018,209,19,54,37
1019,217,20,54,37
1020,224,20,54,37
1021,228,20,54,37
1022,216,4,54,37
1023,225,5,54,37
1024,231,6,54,37
1025,229,0,54,37
1026,235,0,54,37
1027,10,156,54,37
1028,23,157,54,37
1029,32,158,54,37
1030,42,159,54,37
1031,48,160,54,37
1032,69,162,54,37
1033,78,163,54,37
1034,84,163,54,37
1035,97,164,54,37
1036,115,165,54,37
1037,121,165,54,37
1038,135,165,54,37
1039,154,165,54,37
1040,163,165,54,37
1041,168,165,54,37
1042,191,164,54,37
1043,200,164,54,37
1044,205,164,54,37
1045,219,163,54,37
1046,235,162,54,37
1047,235,161,54,37
1048,51,63,54,37
1049,54,62,54,37
1050,58,61,54,37
1051,62,60,54,37
1052,65,59,54,37
1053,68,58,54,37
1054,73,57,54,37
1055,76,56,54,37
1056,78,56,54,37
1057,79,56,54,37
1058,85,56,54,37
1059,87,56,54,37
1060,88,56,54,37
1061,93,55,54,37
1062,95,55,54,37
1063,96,55,54,37
1064,101,54,54,37
1065,103,53,54,37
1066,104,53,54,37
1067,109,52,54,37
1068,111,51,54,37
1069,112,51,54,37
1070,115,50,54,37
1071,117,50,54,37
1072,120,49,54,37
1073,123,48,54,37
1074,125,47,54,37
1075,128,46,54,37
1076,131,45,54,37
1077,132,44,54,37
1078,134,43,54,37
1079,135,43,54,37
1080,139,42,54,37
1081,141,41,54,37
1082,142,41,54,37
1083,146,40,54,37
1084,148,39,54,37
1085,149,39,54,37
1086,152,38,54,37
1087,154,38,54,37
1088,157,37,54,37
1089,159,36,54,37
1090,160,36,54,37
1091,163,36,54,37
1092,165,36,54,37
1093,166,36,54,37
1094,168,36,54,37
1095,170,36,54,37
1096,171,36,54,37
1097,173,36,54,37
1098,174,36,54,37
1099,177,36,54,37
1100,179,36,54,37
1101,180,36,54,37
1102,182,36,54,37
1103,183,36,54,37
1104,185,36,54,37
1105,186,36,54,37
1106,187,36,54,37
1107,188,36,54,37
1108,189,36,54,37
1109,189,36,54,37
1110,190,37,54,37
1111,190,37,54,37
1112,191,38,54,37
1113,192,39,54,37
1114,192,39,54,37
1115,194,41,54,37
1116,195,42,54,37
1117,195,42,54,37
1118,196,43,54,37
1119,197,44,54,37
1120,197,44,54,37
1121,198,45,54,37
1122,199,45,54,37
1123,199,45,54,37
1124,200,45,54,37
1125,201,45,54,37
1126,202,45,54,37
1127,204,45,54,37
1128,205,45,54,37
1129,208,45,54,37
1130,210,44,54,37
1131,212,43,54,37
1132,216,41,54,37
1133,219,40,54,37
1134,221,39,54,37
1135,224,38,54,37
1136,229,36,54,37
1137,231,35,54,37
1138,234,34,54,37
1139,235,33,54,37
1140,189,13,54,37
1141,194,11,54,37
1142,197,10,54,37
1143,205,8,54,37
1144,216,5,54,37
1145,220,4,54,37
1146,230,2,54,37
1147,235,1,54,37
1148,98,132,54,37
1149,116,133,54,37
1150,138,134,54,37
1151,146,134,54,37
1152,165,135,54,37
1153,189,136,54,37
1154,189,136,54,37
1155,218,138,54,37
1156,231,139,54,37
1157,235,139,54,37
1158,235,139,54,37
1159,235,139,54,37
1160,66,92,54,37
1161,73,93,54,37
1162,96,95,54,37
1163,109,97,54,37
1164,134,100,54,37
1165,159,103,54,37
1166,173,105,54,37
1167,201,108,54,37
1168,228,111,54,37
1169,235,112,54,37
1170,0,112,54,37
1171,22,114,54,37
1172,48,116,54,37
1173,65,117,54,37
1174,90,119,54,37
1175,118,121,54,37
1176,137,122,54,37
1177,159,124,54,37
1178,169,125,54,37
1179,225,129,54,37
1180,235,130,54,37
1181,235,130,54,37
1182,56,164,54,37
1183,73,166,54,37
1184,83,167,54,37
1185,112,170,54,37
1186,153,174,54,37
1187,164,175,54,37
1188,196,178,54,37
1189,216,179,54,37
1190,235,49,54,37
1191,235,49,54,37
1192,235,49,54,37
1193,235,49,54,37
1194,235,49,54,37
1195,235,49,54,37
1196,235,49,54,37
1197,235,49,54,37
1198,235,49,54,37
1199,235,49,54,37
1200,235,49,54,37
1201,235,49,54,37
1202,235,49,54,37
1203,234,50,54,37
1204,233,51,54,37
1205,232,52,54,37
1206,232,53,54,37
1207,231,55,54,37
1208,229,58,54,37
1209,229,58,54,37
1210,228,60,54,37
1211,227,61,54,37
1212,226,63,54,37
1213,225,65,54,37
1214,224,66,54,37
1215,223,67,54,37
1216,223,67,54,37
1217,221,69,54,37
1218,220,69,54,37
1219,220,69,54,37
1220,218,71,54,37
1221,217,72,54,37
1222,216,73,54,37
1223,215,73,54,37
1224,214,73,54,37
1225,214,73,54,37
1226,212,73,54,37
1227,210,73,54,37
1228,209,73,54,37
1229,208,72,54,37
1230,206,71,54,37
1231,206,71,54,37
1232,205,70,54,37
1233,203,69,54,37
1234,202,69,54,37
1235,201,68,54,37
1236,200,67,54,37
1237,198,66,54,37
1238,197,65,54,37
1239,196,64,54,37
1240,195,63,54,37
1241,193,62,54,37
1242,192,62,54,37
1243,190,61,54,37
1244,188,61,54,37
1245,187,61,54,37
1246,185,61,54,37
1247,184,61,54,37
1248,181,61,54,37
1249,179,61,54,37
1250,178,61,54,37
1251,175,60,54,37
1252,173,59,54,37
1253,172,59,54,37
1254,168,58,54,37
1255,166,57,54,37
1256,163,56,54,37
1257,162,55,54,37
1258,160,54,54,37
1259,157,53,54,37
1260,156,53,54,37
1261,155,52,54,37
1262,154,52,54,37
1263,152,52,54,37
1264,151,52,54,37
1265,151,52,54,37
1266,156,53,54,37
1267,159,54,54,37
1268,159,54,54,37
1269,164,56,54,37
1270,166,57,54,37
1271,167,57,54,37
1272,198,58,54,37
1273,215,59,54,37
1274,12,66,54,37
1275,18,68,54,37
1276,21,70,54,37
1277,27,73,54,37
1278,30,75,54,37
1279,31,77,54,37
1280,31,79,54,37
1281,31,80,54,37
1282,38,82,54,37
1283,38,83,54,37
1284,38,83,54,37
1285,45,83,54,37
1286,45,83,54,37
1287,45,83,54,37
1288,45,82,54,37
1289,44,80,54,37
1290,44,79,54,37
1291,44,79,54,37
1292,44,79,54,37
1293,44,79,54,37
1294,44,79,54,37
1295,45,79,54,37
1296,45,80,54,37
1297,46,81,54,37
1298,47,82,54,37
1299,48,83,54,37
1300,50,84,54,37
1301,51,85,54,37
1302,52,86,54,37
1303,54,87,54,37
1304,56,88,54,37
1305,57,89,54,37
1306,58,89,54,37
1307,60,90,54,37
1308,63,91,54,37
1309,63,91,54,37
1310,66,91,54,37
1311,66,91,54,37
1312,68,91,54,37
1313,69,91,54,37
1314,71,91,54,37
1315,71,91,54,37
1316,72,91,54,37
1317,74,90,54,37
1318,74,90,54,37
1319,75,90,54,37
1320,76,89,54,37
1321,77,88,54,37
1322,78,87,54,37
1323,79,86,54,37
1324,80,85,54,37
1325,80,85,54,37
1326,82,83,54,37
1327,83,82,54,37
1328,83,82,54,37
1329,84,80,54,37
1330,84,79,54,37
1331,84,79,54,37
1332,85,78,54,37
1333,85,78,54,37
1334,85,78,54,37
1335,85,79,54,37
1336,85,79,54,37
1337,85,79,54,37
1338,85,80,54,37
1339,85,80,54,37
1340,85,81,54,37
1341,85,81,54,37
1342,85,81,54,37
1343,85,81,54,37
1344,84,81,54,37
1345,84,81,54,37
1346,84,81,54,37
1347,84,81,54,37
1348,83,81,54,37
1349,83,81,54,37
1350,83,81,54,37
1351,82,81,54,37
1352,82,81,54,37
1353,81,81,54,37
1354,80,81,54,37
1355,79,81,54,37
1356,78,81,54,37
1357,77,81,54,37
1358,76,81,54,37
1359,75,81,54,37
1360,74,81,54,37
1361,73,81,54,37
1362,71,81,54,37
1363,69,81,54,37
1364,68,81,54,37
1365,65,82,54,37
1366,64,82,54,37
1367,63,82,54,37
1368,61,82,54,37
1369,58,83,54,37
1370,57,83,54,37
1371,55,84,54,37
1372,54,84,54,37
1373,53,85,54,37
1374,52,85,54,37
1375,51,85,54,37
1376,50,85,54,37
1377,49,85,54,37
1378,49,85,54,37
1379,49,85,54,37
1380,49,85,54,37
1381,49,85,54,37
1382,49,85,54,37
1383,49,85,54,37
1384,49,85,54,37
1385,49,85,54,37
1386,49,85,54,37
1387,49,85,54,37
1388,49,85,54,37
1389,49,85,54,37
1390,49,86,54,37
1391,49,86,54,37
1392,49,86,54,37
1393,49,86,54,37
1394,49,87,54,37
1395,49,87,54,37
1396,49,88,54,37
1397,48,90,54,37
1398,48,91,54,37
1399,47,94,54,37
1400,46,98,54,37
1401,46,99,54,37
1402,45,102,54,37
1403,45,103,54,37
1404,44,105,54,37
1405,44,106,54,37
1406,44,107,54,37
1407,43,107,54,37
1408,42,107,54,37
1409,41,104,54,37
1410,41,103,54,37
1411,42,100,54,37
1412,43,95,54,37
1413,43,93,54,37
1414,43,89,54,37
1415,43,87,54,37
1416,44,83,54,37
1417,44,79,54,37
1418,44,74,54,37
1419,44,73,54,37
1420,44,72,54,37
1421,45,72,54,37
1422,48,73,54,37
1423,51,74,54,37
1424,53,75,54,37
1425,57,76,54,37
1426,59,76,54,37
1427,66,76,54,37
1428,69,75,54,37
1429,70,74,54,37
1430,75,70,54,37
1431,78,68,54,37
1432,79,67,54,37
1433,82,65,54,37
1434,84,64,54,37
1435,87,63,54,37
1436,89,63,54,37
1437,91,64,54,37
1438,93,66,54,37
1439,95,69,54,37
1440,97,72,54,37
1441,99,74,54,37
1442,101,77,54,37
1443,103,81,54,37
1444,105,84,54,37
1445,107,86,54,37
1446,108,87,54,37
1447,109,87,54,37
1448,110,87,54,37
1449,111,86,54,37
1450,112,85,54,37
1451,112,85,54,37
1452,110,84,54,37
1453,108,84,54,37
1454,105,83,54,37
1455,102,83,54,37
1456,100,83,54,37
1457,96,83,54,37
1458,92,83,54,37
1459,89,83,54,37
1460,87,83,54,37
1461,83,83,54,37
1462,81,83,54,37
1463,79,83,54,37
1464,78,83,54,37
1465,75,83,54,37
1466,73,83,54,37
1467,71,83,54,37
1468,69,84,54,37
1469,67,85,54,37
1470,66,86,54,37
1471,65,87,54,37
1472,64,88,54,37
1473,64,89,54,37
1474,64,89,54,37
1475,62,91,54,37
1476,61,92,54,37
1477,61,92,54,37
1478,60,92,54,37
1479,59,92,54,37
1480,58,90,54,37
1481,57,88,54,37
1482,56,86,54,37
1483,55,84,54,37
1484,53,81,54,37
1485,53,79,54,37
1486,53,78,54,37
1487,71,29,54,37
1488,95,28,54,37
1489,141,27,54,37
1490,141,27,54,37
1491,212,26,54,37
1492,235,26,54,37
1493,46,69,54,37
1494,46,69,54,37
1495,46,69,54,37
1496,46,69,54,37
1497,46,68,54,37
1498,46,68,54,37
1499,46,68,54,37
1500,46,68,54,37
1501,46,68,54,37
1502,46,68,54,37
1503,46,68,54,37
1504,46,68,54,37
1505,46,68,54,37
1506,46,68,54,37
1507,45,67,54,37
1508,45,67,54,37
1509,45,67,54,37
1510,45,67,54,37
1511,46,68,54,37
1512,46,68,54,37
1513,47,69,54,37
1514,51,70,54,37
1515,52,70,54,37
1516,56,71,54,37
1517,59,72,54,37
1518,62,73,54,37
1519,66,74,54,37
1520,68,75,54,37
1521,71,76,54,37
1522,74,76,54,37
1523,76,76,54,37
1524,78,76,54,37
1525,79,76,54,37
1526,83,76,54,37
1527,86,76,54,37
1528,88,76,54,37
1529,90,75,54,37
1530,92,74,54,37
1531,94,73,54,37
1532,95,73,54,37
1533,97,72,54,37
1534,98,71,54,37
1535,99,71,54,37
1536,100,70,54,37
1537,102,69,54,37
1538,103,68,54,37
1539,104,67,54,37
1540,104,67,54,37
1541,104,67,54,37
1542,104,67,54,37
1543,104,67,54,37
1544,105,67,54,37
1545,106,67,54,37
1546,106,67,54,37
1547,108,67,54,37
1548,109,67,54,37
1549,109,67,54,37
1550,111,67,54,37
1551,113,67,54,37
1552,114,67,54,37
1553,115,67,54,37
1554,116,67,54,37
1555,117,68,54,37
1556,117,69,54,37
1557,117,70,54,37
1558,116,71,54,37
1559,115,72,54,37
1560,111,75,54,37
1561,109,76,54,37
1562,108,77,54,37
1563,106,78,54,37
1564,103,80,54,37
1565,102,80,54,37
1566,100,81,54,37
1567,98,82,54,37
1568,98,82,54,37
1569,97,83,54,37
1570,97,84,54,37
1571,97,85,54,37
1572,97,85,54,37
1573,97,86,54,37
1574,98,87,54,37
1575,98,87,54,37
1576,98,87,54,37
1577,99,88,54,37
1578,100,89,54,37
1579,102,90,54,37
1580,103,91,54,37
1581,104,92,54,37
1582,105,92,54,37
1583,107,93,54,37
1584,110,94,54,37
1585,110,94,54,37
1586,112,94,54,37
1587,115,93,54,37
1588,116,93,54,37
1589,118,92,54,37
1590,120,91,54,37
1591,122,90,54,37
1592,123,88,54,37
1593,59,81,54,37
1594,65,81,54,37
1595,103,82,54,37
1596,108,81,54,37
1597,108,79,54,37
1598,106,77,54,37
1599,104,75,54,37
1600,102,74,54,37
1601,99,72,54,37
1602,97,71,54,37
1603,95,70,54,37
1604,94,70,54,37
1605,90,68,54,37
1606,88,67,54,37
1607,88,67,54,37
1608,87,66,54,37
1609,85,64,54,37
1610,85,64,54,37
1611,232,75,54,37
1612,232,75,54,37
1613,232,75,54,37
1614,232,75,54,37
1615,232,75,54,37
1616,234,75,54,37
1617,235,75,54,37
1618,235,75,54,37
1619,235,75,54,37
1620,227,74,54,37
1621,230,74,54,37
1622,230,74,54,37
1623,233,74,54,37
1624,235,74,54,37
1625,227,73,54,37
1626,228,73,54,37
1627,231,73,54,37
1628,232,73,54,37
1629,235,73,54,37
1630,208,34,54,37
1631,231,36,54,37
1632,47,52,54,37
1633,136,114,54,37
1634,156,115,54,37
1635,211,129,54,37
1636,220,120,54,37
1637,235,117,54,37
1638,192,70,54,37
1639,170,23,54,37
1640,189,6,54,37
1641,224,28,54,37
1642,235,0,54,37
1643,43,62,54,37
1644,43,62,54,37
1645,40,62,54,37
1646,39,62,54,37
1647,39,62,54,37
1648,38,62,54,37
1649,37,62,54,37
1650,36,62,54,37
1651,36,62,54,37
1652,36,62,54,37
1653,36,62,54,37
1654,25,0,54,37
1655,28,0,54,37
1656,31,0,54,37
1657,32,0,54,37
1658,42,2,54,37
1659,47,3,54,37
1660,49,3,54,37
1661,61,5,54,37
1662,66,6,54,37
1663,68,6,54,37
1664,79,8,54,37
1665,83,9,54,37
1666,91,11,54,37
1667,96,12,54,37
1668,100,13,54,37
1669,108,15,54,37
1670,112,16,54,37
1671,116,17,54,37
1672,118,17,54,37
1673,128,18,54,37
1674,131,18,54,37
1675,133,18,54,37
1676,143,19,54,37
1677,147,20,54,37
1678,149,20,54,37
1679,154,21,54,37
1680,161,22,54,37
1681,163,22,54,37
1682,171,23,54,37
1683,176,24,54,37
1684,178,24,54,37
1685,186,25,54,37
1686,189,25,54,37
1687,191,25,54,37
1688,196,26,54,37
1689,199,27,54,37
1690,203,28,54,37
1691,207,29,54,37
1692,209,29,54,37
1693,214,30,54,37
1694,218,30,54,37
1695,220,30,54,37
1696,223,31,54,37
1697,228,32,54,37
1698,230,32,54,37
1699,233,32,54,37
1700,234,32,54,37
1701,235,32,54,37
1702,235,32,54,37
1703,235,32,54,37
1704,235,32,54,37
1705,235,32,54,37
1706,235,32,54,37
1707,235,32,54,37
1708,235,33,54,37
1709,235,33,54,37
1710,235,33,54,37
1711,235,34,54,37
1712,235,34,54,37
1713,235,34,54,37
1714,235,35,54,37
1715,235,36,54,37
1716,235,36,54,37
1717,235,37,54,37
1718,235,38,54,37
1719,235,39,54,37
1720,235,40,54,37
1721,235,41,54,37
1722,235,42,54,37
1723,235,43,54,37
1724,235,44,54,37
1725,235,45,54,37
1726,235,46,54,37
1727,235,47,54,37
1728,235,47,54,37
1729,235,47,54,37
1730,235,48,54,37
1731,235,48,54,37
1732,235,49,54,37
1733,235,50,54,37
1734,235,51,54,37
1735,235,52,54,37
1736,235,53,54,37
1737,235,55,54,37
1738,235,55,54,37
1739,235,56,54,37
1740,235,57,54,37
1741,235,58,54,37
1742,235,59,54,37
1743,235,61,54,37
1744,235,61,54,37
1745,235,62,54,37
1746,234,64,54,37
1747,234,64,54,37
1748,235,65,54,37
1749,235,66,54,37
1750,235,66,54,37
1751,235,67,54,37
1752,235,68,54,37
1753,235,68,54,37
1754,235,69,54,37
1755,235,69,54,37
1756,235,69,54,37
1757,235,69,54,37
1758,235,69,54,37
1759,235,69,54,37
1760,235,69,54,37
1761,235,69,54,37
1762,235,69,54,37
1763,235,69,54,37
1764,235,69,54,37
1765,235,68,54,37
1766,235,68,54,37
1767,235,67,54,37
1768,235,66,54,37
1769,235,65,54,37
1770,235,64,54,37
1771,235,63,54,37
1772,235,63,54,37
1773,235,63,54,37
1774,235,63,54,37
1775,235,63,54,37
1776,106,154,54,37
1777,128,157,54,37
1778,143,159,54,37
1779,180,164,54,37
1780,223,170,54,37
1781,235,172,54,37
1782,228,171,54,37
1783,50,145,54,37
1784,50,145,54,37
1785,84,150,54,37
1786,104,153,54,37
1787,142,159,54,37
1788,180,165,54,37
1789,197,168,54,37
1790,234,174,54,37
1791,173,165,54,37
1792,190,168,54,37
1793,208,171,54,37
1794,235,176,54,37
1795,58,149,54,37
1796,77,152,54,37
1797,77,152,54,37
1798,132,161,54,37
1799,151,164,54,37
1800,151,164,54,37
1801,187,170,54,37
1802,233,178,54,37
1803,233,178,54,37
1804,33,147,54,37
1805,68,153,54,37
1806,66,153,54,37
1807,126,163,54,37
1808,174,171,54,37
1809,209,177,54,37
1810,214,178,54,37
1811,12,146,54,37
1812,35,150,54,37
1813,41,151,54,37
1814,76,157,54,37
1815,125,166,54,37
1816,130,167,54,37
1817,164,173,54,37
1818,0,147,54,37
1819,12,149,54,37
1820,46,155,54,37
1821,89,163,54,37
1822,101,165,54,37
1823,155,175,54,37
1824,177,179,54,37
1825,177,179,54,37
1826,3,151,54,37
1827,3,151,54,37
1828,1,151,54,37
1829,4,152,54,37
1830,92,168,54,37
1831,91,168,54,37
1832,87,168,54,37
1833,83,168,54,37
1834,78,168,54,37
1835,73,168,54,37
1836,68,168,54,37
1837,99,174,54,37
1838,124,179,54,37
1839,123,179,54,37
1840,21,163,54,37
1841,18,163,54,37
1842,17,163,54,37
1843,50,170,54,37
1844,93,178,54,37
1845,92,178,54,37
1846,88,55,54,37
1847,91,56,54,37
1848,99,58,54,37
1849,102,59,54,37
1850,105,60,54,37
1851,105,60,54,37
1852,114,62,54,37
1853,126,65,54,37
1854,126,65,54,37
1855,128,66,54,37
1856,130,67,54,37
1857,134,68,54,37
1858,138,69,54,37
1859,142,70,54,37
1860,142,70,54,37
1861,147,71,54,37
1862,151,72,54,37
1863,153,72,54,37
1864,154,72,54,37
1865,154,72,54,37
1866,154,71,54,37
1867,154,71,54,37
1868,154,70,54,37
1869,154,70,54,37
1870,154,70,54,37
1871,154,69,54,37
1872,154,68,54,37
1873,154,67,54,37
1874,154,67,54,37
1875,154,65,54,37
1876,154,64,54,37
1877,153,63,54,37
1878,152,62,54,37
1879,152,61,54,37
1880,152,59,54,37
1881,151,58,54,37
1882,151,57,54,37
1883,151,57,54,37
1884,149,55,54,37
1885,148,54,54,37
1886,148,54,54,37
1887,148,53,54,37
1888,148,51,54,37
1889,147,50,54,37
1890,145,50,54,37
1891,144,49,54,37
1892,143,48,54,37
1893,142,47,54,37
1894,142,46,54,37
1895,142,45,54,37
1896,142,45,54,37
1897,142,43,54,37
1898,142,43,54,37
1899,142,43,54,37
1900,140,42,54,37
1901,140,42,54,37
1902,140,42,54,37
1903,141,42,54,37
1904,144,42,54,37
1905,147,42,54,37
1906,148,42,54,37
1907,155,43,54,37
1908,157,44,54,37
1909,157,44,54,37
1910,162,46,54,37
1911,163,47,54,37
1912,164,47,54,37
1913,170,48,54,37
1914,172,49,54,37
1915,175,50,54,37
1916,177,51,54,37
1917,178,52,54,37
1918,181,53,54,37
1919,182,54,54,37
1920,184,55,54,37
1921,188,55,54,37
1922,190,56,54,37
1923,191,56,54,37
1924,191,56,54,37
1925,195,57,54,37
1926,197,57,54,37
1927,198,57,54,37
1928,202,58,54,37
1929,204,58,54,37
1930,205,58,54,37
1931,207,59,54,37
1932,210,60,54,37
1933,214,60,54,37
1934,217,60,54,37
1935,220,60,54,37
1936,222,60,54,37
1937,225,61,54,37
1938,227,62,54,37
1939,230,63,54,37
1940,233,64,54,37
1941,235,66,54,37
1942,235,66,54,37
1943,235,66,54,37
1944,235,62,54,37
1945,235,61,54,37
1946,213,0,54,37
1947,213,0,54,37
1948,213,0,54,37
1949,230,4,54,37
1950,235,5,54,37
1951,235,5,54,37
1952,37,75,54,37
1953,61,80,54,37
1954,84,85,54,37
1955,123,93,54,37
1956,151,99,54,37
1957,170,103,54,37
1958,184,106,54,37
1959,222,114,54,37
1960,50,72,54,37
1961,51,72,54,37
1962,59,73,54,37
1963,92,80,54,37
1964,104,82,54,37
1965,140,90,54,37
1966,179,99,54,37
1967,181,99,54,37
1968,181,99,54,37
1969,235,111,54,37
1970,117,82,54,37
1971,117,82,54,37
1972,126,84,54,37
1973,133,85,54,37
1974,165,92,54,37
1975,200,100,54,37
1976,218,104,54,37
1977,233,107,54,37
1978,234,107,54,37
1979,50,79,54,37
1980,57,81,54,37
1981,64,83,54,37
1982,65,83,54,37
1983,85,88,54,37
1984,96,91,54,37
1985,135,101,54,37
1986,143,103,54,37
1987,153,106,54,37
1988,45,175,54,37
1989,60,179,54,37
1990,58,179,54,37
1991,59,179,54,37
1992,121,62,54,37
1993,143,66,54,37
1994,57,163,54,37
1995,122,178,54,37
1996,235,172,54,37
1997,38,114,54,37
1998,82,120,54,37
1999,114,124,54,37
2000,183,133,54,37
2001,217,138,54,37
2002,235,141,54,37
2003,235,141,54,37
2004,235,141,54,37
2005,200,158,54,37
2006,206,161,54,37
2007,235,172,54,37
2008,125,159,54,37
2009,154,166,54,37
2010,191,175,54,37
2011,125,52,54,37
2012,144,57,54,37
2013,179,66,54,37
2014,203,72,54,37
2015,226,76,54,37
2016,228,77,54,37
2017,227,77,54,37
2018,227,78,54,37
2019,224,78,54,37
2020,224,78,54,37
2021,224,78,54,37
2022,224,78,54,37
2023,86,0,54,37
2024,89,0,54,37
2025,90,0,54,37
2026,97,1,54,37
2027,103,2,54,37
2028,108,2,54,37
2029,116,3,54,37
2030,122,3,54,37
2031,128,3,54,37
2032,135,3,54,37
2033,142,3,54,37
2034,148,3,54,37
2035,150,3,54,37
2036,169,4,54,37
2037,176,4,54,37
2038,178,4,54,37
2039,190,5,54,37
2040,208,6,54,37
2041,211,6,54,37
2042,223,7,54,37
2043,234,8,54,37
2044,235,8,54,37
2045,235,8,54,37
2046,144,66,54,37
2047,146,66,54,37
2048,147,66,54,37
2049,150,65,54,37
2050,173,68,54,37
2051,174,68,54,37
2052,191,71,54,37
2053,201,73,54,37
2054,211,75,54,37
2055,222,77,54,37
2056,229,78,54,37
2057,234,79,54,37
2058,235,79,54,37
2059,235,75,54,37
2060,235,75,54,37
2061,235,75,54,37
2062,232,36,54,37
2063,235,37,54,37
2064,45,13,54,37
2065,59,17,54,37
2066,70,20,54,37
2067,80,23,54,37
2068,95,27,54,37
2069,107,30,54,37
2070,118,33,54,37
2071,122,34,54,37
2072,144,36,54,37
2073,168,39,54,37
2074,172,40,54,37
2075,189,43,54,37
2076,211,49,54,37
2077,214,51,54,37
2078,231,55,54,37
2079,235,61,54,37
2080,161,84,54,37
2081,161,84,54,37
2082,162,84,54,37
2083,162,84,54,37
2084,165,85,54,37
2085,165,85,54,37
2086,165,85,54,37
2087,165,85,54,37
2088,166,86,54,37
2089,166,86,54,37
2090,166,86,54,37
2091,167,86,54,37
2092,167,86,54,37
2093,167,86,54,37
2094,168,86,54,37
2095,169,86,54,37
2096,169,86,54,37
2097,170,86,54,37
2098,170,86,54,37
2099,170,86,54,37
2100,170,86,54,37
2101,170,86,54,37
2102,170,86,54,37
2103,170,86,54,37
2104,171,86,54,37
2105,178,88,54,37
2106,178,89,54,37
2107,178,89,54,37
2108,179,89,54,37
2109,179,89,54,37
2110,189,92,54,37
2111,216,100,54,37
2112,226,103,54,37
2113,235,106,54,37
2114,8,38,54,37
2115,18,41,54,37
2116,18,41,54,37
2117,18,41,54,37
2118,17,41,54,37
2119,17,41,54,37
2120,16,41,54,37
2121,15,41,54,37
2122,14,41,54,37
2123,15,41,54,37
2124,15,41,54,37
2125,14,41,54,37
2126,216,103,54,37
2127,231,108,54,37
2128,235,110,54,37
2129,233,110,54,37
2130,235,111,54,37
2131,2,40,54,37
2132,8,42,54,37
2133,4,42,54,37
2134,16,46,54,37
2135,16,47,54,37
2136,18,48,54,37
2137,20,49,54,37
2138,20,49,54,37
2139,21,50,54,37
2140,22,51,54,37
2141,22,51,54,37
2142,20,51,54,37
2143,20,51,54,37
2144,20,51,54,37
2145,26,53,54,37
2146,28,54,54,37
2147,32,55,54,37
2148,32,55,54,37
2149,234,117,54,37
2150,233,116,54,37
2151,234,115,54,37
2152,7,44,54,37
2153,25,49,54,37
2154,35,52,54,37
2155,10,42,54,37
2156,32,48,54,37
2157,32,48,54,37
2158,0,36,54,37
2159,25,43,54,37
2160,32,45,54,37
2161,60,53,54,37
2162,92,109,54,37
2163,134,121,54,37
2164,136,121,54,37
2165,138,121,54,37
2166,138,121,54,37
2167,200,139,54,37
2168,221,145,54,37
2169,222,145,54,37
2170,176,129,54,37
2171,177,129,54,37
2172,177,129,54,37
2173,176,128,54,37
2174,187,131,54,37
2175,220,141,54,37
2176,220,140,54,37
2177,221,140,54,37
2178,221,140,54,37
2179,206,135,54,37
2180,2,70,54,37
2181,12,73,54,37
2182,12,73,54,37
2183,12,73,54,37
2184,46,84,54,37
2185,30,79,54,37
2186,51,86,54,37
2187,16,75,54,37
2188,16,75,54,37
2189,15,75,54,37
2190,33,81,54,37
2191,33,81,54,37
2192,67,92,54,37
2193,205,137,54,37
2194,205,137,54,37
2195,203,137,54,37
2196,233,147,54,37
2197,233,147,54,37
2198,74,96,54,37
2199,72,96,54,37
2200,72,96,54,37
2201,6,75,54,37
2202,30,83,54,37
2203,209,141,54,37
2204,233,149,54,37
2205,198,138,54,37
2206,228,148,54,37
2207,6,76,54,37
2208,24,82,54,37
2209,42,88,54,37
2210,42,88,54,37
2211,41,88,54,37
2212,7,77,54,37
2213,7,77,54,37
2214,221,147,54,37
2215,41,88,54,37
2216,41,88,54,37
2217,188,136,54,37
2218,158,126,54,37
2219,158,126,54,37
2220,150,123,54,37
2221,214,144,54,37
2222,196,138,54,37
2223,209,142,54,37
2224,179,132,54,37
2225,201,139,54,37
2226,214,143,54,37
2227,214,143,54,37
2228,214,143,54,37
2229,212,143,54,37
2230,226,148,54,37
2231,226,148,54,37
2232,84,102,54,37
2233,124,116,54,37
2234,124,116,54,37
2235,172,133,54,37
2236,186,138,54,37
2237,186,138,54,37
2238,229,153,54,37
2239,138,123,54,37
2240,158,130,54,37
2241,183,139,54,37
2242,212,149,54,37
2243,223,153,54,37
2244,233,157,54,37
2245,232,157,54,37
2246,234,158,54,37
2247,233,158,54,37
2248,195,146,54,37
2249,194,146,54,37
2250,193,146,54,37
2251,192,146,54,37
2252,197,148,54,37
2253,197,148,54,37
2254,196,148,54,37
2255,220,156,54,37
2256,228,159,54,37
2257,227,159,54,37
2258,227,159,54,37
2259,226,159,54,37
2260,225,159,54,37
2261,225,159,54,37
2262,225,159,54,37
2263,215,156,54,37
2264,221,158,54,37
2265,221,158,54,37
2266,221,158,54,37
2267,224,159,54,37
2268,231,161,54,37
2269,233,161,54,37
2270,235,161,54,37
2271,123,124,54,37
2272,128,124,54,37
2273,130,124,54,37
2274,132,124,54,37
2275,133,124,54,37
2276,17,84,54,37
2277,19,84,54,37
2278,20,84,54,37
2279,30,85,54,37
2280,33,85,54,37
2281,34,85,54,37
2282,45,86,54,37
2283,48,86,54,37
2284,49,86,54,37
2285,7,70,54,37
2286,28,76,54,37
2287,29,76,54,37
2288,45,79,54,37
2289,51,80,54,37
2290,52,80,54,37
2291,56,80,54,37
2292,58,80,54,37
2293,64,81,54,37
2294,144,105,54,37
2295,146,105,54,37
2296,147,105,54,37
2297,163,109,54,37
2298,165,109,54,37
2299,167,109,54,37
2300,185,114,54,37
2301,205,120,54,37
2302,206,120,54,37
2303,233,128,54,37
2304,234,128,54,37
2305,189,113,54,37
2306,16,57,54,37
2307,17,57,54,37
2308,33,62,54,37
2309,33,62,54,37
2310,124,91,54,37
2311,124,91,54,37
2312,174,107,54,37
2313,193,113,54,37
2314,202,116,54,37
2315,219,122,54,37
2316,89,81,54,37
2317,86,81,54,37
2318,84,81,54,37
2319,83,81,54,37
2320,101,88,54,37
2321,125,97,54,37
2322,124,97,54,37
2323,146,105,54,37
2324,158,110,54,37
2325,174,116,54,37
2326,196,124,54,37
2327,202,127,54,37
2328,218,133,54,37
2329,234,139,54,37
2330,106,100,54,37
2331,106,100,54,37
2332,90,96,54,37
2333,87,96,54,37
2334,63,89,54,37
2335,62,89,54,37
2336,126,111,54,37
2337,102,104,54,37
2338,101,104,54,37
2339,190,133,54,37
2340,142,119,54,37
2341,141,119,54,37
2342,158,125,54,37
2343,207,141,54,37
2344,224,147,54,37
2345,58,95,54,37
2346,69,99,54,37
2347,68,99,54,37
2348,66,99,54,37
2349,74,102,54,37
2350,86,106,54,37
2351,86,106,54,37
2352,107,113,54,37
2353,162,131,54,37
2354,162,131,54,37
2355,180,137,54,37
2356,200,144,54,37
2357,200,144,54,37
2358,199,144,54,37
2359,198,144,54,37
2360,104,115,54,37
2361,123,121,54,37
2362,139,126,54,37
2363,152,130,54,37
2364,169,135,54,37
2365,191,141,54,37
2366,192,141,54,37
2367,207,145,54,37
2368,227,150,54,37
2369,120,116,54,37
2370,128,118,54,37
2371,129,118,54,37
2372,149,124,54,37
2373,156,126,54,37
2374,156,126,54,37
2375,175,132,54,37
2376,184,135,54,37
2377,190,137,54,37
2378,202,141,54,37
2379,221,147,54,37
2380,12,83,54,37
2381,11,83,54,37
2382,11,83,54,37
2383,26,88,54,37
2384,11,84,54,37
2385,11,84,54,37
2386,32,91,54,37
2387,37,93,54,37
2388,42,95,54,37
2389,1,83,54,37
2390,3,84,54,37
2391,14,88,54,37
2392,10,88,54,37
2393,18,91,54,37
2394,26,94,54,37
2395,45,101,54,37
2396,47,102,54,37
2397,55,105,54,37
2398,54,105,54,37
2399,76,113,54,37
2400,78,114,54,37
2401,77,114,54,37
2402,54,108,54,37
2403,77,116,54,37
2404,76,116,54,37
2405,93,122,54,37
2406,15,102,54,37
2407,15,102,54,37
2408,39,110,54,37
2409,51,114,54,37
2410,59,117,54,37
2411,76,123,54,37
2412,91,128,54,37
2413,99,131,54,37
2414,98,131,54,37
2415,120,139,54,37
2416,125,141,54,37
2417,124,141,54,37
2418,121,141,54,37
2419,5,106,54,37
2420,4,106,54,37
2421,20,112,54,37
2422,43,120,54,37
2423,42,120,54,37
2424,68,129,54,37
2425,67,129,54,37
2426,67,129,54,37
2427,86,135,54,37
2428,95,138,54,37
2429,108,142,54,37
2430,124,147,54,37
2431,134,150,54,37
2432,150,155,54,37
2433,169,161,54,37
2434,182,165,54,37
2435,185,166,54,37
2436,185,166,54,37
2437,185,166,54,37
2438,186,166,54,37
2439,186,166,54,37
2440,188,166,54,37
2441,191,166,54,37
2442,192,166,54,37
2443,195,166,54,37
2444,197,166,54,37
2445,209,169,54,37
2446,130,142,54,37
2447,138,143,54,37
2448,152,145,54,37
2449,153,142,54,37
2450,165,144,54,37
2451,171,144,54,37
2452,177,142,54,37
2453,185,143,54,37
2454,208,148,54,37
2455,217,148,54,37
2456,222,148,54,37
2457,227,148,54,37
2458,229,148,54,37
2459,231,145,54,37
2460,234,145,54,37
2461,164,121,54,37
2462,167,121,54,37
2463,167,120,54,37
2464,173,120,54,37
2465,176,120,54,37
2466,179,120,54,37
2467,180,120,54,37
2468,187,120,54,37
2469,190,120,54,37
2470,191,120,54,37
2471,195,120,54,37
2472,199,120,54,37
2473,202,120,54,37
2474,203,119,54,37
2475,232,127,54,37
2476,78,78,54,37
2477,79,78,54,37
2478,214,118,54,37
2479,216,118,54,37
2480,217,118,54,37
2481,235,122,54,37
2482,233,121,54,37
2483,233,121,54,37
2484,208,113,54,37
2485,208,113,54,37
2486,208,113,54,37
2487,208,113,54,37
2488,48,62,54,37
2489,48,62,54,37
2490,64,66,54,37
2491,66,66,54,37
2492,68,66,54,37
2493,70,66,54,37
2494,77,68,54,37
2495,54,60,54,37
2496,56,60,54,37
2497,57,60,54,37
2498,57,60,54,37
2499,59,60,54,37
2500,59,60,54,37
2501,59,60,54,37
2502,59,60,54,37
2503,59,60,54,37
2504,59,60,54,37
2505,75,65,54,37
2506,75,65,54,37
2507,75,65,54,37
2508,75,65,54,37
2509,85,68,54,37
2510,85,68,54,37
2511,85,68,54,37
2512,86,68,54,37
2513,86,68,54,37
2514,86,68,54,37
2515,86,68,54,37
2516,86,68,54,37
2517,86,68,54,37
2518,86,68,54,37
2519,86,68,54,37
2520,87,68,54,37
2521,87,68,54,37
2522,88,68,54,37
2523,89,68,54,37
2524,89,68,54,37
2525,91,68,54,37
2526,91,67,54,37
2527,91,67,54,37
2528,90,66,54,37
2529,92,66,54,37
2530,92,66,54,37
2531,91,65,54,37
2532,49,51,54,37
2533,49,51,54,37
2534,52,51,54,37
2535,56,51,54,37
2536,57,51,54,37
2537,61,51,54,37
2538,63,51,54,37
2539,66,51,54,37
2540,69,50,54,37
2541,72,50,54,37
2542,75,50,54,37
2543,88,52,54,37
2544,91,52,54,37
2545,69,44,54,37
2546,70,44,54,37
2547,76,44,54,37
2548,88,46,54,37
2549,89,46,54,37
2550,94,46,54,37
2551,99,47,54,37
2552,99,47,54,37
2553,101,47,54,37
2554,101,47,54,37
2555,101,47,54,37
2556,102,48,54,37
2557,104,49,54,37
2558,103,49,54,37
2559,109,52,54,37
2560,111,53,54,37
2561,111,53,54,37
2562,110,53,54,37
2563,113,54,54,37
2564,113,54,54,37
2565,116,55,54,37
2566,120,56,54,37
2567,124,57,54,37
2568,128,58,54,37
2569,129,58,54,37
2570,131,58,54,37
2571,134,58,54,37
2572,136,58,54,37
2573,138,58,54,37
2574,144,59,54,37
2575,150,60,54,37
2576,151,60,54,37
2577,154,60,54,37
2578,157,60,54,37
2579,158,60,54,37
2580,162,60,54,37
2581,164,60,54,37
2582,164,59,54,37
2583,165,58,54,37
2584,164,57,54,37
2585,163,56,54,37
2586,164,56,54,37
2587,159,53,54,37
2588,157,52,54,37
2589,157,52,54,37
2590,35,12,54,37
2591,37,12,54,37
2592,37,12,54,37
2593,33,10,54,37
2594,137,43,54,37
2595,137,43,54,37
2596,135,43,54,37
2597,132,43,54,37
2598,131,43,54,37
2599,127,43,54,37
2600,121,43,54,37
2601,120,43,54,37
2602,115,44,54,37
2603,234,85,54,37
2604,235,86,54,37
2605,232,89,54,37
2606,231,90,54,37
2607,230,90,54,37
2608,229,92,54,37
2609,230,93,54,37
2610,229,93,54,37
2611,229,94,54,37
2612,229,95,54,37
2613,228,95,54,37
2614,228,96,54,37
2615,228,97,54,37
2616,228,97,54,37
2617,228,98,54,37
2618,228,99,54,37
2619,228,99,54,37
2620,228,100,54,37
2621,229,101,54,37
2622,227,101,54,37
2623,225,101,54,37
2624,225,101,54,37
2625,224,101,54,37
2626,223,101,54,37
2627,223,101,54,37
2628,223,101,54,37
2629,223,101,54,37
2630,223,101,54,37
2631,222,101,54,37
2632,222,101,54,37
2633,222,101,54,37
2634,221,101,54,37
2635,221,101,54,37
2636,221,101,54,37
2637,221,101,54,37
2638,221,101,54,37
2639,221,101,54,37
2640,222,101,54,37
2641,222,101,54,37
2642,223,101,54,37
2643,224,101,54,37
2644,226,101,54,37
2645,227,101,54,37
2646,227,101,54,37
2647,227,101,54,37
2648,227,101,54,37
2649,226,101,54,37
2650,225,101,54,37
2651,226,102,54,37
2652,224,102,54,37
2653,223,102,54,37
2654,102,65,54,37
2655,47,49,54,37
2656,58,53,54,37
2657,66,56,54,37
2658,82,62,54,37
2659,90,65,54,37
2660,98,68,54,37
2661,97,68,54,37
2662,93,68,54,37
2663,101,71,54,37
2664,101,71,54,37
2665,99,71,54,37
2666,96,71,54,37
2667,95,71,54,37
2668,92,71,54,37
2669,88,71,54,37
2670,87,71,54,37
2671,84,71,54,37
2672,106,79,54,37
2673,105,79,54,37
2674,51,64,54,37
2675,49,64,54,37
2676,48,64,54,37
2677,76,74,54,37
2678,75,74,54,37
2679,75,74,54,37
2680,91,79,54,37
2681,108,84,54,37
2682,108,84,54,37
2683,232,122,54,37
2684,234,122,54,37
2685,234,122,54,37
2686,232,121,54,37
2687,234,121,54,37
2688,234,121,54,37
2689,235,121,54,37
2690,235,121,54,37
2691,235,121,54,37
2692,235,121,54,37
2693,235,121,54,37
2694,235,121,54,37
2695,235,121,54,37
2696,234,121,54,37
2697,233,121,54,37
2698,233,121,54,37
2699,225,119,54,37
2700,225,119,54,37
2701,225,119,54,37
2702,225,119,54,37
2703,225,119,54,37
2704,225,119,54,37
2705,226,119,54,37
2706,226,119,54,37
2707,226,119,54,37
2708,226,119,54,37
2709,225,119,54,37
2710,225,119,54,37
2711,225,119,54,37
2712,231,121,54,37
2713,231,121,54,37
2714,230,121,54,37
2715,230,121,54,37
2716,230,121,54,37
2717,229,121,54,37
2718,228,121,54,37
2719,228,121,54,37
2720,227,121,54,37
2721,227,121,54,37
2722,227,121,54,37
2723,228,121,54,37
2724,229,121,54,37
2725,229,121,54,37
2726,229,121,54,37
2727,229,121,54,37
2728,229,121,54,37
2729,228,121,54,37
2730,228,121,54,37
2731,228,121,54,37
2732,228,121,54,37
2733,228,121,54,37
2734,228,121,54,37
2735,229,121,54,37
2736,229,121,54,37
2737,229,121,54,37
2738,234,122,54,37
2739,234,122,54,37
2740,234,122,54,37
2741,18,58,54,37
2742,29,61,54,37
2743,40,64,54,37
2744,40,64,54,37
2745,61,70,54,37
2746,47,66,54,37
2747,47,66,54,37
2748,46,66,54,37
2749,55,69,54,37
2750,55,69,54,37
2751,43,66,54,37
2752,42,66,54,37
2753,51,69,54,37
2754,49,69,54,37
2755,48,69,54,37
2756,47,69,54,37
2757,47,69,54,37
2758,44,69,54,37
2759,43,69,54,37
2760,61,75,54,37
2761,59,75,54,37
2762,33,68,54,37
2763,47,73,54,37
2764,46,73,54,37
2765,45,73,54,37
2766,45,73,54,37
2767,42,73,54,37
2768,41,73,54,37
2769,41,73,54,37
2770,61,79,54,37
2771,64,80,54,37
2772,64,80,54,37
2773,47,75,54,37
2774,61,79,54,37
2775,72,82,54,37
2776,72,82,54,37
2777,231,127,54,37
2778,232,127,54,37
2779,232,127,54,37
2780,235,127,54,37
2781,215,120,54,37
2782,228,123,54,37
2783,229,123,54,37
2784,227,121,54,37
2785,234,121,54,37
2786,235,121,54,37
2787,208,112,54,37
2788,218,114,54,37
2789,229,116,54,37
2790,233,116,54,37
2791,235,116,54,37
2792,235,115,54,37
2793,233,113,54,37
2794,232,111,54,37
2795,233,111,54,37
2796,217,105,54,37
2797,230,108,54,37
2798,232,108,54,37
2799,233,108,54,37
2800,233,107,54,37
2801,233,107,54,37
2802,233,107,54,37
2803,232,107,54,37
2804,232,107,54,37
2805,232,107,54,37
2806,232,107,54,37
2807,232,107,54,37
2808,232,107,54,37
2809,232,107,54,37
2810,232,107,54,37
2811,232,107,54,37
2812,232,107,54,37
2813,233,107,54,37
2814,234,107,54,37
2815,234,107,54,37
2816,235,107,54,37
