14-LongDuration 2
1,273,96,21,18
2,0,0,21,18
3,0,0,21,18
4,0,0,21,18
5,0,0,21,18
6,0,0,21,18
7,0,0,21,18
8,0,0,21,18
9,0,0,21,18
10,0,0,21,18
11,0,0,21,18
12,0,0,21,18
13,0,0,21,18
14,0,0,21,18
15,0,0,21,18
16,0,0,21,18
17,0,0,21,18
18,0,0,21,18
19,0,0,21,18
20,0,0,21,18
21,0,0,21,18
22,0,0,21,18
23,0,0,21,18
24,0,0,21,18
25,0,0,21,18
26,0,0,21,18
27,0,0,21,18
28,0,0,21,18
29,0,0,21,18
30,0,0,21,18
31,0,0,21,18
32,0,0,21,18
33,0,0,21,18
34,0,0,21,18
35,0,0,21,18
36,0,0,21,18
37,0,0,21,18
38,0,0,21,18
39,0,0,21,18
40,0,0,21,18
41,0,0,21,18
42,0,0,21,18
43,0,0,21,18
44,0,0,21,18
45,0,0,21,18
46,0,0,21,18
47,0,0,21,18
48,0,0,21,18
49,0,0,21,18
50,0,0,21,18
51,0,0,21,18
52,0,0,21,18
53,0,0,21,18
54,0,0,21,18
55,0,0,21,18
56,0,0,21,18
57,0,0,21,18
58,0,0,21,18
59,0,0,21,18
60,0,0,21,18
61,0,0,21,18
62,0,0,21,18
63,0,0,21,18
64,0,0,21,18
65,0,0,21,18
66,0,0,21,18
67,0,0,21,18
68,0,0,21,18
69,0,0,21,18
70,0,0,21,18
71,0,0,21,18
72,0,0,21,18
73,0,0,21,18
74,0,0,21,18
75,0,0,21,18
76,0,0,21,18
77,0,0,21,18
78,0,0,21,18
79,0,0,21,18
80,0,0,21,18
81,0,0,21,18
82,0,0,21,18
83,0,0,21,18
84,0,0,21,18
85,0,0,21,18
86,0,0,21,18
87,0,0,21,18
88,0,0,21,18
89,0,0,21,18
90,0,0,21,18
91,0,0,21,18
92,0,0,21,18
93,0,0,21,18
94,0,0,21,18
95,0,0,21,18
96,0,0,21,18
97,0,0,21,18
98,0,0,21,18
99,0,0,21,18
100,0,0,21,18
101,0,0,21,18
102,0,0,21,18
103,0,0,21,18
104,0,0,21,18
105,0,0,21,18
106,0,0,21,18
107,0,0,21,18
108,0,0,21,18
109,0,0,21,18
110,0,0,21,18
111,0,0,21,18
112,0,0,21,18
113,0,0,21,18
114,0,0,21,18
115,0,0,21,18
116,0,0,21,18
117,0,0,21,18
118,0,0,21,18
119,0,0,21,18
120,0,0,21,18
121,0,0,21,18
122,0,0,21,18
123,0,0,21,18
124,0,0,21,18
125,0,0,21,18
126,0,0,21,18
127,0,0,21,18
128,0,0,21,18
129,0,0,21,18
130,0,0,21,18
131,0,0,21,18
132,0,0,21,18
133,0,0,21,18
134,0,0,21,18
135,0,0,21,18
136,0,0,21,18
137,0,0,21,18
138,0,0,21,18
139,0,0,21,18
140,0,0,21,18
141,0,0,21,18
142,0,0,21,18
143,0,0,21,18
144,0,0,21,18
145,0,0,21,18
146,0,0,21,18
147,0,0,21,18
148,0,0,21,18
149,0,0,21,18
150,0,0,21,18
151,0,0,21,18
152,0,0,21,18
153,0,0,21,18
154,0,0,21,18
155,0,0,21,18
156,0,0,21,18
157,0,0,21,18
158,0,0,21,18
159,0,0,21,18
160,0,0,21,18
161,0,0,21,18
162,0,0,21,18
163,0,0,21,18
164,0,0,21,18
165,0,0,21,18
166,0,0,21,18
167,0,0,21,18
168,0,0,21,18
169,0,0,21,18
170,0,0,21,18
171,0,0,21,18
172,0,0,21,18
173,0,0,21,18
174,0,0,21,18
175,0,0,21,18
176,0,0,21,18
177,0,0,21,18
178,0,0,21,18
179,0,0,21,18
180,0,0,21,18
181,0,0,21,18
182,0,0,21,18
183,0,0,21,18
184,0,0,21,18
185,0,0,21,18
186,0,0,21,18
187,0,0,21,18
188,0,0,21,18
189,0,0,21,18
190,0,0,21,18
191,0,0,21,18
192,0,0,21,18
193,0,0,21,18
194,0,0,21,18
195,0,0,21,18
196,0,0,21,18
197,0,0,21,18
198,0,0,21,18
199,0,0,21,18
200,0,0,21,18
201,0,0,21,18
202,0,0,21,18
203,0,0,21,18
204,0,0,21,18
205,0,0,21,18
206,0,0,21,18
207,0,0,21,18
208,0,0,21,18
209,0,0,21,18
210,0,0,21,18
211,0,0,21,18
212,0,0,21,18
213,0,0,21,18
214,0,0,21,18
215,0,0,21,18
216,0,0,21,18
217,0,0,21,18
218,0,0,21,18
219,0,0,21,18
220,0,0,21,18
221,0,0,21,18
222,0,0,21,18
223,0,0,21,18
224,0,0,21,18
225,0,0,21,18
226,0,0,21,18
227,0,0,21,18
228,0,0,21,18
229,0,0,21,18
230,0,0,21,18
231,0,0,21,18
232,0,0,21,18
233,0,0,21,18
234,0,0,21,18
235,0,0,21,18
236,0,0,21,18
237,0,0,21,18
238,0,0,21,18
239,0,0,21,18
240,0,0,21,18
241,0,0,21,18
242,0,0,21,18
243,0,0,21,18
244,0,0,21,18
245,0,0,21,18
246,0,0,21,18
247,0,0,21,18
248,0,0,21,18
249,0,0,21,18
250,0,0,21,18
251,0,0,21,18
252,0,0,21,18
253,0,0,21,18
254,0,0,21,18
255,0,0,21,18
256,0,0,21,18
257,0,0,21,18
258,0,0,21,18
259,0,0,21,18
260,0,0,21,18
261,0,0,21,18
262,0,0,21,18
263,0,0,21,18
264,0,0,21,18
265,0,0,21,18
266,0,0,21,18
267,0,0,21,18
268,0,0,21,18
269,0,0,21,18
270,0,0,21,18
271,0,0,21,18
272,0,0,21,18
273,0,0,21,18
274,0,0,21,18
275,0,0,21,18
276,0,0,21,18
277,0,0,21,18
278,0,0,21,18
279,0,0,21,18
280,0,0,21,18
281,0,0,21,18
282,0,0,21,18
283,0,0,21,18
284,0,0,21,18
285,0,0,21,18
286,0,0,21,18
287,0,0,21,18
288,0,0,21,18
289,0,0,21,18
290,0,0,21,18
291,0,0,21,18
292,0,0,21,18
293,0,0,21,18
294,0,0,21,18
295,0,0,21,18
296,0,0,21,18
297,0,0,21,18
298,0,0,21,18
299,0,0,21,18
300,0,0,21,18
301,0,0,21,18
302,0,0,21,18
303,0,0,21,18
304,0,0,21,18
305,0,0,21,18
306,0,0,21,18
307,0,0,21,18
308,0,0,21,18
309,0,0,21,18
310,0,0,21,18
311,0,0,21,18
312,0,0,21,18
313,0,0,21,18
314,0,0,21,18
315,0,0,21,18
316,0,0,21,18
317,0,0,21,18
318,0,0,21,18
319,0,0,21,18
320,0,0,21,18
321,0,0,21,18
322,0,0,21,18
323,0,0,21,18
324,0,0,21,18
325,0,0,21,18
326,0,0,21,18
327,0,0,21,18
328,0,0,21,18
329,0,0,21,18
330,0,0,21,18
331,0,0,21,18
332,0,0,21,18
333,0,0,21,18
334,0,0,21,18
335,0,0,21,18
336,0,0,21,18
337,0,0,21,18
338,0,0,21,18
339,0,0,21,18
340,0,0,21,18
341,0,0,21,18
342,0,0,21,18
343,0,0,21,18
344,0,0,21,18
345,0,0,21,18
346,0,0,21,18
347,0,0,21,18
348,0,0,21,18
349,0,0,21,18
350,0,0,21,18
351,0,0,21,18
352,0,0,21,18
353,0,0,21,18
354,0,0,21,18
355,0,0,21,18
356,0,0,21,18
357,0,0,21,18
358,0,0,21,18
359,0,0,21,18
360,0,0,21,18
361,0,0,21,18
362,0,0,21,18
363,0,0,21,18
364,0,0,21,18
365,0,0,21,18
366,0,0,21,18
367,0,0,21,18
368,0,0,21,18
369,0,0,21,18
370,0,0,21,18
371,0,0,21,18
372,0,0,21,18
373,0,0,21,18
374,0,0,21,18
375,0,0,21,18
376,0,0,21,18
377,0,0,21,18
378,0,0,21,18
379,0,0,21,18
380,0,0,21,18
381,0,0,21,18
382,0,0,21,18
383,0,0,21,18
384,0,0,21,18
385,0,0,21,18
386,0,0,21,18
387,0,0,21,18
388,0,0,21,18
389,0,0,21,18
390,0,0,21,18
391,0,0,21,18
392,0,0,21,18
393,0,0,21,18
394,0,0,21,18
395,0,0,21,18
396,0,0,21,18
397,0,0,21,18
398,0,0,21,18
399,0,0,21,18
400,0,0,21,18
401,0,0,21,18
402,0,0,21,18
403,0,0,21,18
404,0,0,21,18
405,0,0,21,18
406,0,0,21,18
407,0,0,21,18
408,0,0,21,18
409,0,0,21,18
410,0,0,21,18
411,0,0,21,18
412,0,0,21,18
413,0,0,21,18
414,0,0,21,18
415,0,0,21,18
416,0,0,21,18
417,0,0,21,18
418,0,0,21,18
419,0,0,21,18
420,0,0,21,18
421,0,0,21,18
422,0,0,21,18
423,0,0,21,18
424,0,0,21,18
425,0,0,21,18
426,0,0,21,18
427,0,0,21,18
428,0,0,21,18
429,0,0,21,18
430,0,0,21,18
431,0,0,21,18
432,0,0,21,18
433,0,0,21,18
434,0,0,21,18
435,0,0,21,18
436,0,0,21,18
437,0,0,21,18
438,0,0,21,18
439,0,0,21,18
440,0,0,21,18
441,0,0,21,18
442,0,0,21,18
443,0,0,21,18
444,0,0,21,18
445,0,0,21,18
446,0,0,21,18
447,0,0,21,18
448,0,0,21,18
449,0,0,21,18
450,0,0,21,18
451,0,0,21,18
452,0,0,21,18
453,0,0,21,18
454,0,0,21,18
455,0,0,21,18
456,0,0,21,18
457,0,0,21,18
458,0,0,21,18
459,0,0,21,18
460,0,0,21,18
461,0,0,21,18
462,0,0,21,18
463,0,0,21,18
464,0,0,21,18
465,0,0,21,18
466,0,0,21,18
467,0,0,21,18
468,0,0,21,18
469,0,0,21,18
470,0,0,21,18
471,0,0,21,18
472,0,0,21,18
473,0,0,21,18
474,0,0,21,18
475,0,0,21,18
476,0,0,21,18
477,0,0,21,18
478,0,0,21,18
479,0,0,21,18
480,0,0,21,18
481,0,0,21,18
482,0,0,21,18
483,0,0,21,18
484,0,0,21,18
485,0,0,21,18
486,0,0,21,18
487,0,0,21,18
488,0,0,21,18
489,0,0,21,18
490,0,0,21,18
491,0,0,21,18
492,0,0,21,18
493,0,0,21,18
494,0,0,21,18
495,0,0,21,18
496,0,0,21,18
497,0,0,21,18
498,0,0,21,18
499,0,0,21,18
500,0,0,21,18
501,0,0,21,18
502,0,0,21,18
503,0,0,21,18
504,0,0,21,18
505,0,0,21,18
506,0,0,21,18
507,0,0,21,18
508,0,0,21,18
509,0,0,21,18
510,0,0,21,18
511,0,0,21,18
512,0,0,21,18
513,0,0,21,18
514,0,0,21,18
515,0,0,21,18
516,0,0,21,18
517,0,0,21,18
518,0,0,21,18
519,0,0,21,18
520,0,0,21,18
521,0,0,21,18
522,0,0,21,18
523,0,0,21,18
524,0,0,21,18
525,0,0,21,18
526,0,0,21,18
527,0,0,21,18
528,0,0,21,18
529,0,0,21,18
530,0,0,21,18
531,0,0,21,18
532,0,0,21,18
533,0,0,21,18
534,0,0,21,18
535,0,0,21,18
536,0,0,21,18
537,0,0,21,18
538,0,0,21,18
539,0,0,21,18
540,0,0,21,18
541,0,0,21,18
542,0,0,21,18
543,0,0,21,18
544,0,0,21,18
545,0,0,21,18
546,0,0,21,18
547,0,0,21,18
548,0,0,21,18
549,0,0,21,18
550,0,0,21,18
551,0,0,21,18
552,0,0,21,18
553,0,0,21,18
554,0,0,21,18
555,0,0,21,18
556,0,0,21,18
557,0,0,21,18
558,0,0,21,18
559,0,0,21,18
560,0,0,21,18
561,0,0,21,18
562,0,0,21,18
563,0,0,21,18
564,0,0,21,18
565,0,0,21,18
566,0,0,21,18
567,0,0,21,18
568,0,0,21,18
569,0,0,21,18
570,0,0,21,18
571,0,0,21,18
572,0,0,21,18
573,18,4,21,18
574,0,0,21,18
575,0,0,21,18
576,0,0,21,18
577,0,0,21,18
578,0,0,21,18
579,0,0,21,18
580,0,0,21,18
581,0,0,21,18
582,0,0,21,18
583,0,0,21,18
584,0,0,21,18
585,0,0,21,18
586,0,0,21,18
587,0,0,21,18
588,0,0,21,18
589,0,0,21,18
590,0,0,21,18
591,0,0,21,18
592,0,0,21,18
593,0,0,21,18
594,0,0,21,18
595,0,0,21,18
596,0,0,21,18
597,0,0,21,18
598,0,0,21,18
599,0,0,21,18
600,0,0,21,18
601,0,0,21,18
602,0,0,21,18
603,0,0,21,18
604,0,0,21,18
605,0,0,21,18
606,0,0,21,18
607,0,0,21,18
608,0,0,21,18
609,0,0,21,18
610,0,0,21,18
611,0,0,21,18
612,0,0,21,18
613,0,0,21,18
614,0,0,21,18
615,0,0,21,18
616,0,0,21,18
617,0,0,21,18
618,0,0,21,18
619,0,0,21,18
620,0,0,21,18
621,0,0,21,18
622,0,0,21,18
623,0,0,21,18
624,0,0,21,18
625,0,0,21,18
626,0,0,21,18
627,0,0,21,18
628,0,0,21,18
629,0,0,21,18
630,0,0,21,18
631,0,0,21,18
632,48,8,21,18
633,46,15,21,18
634,46,14,21,18
635,47,15,21,18
636,49,17,21,18
637,52,20,21,18
638,0,0,21,18
639,0,0,21,18
640,0,0,21,18
641,0,0,21,18
642,0,0,21,18
643,0,0,21,18
644,0,0,21,18
645,0,0,21,18
646,0,0,21,18
647,0,0,21,18
648,0,0,21,18
649,0,0,21,18
650,0,0,21,18
651,0,0,21,18
652,0,0,21,18
653,0,0,21,18
654,0,0,21,18
655,0,0,21,18
656,0,0,21,18
657,0,0,21,18
658,0,0,21,18
659,0,0,21,18
660,0,0,21,18
661,0,0,21,18
662,0,0,21,18
663,0,0,21,18
664,0,0,21,18
665,0,0,21,18
666,0,0,21,18
667,0,0,21,18
668,0,0,21,18
669,0,0,21,18
670,0,0,21,18
671,0,0,21,18
672,0,0,21,18
673,0,0,21,18
674,0,0,21,18
675,0,0,21,18
676,0,0,21,18
677,0,0,21,18
678,0,0,21,18
679,0,0,21,18
680,0,0,21,18
681,0,0,21,18
682,0,0,21,18
683,0,0,21,18
684,0,0,21,18
685,0,0,21,18
686,0,0,21,18
687,0,0,21,18
688,0,0,21,18
689,0,0,21,18
690,0,0,21,18
691,0,0,21,18
692,0,0,21,18
693,0,0,21,18
694,0,0,21,18
695,0,0,21,18
696,0,0,21,18
697,0,0,21,18
698,0,0,21,18
699,0,0,21,18
700,0,0,21,18
701,0,0,21,18
702,0,0,21,18
703,0,0,21,18
704,0,0,21,18
705,0,0,21,18
706,0,0,21,18
707,0,0,21,18
708,0,0,21,18
709,0,0,21,18
710,0,0,21,18
711,0,0,21,18
712,0,0,21,18
713,0,0,21,18
714,0,0,21,18
715,0,0,21,18
716,0,0,21,18
717,0,0,21,18
718,0,0,21,18
719,0,0,21,18
720,0,0,21,18
721,0,0,21,18
722,0,0,21,18
723,0,0,21,18
724,0,0,21,18
725,0,0,21,18
726,0,0,21,18
727,0,0,21,18
728,0,0,21,18
729,0,0,21,18
730,0,0,21,18
731,0,0,21,18
732,0,0,21,18
733,0,0,21,18
734,0,0,21,18
735,0,0,21,18
736,0,0,21,18
737,0,0,21,18
738,0,0,21,18
739,0,0,21,18
740,0,0,21,18
741,0,0,21,18
742,0,0,21,18
743,0,0,21,18
744,0,0,21,18
745,0,0,21,18
746,0,0,21,18
747,0,0,21,18
748,0,0,21,18
749,0,0,21,18
750,0,0,21,18
751,0,0,21,18
752,0,0,21,18
753,0,0,21,18
754,0,0,21,18
755,0,0,21,18
756,0,0,21,18
757,0,0,21,18
758,0,0,21,18
759,0,0,21,18
760,16,0,21,18
761,64,8,21,18
762,128,80,21,18
763,48,32,21,18
764,72,32,21,18
765,56,64,21,18
766,104,72,21,18
767,8,72,21,18
768,80,72,21,18
769,80,64,21,18
770,104,80,21,18
771,48,64,21,18
772,112,104,21,18
773,96,69,21,18
774,152,122,21,18
775,16,80,21,18
776,48,72,21,18
777,24,72,21,18
778,24,72,21,18
779,48,96,21,18
780,32,64,21,18
781,144,88,21,18
782,72,48,21,18
783,2,88,21,18
784,2,90,21,18
785,0,0,21,18
786,0,0,21,18
787,0,0,21,18
788,0,0,21,18
789,0,0,21,18
790,0,0,21,18
791,0,0,21,18
792,0,0,21,18
793,0,0,21,18
794,163,64,21,18
795,91,40,21,18
796,139,56,21,18
797,51,32,21,18
798,51,32,21,18
799,35,19,21,18
800,51,19,21,18
801,35,3,21,18
802,123,27,21,18
803,35,27,21,18
804,107,51,21,18
805,0,0,21,18
806,0,0,21,18
807,0,0,21,18
808,0,0,21,18
809,0,0,21,18
810,0,0,21,18
811,0,0,21,18
812,0,0,21,18
813,0,0,21,18
814,48,24,21,18
815,296,40,21,18
816,104,0,21,18
817,200,56,21,18
818,346,77,21,18
819,348,76,21,18
820,353,75,21,18
821,0,0,21,18
822,0,0,21,18
823,0,0,21,18
824,0,0,21,18
825,0,0,21,18
826,0,0,21,18
827,0,0,21,18
828,0,0,21,18
829,0,0,21,18
830,0,0,21,18
831,0,0,21,18
832,0,0,21,18
833,0,0,21,18
834,0,0,21,18
835,0,0,21,18
836,0,0,21,18
837,0,0,21,18
838,0,0,21,18
839,0,0,21,18
840,0,0,21,18
841,0,0,21,18
842,0,0,21,18
843,0,0,21,18
844,0,0,21,18
845,0,0,21,18
846,0,0,21,18
847,0,0,21,18
848,0,0,21,18
849,0,0,21,18
850,0,0,21,18
851,24,8,21,18
852,0,0,21,18
853,0,0,21,18
854,0,0,21,18
855,0,0,21,18
856,0,0,21,18
857,0,0,21,18
858,0,0,21,18
859,0,0,21,18
860,0,0,21,18
861,0,0,21,18
862,0,0,21,18
863,0,0,21,18
864,0,0,21,18
865,0,0,21,18
866,0,0,21,18
867,0,0,21,18
868,0,0,21,18
869,0,0,21,18
870,0,0,21,18
871,0,0,21,18
872,0,0,21,18
873,0,0,21,18
874,0,0,21,18
875,0,0,21,18
876,0,0,21,18
877,0,0,21,18
878,0,0,21,18
879,0,0,21,18
880,0,0,21,18
881,0,0,21,18
882,0,0,21,18
883,0,0,21,18
884,0,0,21,18
885,0,0,21,18
886,0,0,21,18
887,0,0,21,18
888,0,0,21,18
889,0,0,21,18
890,0,0,21,18
891,0,0,21,18
892,0,0,21,18
893,0,0,21,18
894,0,0,21,18
895,0,0,21,18
896,0,0,21,18
897,0,0,21,18
898,0,0,21,18
899,0,0,21,18
900,0,0,21,18
901,0,0,21,18
902,0,0,21,18
903,0,0,21,18
904,0,0,21,18
905,0,0,21,18
906,0,0,21,18
907,0,0,21,18
908,0,0,21,18
909,0,0,21,18
910,0,0,21,18
911,0,0,21,18
912,0,0,21,18
913,0,0,21,18
914,0,0,21,18
915,0,0,21,18
916,0,0,21,18
917,0,0,21,18
918,0,0,21,18
919,0,0,21,18
920,0,0,21,18
921,0,0,21,18
922,0,0,21,18
923,0,0,21,18
924,0,0,21,18
925,0,0,21,18
926,0,0,21,18
927,0,0,21,18
928,0,0,21,18
929,0,0,21,18
930,0,0,21,18
931,0,0,21,18
932,0,0,21,18
933,0,0,21,18
934,0,0,21,18
935,0,0,21,18
936,0,0,21,18
937,0,0,21,18
938,0,0,21,18
939,0,0,21,18
940,0,0,21,18
941,0,0,21,18
942,0,0,21,18
943,0,0,21,18
944,0,0,21,18
945,0,0,21,18
946,0,0,21,18
947,0,0,21,18
948,0,0,21,18
949,0,0,21,18
950,0,0,21,18
951,0,0,21,18
952,0,0,21,18
953,0,0,21,18
954,0,0,21,18
955,0,0,21,18
956,0,0,21,18
957,0,0,21,18
958,0,0,21,18
959,0,0,21,18
960,0,0,21,18
961,0,0,21,18
962,0,0,21,18
963,0,0,21,18
964,0,0,21,18
965,0,0,21,18
966,0,0,21,18
967,0,0,21,18
968,0,0,21,18
969,0,0,21,18
970,0,0,21,18
971,0,0,21,18
972,0,0,21,18
973,0,0,21,18
974,0,0,21,18
975,0,0,21,18
976,0,0,21,18
977,0,0,21,18
978,0,0,21,18
979,0,0,21,18
980,0,0,21,18
981,0,0,21,18
982,0,0,21,18
983,0,0,21,18
984,0,0,21,18
985,0,0,21,18
986,0,0,21,18
987,0,0,21,18
988,0,0,21,18
989,0,0,21,18
990,0,0,21,18
991,0,0,21,18
992,0,0,21,18
993,0,0,21,18
994,0,0,21,18
995,0,0,21,18
996,0,0,21,18
997,0,0,21,18
998,0,0,21,18
999,0,0,21,18
1000,0,0,21,18
1001,0,0,21,18
1002,0,0,21,18
1003,0,0,21,18
1004,0,0,21,18
1005,0,0,21,18
1006,0,0,21,18
1007,0,0,21,18
1008,0,0,21,18
1009,0,0,21,18
1010,0,0,21,18
1011,0,0,21,18
1012,0,0,21,18
1013,0,0,21,18
1014,0,0,21,18
1015,0,0,21,18
1016,0,0,21,18
1017,0,0,21,18
1018,0,0,21,18
1019,0,0,21,18
1020,0,0,21,18
1021,0,0,21,18
1022,0,0,21,18
1023,0,0,21,18
1024,0,0,21,18
1025,0,0,21,18
1026,0,0,21,18
1027,0,0,21,18
1028,0,0,21,18
1029,0,0,21,18
1030,0,0,21,18
1031,0,0,21,18
1032,0,0,21,18
1033,0,0,21,18
1034,0,0,21,18
1035,0,0,21,18
1036,0,0,21,18
1037,0,0,21,18
1038,0,0,21,18
1039,0,0,21,18
1040,0,0,21,18
1041,0,0,21,18
1042,0,0,21,18
1043,0,0,21,18
1044,0,0,21,18
1045,0,0,21,18
1046,0,0,21,18
1047,0,0,21,18
1048,0,0,21,18
1049,0,0,21,18
1050,0,0,21,18
1051,0,0,21,18
1052,0,0,21,18
1053,0,0,21,18
1054,0,0,21,18
1055,0,0,21,18
1056,0,0,21,18
1057,0,0,21,18
1058,0,0,21,18
1059,0,0,21,18
1060,0,0,21,18
1061,0,0,21,18
1062,0,0,21,18
1063,0,0,21,18
1064,0,0,21,18
1065,0,0,21,18
1066,0,0,21,18
1067,0,0,21,18
1068,0,0,21,18
1069,0,0,21,18
1070,0,0,21,18
1071,0,0,21,18
1072,0,0,21,18
1073,0,0,21,18
1074,0,0,21,18
1075,0,0,21,18
1076,0,0,21,18
1077,0,0,21,18
1078,0,0,21,18
1079,0,0,21,18
1080,0,0,21,18
1081,0,0,21,18
1082,0,0,21,18
1083,0,0,21,18
1084,0,0,21,18
1085,0,0,21,18
1086,0,0,21,18
1087,0,0,21,18
1088,0,0,21,18
1089,0,0,21,18
1090,0,0,21,18
1091,0,0,21,18
1092,0,0,21,18
1093,0,0,21,18
1094,0,0,21,18
1095,0,0,21,18
1096,0,0,21,18
1097,0,0,21,18
1098,0,0,21,18
1099,0,0,21,18
1100,0,0,21,18
1101,0,0,21,18
1102,0,0,21,18
1103,0,0,21,18
1104,0,0,21,18
1105,0,0,21,18
1106,0,0,21,18
1107,0,0,21,18
1108,0,0,21,18
1109,0,0,21,18
1110,0,0,21,18
1111,0,0,21,18
1112,0,0,21,18
1113,0,0,21,18
1114,0,0,21,18
1115,0,0,21,18
1116,0,0,21,18
1117,0,0,21,18
1118,0,0,21,18
1119,0,0,21,18
1120,0,0,21,18
1121,0,0,21,18
1122,0,0,21,18
1123,0,0,21,18
1124,0,0,21,18
1125,0,0,21,18
1126,0,0,21,18
1127,0,0,21,18
1128,0,0,21,18
1129,0,0,21,18
1130,0,0,21,18
1131,0,0,21,18
1132,0,0,21,18
1133,0,0,21,18
1134,0,0,21,18
1135,0,0,21,18
1136,0,0,21,18
1137,0,0,21,18
1138,0,0,21,18
1139,0,0,21,18
1140,0,0,21,18
1141,0,0,21,18
1142,0,0,21,18
1143,0,0,21,18
1144,0,0,21,18
1145,0,0,21,18
1146,0,0,21,18
1147,0,0,21,18
1148,211,72,21,18
1149,0,0,21,18
1150,0,0,21,18
1151,0,0,21,18
1152,0,0,21,18
1153,0,0,21,18
1154,0,0,21,18
1155,0,0,21,18
1156,0,0,21,18
1157,0,0,21,18
1158,0,0,21,18
1159,0,0,21,18
1160,0,0,21,18
1161,0,0,21,18
1162,0,0,21,18
1163,0,0,21,18
1164,84,48,21,18
1165,182,64,21,18
1166,286,89,21,18
1167,0,0,21,18
1168,0,0,21,18
1169,0,0,21,18
1170,0,0,21,18
1171,0,0,21,18
1172,0,0,21,18
1173,0,0,21,18
1174,0,0,21,18
1175,0,0,21,18
1176,0,0,21,18
1177,0,0,21,18
1178,0,0,21,18
1179,201,76,21,18
1180,0,0,21,18
1181,0,0,21,18
1182,0,0,21,18
1183,0,0,21,18
1184,0,0,21,18
1185,0,0,21,18
1186,0,0,21,18
1187,0,0,21,18
1188,0,0,21,18
1189,0,0,21,18
1190,0,0,21,18
1191,0,0,21,18
1192,0,0,21,18
1193,0,0,21,18
1194,0,0,21,18
1195,0,0,21,18
1196,0,0,21,18
1197,0,0,21,18
1198,0,0,21,18
1199,0,0,21,18
1200,0,0,21,18
1201,0,0,21,18
1202,0,0,21,18
1203,0,0,21,18
1204,0,0,21,18
1205,0,0,21,18
1206,0,0,21,18
1207,0,0,21,18
1208,0,0,21,18
1209,0,0,21,18
1210,0,0,21,18
1211,0,0,21,18
1212,0,0,21,18
1213,0,0,21,18
1214,0,0,21,18
1215,0,0,21,18
1216,0,0,21,18
1217,0,0,21,18
1218,0,0,21,18
1219,0,0,21,18
1220,0,0,21,18
1221,0,0,21,18
1222,0,0,21,18
1223,0,0,21,18
1224,0,0,21,18
1225,0,0,21,18
1226,0,0,21,18
1227,0,0,21,18
1228,0,0,21,18
1229,0,0,21,18
1230,0,0,21,18
1231,0,0,21,18
1232,0,0,21,18
1233,0,0,21,18
1234,25,8,21,18
1235,73,33,21,18
1236,60,24,21,18
1237,60,24,21,18
1238,114,63,21,18
1239,233,79,21,18
1240,38,15,21,18
1241,198,71,21,18
1242,0,0,21,18
1243,0,0,21,18
1244,0,0,21,18
1245,0,0,21,18
1246,0,0,21,18
1247,0,0,21,18
1248,0,0,21,18
1249,0,0,21,18
1250,0,0,21,18
1251,0,0,21,18
1252,0,0,21,18
1253,0,0,21,18
1254,0,0,21,18
1255,0,0,21,18
1256,0,0,21,18
1257,0,0,21,18
1258,0,0,21,18
1259,0,0,21,18
1260,0,0,21,18
1261,0,0,21,18
1262,0,0,21,18
1263,0,0,21,18
1264,0,0,21,18
1265,0,0,21,18
1266,0,0,21,18
1267,0,0,21,18
1268,0,0,21,18
1269,0,0,21,18
1270,0,0,21,18
1271,0,0,21,18
1272,0,0,21,18
1273,0,0,21,18
1274,0,0,21,18
1275,0,0,21,18
1276,0,0,21,18
1277,0,0,21,18
1278,0,0,21,18
1279,0,0,21,18
1280,0,0,21,18
1281,0,0,21,18
1282,0,0,21,18
1283,0,0,21,18
1284,0,0,21,18
1285,0,0,21,18
1286,0,0,21,18
1287,0,0,21,18
1288,0,0,21,18
1289,0,0,21,18
1290,0,0,21,18
1291,0,0,21,18
1292,0,0,21,18
1293,0,0,21,18
1294,0,0,21,18
1295,0,0,21,18
1296,0,0,21,18
1297,0,0,21,18
1298,0,0,21,18
1299,0,0,21,18
1300,0,0,21,18
1301,0,0,21,18
1302,0,0,21,18
1303,0,0,21,18
1304,0,0,21,18
1305,0,0,21,18
1306,0,0,21,18
1307,0,0,21,18
1308,0,0,21,18
1309,0,0,21,18
1310,0,0,21,18
1311,0,0,21,18
1312,0,0,21,18
1313,0,0,21,18
1314,0,0,21,18
1315,0,0,21,18
1316,0,0,21,18
1317,0,0,21,18
1318,0,0,21,18
1319,0,0,21,18
1320,0,0,21,18
1321,0,0,21,18
1322,0,0,21,18
1323,0,0,21,18
1324,0,0,21,18
1325,0,0,21,18
1326,0,0,21,18
1327,0,0,21,18
1328,0,0,21,18
1329,0,0,21,18
1330,0,0,21,18
1331,0,0,21,18
1332,0,0,21,18
1333,0,0,21,18
1334,0,0,21,18
1335,0,0,21,18
1336,0,0,21,18
1337,0,0,21,18
1338,0,0,21,18
1339,0,0,21,18
1340,0,0,21,18
1341,0,0,21,18
1342,0,0,21,18
1343,0,0,21,18
1344,0,0,21,18
1345,0,0,21,18
1346,0,0,21,18
1347,0,0,21,18
1348,0,0,21,18
1349,0,0,21,18
1350,0,0,21,18
1351,0,0,21,18
1352,0,0,21,18
1353,0,0,21,18
1354,0,0,21,18
1355,0,0,21,18
1356,0,0,21,18
1357,0,0,21,18
1358,0,0,21,18
1359,0,0,21,18
1360,0,0,21,18
1361,0,0,21,18
1362,0,0,21,18
1363,0,0,21,18
1364,0,0,21,18
1365,140,10,21,18
1366,162,18,21,18
1367,56,8,21,18
1368,8,0,21,18
1369,4,6,21,18
1370,79,32,21,18
1371,26,14,21,18
1372,0,3,21,18
1373,0,0,21,18
1374,0,0,21,18
1375,0,0,21,18
1376,0,0,21,18
1377,0,0,21,18
1378,0,0,21,18
1379,0,0,21,18
1380,0,0,21,18
1381,0,0,21,18
1382,0,0,21,18
1383,0,0,21,18
1384,0,0,21,18
1385,139,16,21,18
1386,144,0,21,18
1387,472,48,21,18
1388,213,8,21,18
1389,354,25,21,18
1390,355,21,21,18
1391,355,23,21,18
1392,353,25,21,18
1393,352,26,21,18
1394,265,10,21,18
1395,264,18,21,18
1396,263,24,21,18
1397,261,24,21,18
1398,259,20,21,18
1399,258,17,21,18
1400,256,14,21,18
1401,193,8,21,18
1402,192,5,21,18
1403,320,35,21,18
1404,319,32,21,18
1405,317,32,21,18
1406,313,34,21,18
1407,309,38,21,18
1408,306,40,21,18
1409,303,37,21,18
1410,300,35,21,18
1411,0,0,21,18
1412,0,0,21,18
1413,0,0,21,18
1414,304,21,21,18
1415,84,24,21,18
1416,388,41,21,18
1417,292,16,21,18
1418,68,32,21,18
1419,388,43,21,18
1420,92,7,21,18
1421,44,48,21,18
1422,76,13,21,18
1423,0,0,21,18
1424,0,0,21,18
1425,0,0,21,18
1426,0,0,21,18
1427,0,0,21,18
1428,0,0,21,18
1429,0,0,21,18
1430,0,0,21,18
1431,0,0,21,18
1432,0,0,21,18
1433,0,0,21,18
1434,0,0,21,18
1435,0,0,21,18
1436,338,43,21,18
1437,227,19,21,18
1438,552,102,21,18
1439,551,102,21,18
1440,488,110,21,18
1441,579,18,21,18
1442,577,18,21,18
1443,555,87,21,18
1444,560,63,21,18
1445,558,59,21,18
1446,241,2,21,18
1447,571,1,21,18
1448,312,12,21,18
1449,547,58,21,18
1450,547,42,21,18
1451,536,68,21,18
1452,295,6,21,18
1453,547,17,21,18
1454,546,4,21,18
1455,520,83,21,18
1456,264,38,21,18
1457,514,86,21,18
1458,522,53,21,18
1459,520,48,21,18
1460,520,43,21,18
1461,520,39,21,18
1462,519,30,21,18
1463,517,25,21,18
1464,515,24,21,18
1465,498,64,21,18
1466,419,91,21,18
1467,416,92,21,18
1468,413,90,21,18
1469,409,86,21,18
1470,403,84,21,18
1471,475,60,21,18
1472,474,54,21,18
1473,395,70,21,18
1474,394,64,21,18
1475,393,62,21,18
1476,450,54,21,18
1477,459,46,21,18
1478,457,49,21,18
1479,380,70,21,18
1480,378,70,21,18
1481,450,50,21,18
1482,449,53,21,18
1483,441,64,21,18
1484,439,69,21,18
1485,437,72,21,18
1486,368,91,21,18
1487,432,79,21,18
1488,364,95,21,18
1489,431,80,21,18
1490,434,78,21,18
1491,438,75,21,18
1492,440,74,21,18
1493,441,74,21,18
1494,449,60,21,18
1495,370,87,21,18
1496,435,70,21,18
1497,364,86,21,18
1498,436,59,21,18
1499,433,57,21,18
1500,431,56,21,18
1501,351,81,21,18
1502,442,44,21,18
1503,418,61,21,18
1504,339,86,21,18
1505,410,63,21,18
1506,329,87,21,18
1507,421,45,21,18
1508,397,53,21,18
1509,394,47,21,18
1510,313,68,21,18
1511,311,64,21,18
1512,380,46,21,18
1513,378,45,21,18
1514,305,60,21,18
1515,369,45,21,18
1516,378,38,21,18
1517,370,44,21,18
1518,338,64,21,18
1519,339,61,21,18
1520,344,58,21,18
1521,331,62,21,18
1522,338,46,21,18
1523,320,52,21,18
1524,319,47,21,18
1525,239,63,21,18
1526,231,63,21,18
1527,298,46,21,18
1528,290,46,21,18
1529,282,50,21,18
1530,281,50,21,18
1531,270,58,21,18
1532,259,69,21,18
1533,257,72,21,18
1534,254,75,21,18
1535,252,76,21,18
1536,266,70,21,18
1537,247,84,21,18
1538,247,87,21,18
1539,259,79,21,18
1540,259,78,21,18
1541,275,62,21,18
1542,179,88,21,18
1543,258,64,21,18
1544,181,78,21,18
1545,258,55,21,18
1546,178,71,21,18
1547,174,69,21,18
1548,251,46,21,18
1549,250,40,21,18
1550,241,38,21,18
1551,242,34,21,18
1552,226,39,21,18
1553,225,37,21,18
1554,226,38,21,18
1555,228,42,21,18
1556,229,49,21,18
1557,150,78,21,18
1558,149,85,21,18
1559,226,69,21,18
1560,226,69,21,18
1561,227,72,21,18
1562,172,83,21,18
1563,260,53,21,18
1564,261,53,21,18
1565,233,75,21,18
1566,233,76,21,18
1567,232,77,21,18
1568,229,82,21,18
1569,229,84,21,18
1570,229,83,21,18
1571,229,83,21,18
1572,233,82,21,18
1573,237,85,21,18
1574,241,90,21,18
1575,243,93,21,18
1576,243,93,21,18
1577,242,92,21,18
1578,240,92,21,18
1579,237,92,21,18
1580,152,110,21,18
1581,149,106,21,18
1582,148,105,21,18
1583,148,105,21,18
1584,149,106,21,18
1585,150,110,21,18
1586,244,86,21,18
1587,248,90,21,18
1588,252,94,21,18
1589,253,93,21,18
1590,253,88,21,18
1591,253,85,21,18
1592,254,79,21,18
1593,255,71,21,18
1594,256,62,21,18
1595,258,57,21,18
1596,261,59,21,18
1597,261,62,21,18
1598,260,65,21,18
1599,260,70,21,18
1600,0,0,21,18
1601,0,0,21,18
1602,0,0,21,18
1603,0,0,21,18
1604,0,0,21,18
1605,0,0,21,18
1606,0,0,21,18
1607,0,0,21,18
1608,0,0,21,18
1609,0,0,21,18
1610,0,0,21,18
1611,0,0,21,18
1612,0,0,21,18
1613,0,0,21,18
1614,0,0,21,18
1615,0,0,21,18
1616,0,0,21,18
1617,0,0,21,18
1618,0,0,21,18
1619,0,0,21,18
1620,0,0,21,18
1621,0,0,21,18
1622,0,0,21,18
1623,0,0,21,18
1624,0,0,21,18
1625,0,0,21,18
1626,0,0,21,18
1627,0,0,21,18
1628,0,0,21,18
1629,0,0,21,18
1630,0,0,21,18
1631,0,0,21,18
1632,0,0,21,18
1633,0,0,21,18
1634,0,0,21,18
1635,0,0,21,18
1636,0,0,21,18
1637,0,0,21,18
1638,0,0,21,18
1639,0,0,21,18
1640,0,0,21,18
1641,0,0,21,18
1642,0,0,21,18
1643,0,0,21,18
1644,0,0,21,18
1645,296,48,21,18
1646,280,56,21,18
1647,475,0,21,18
1648,477,2,21,18
1649,189,85,21,18
1650,265,65,21,18
1651,299,48,21,18
1652,169,88,21,18
1653,279,57,21,18
1654,279,56,21,18
1655,279,56,21,18
1656,282,56,21,18
1657,291,50,21,18
1658,290,53,21,18
1659,248,83,21,18
1660,251,79,21,18
1661,0,0,21,18
1662,0,0,21,18
1663,0,0,21,18
1664,0,0,21,18
1665,304,40,21,18
1666,242,80,21,18
1667,2,0,21,18
1668,0,0,21,18
1669,0,0,21,18
1670,0,0,21,18
1671,0,0,21,18
1672,0,0,21,18
1673,0,0,21,18
1674,0,0,21,18
1675,0,0,21,18
1676,0,0,21,18
1677,0,0,21,18
1678,124,95,21,18
1679,124,95,21,18
1680,108,87,21,18
1681,108,87,21,18
1682,28,7,21,18
1683,0,0,21,18
1684,0,0,21,18
1685,0,0,21,18
1686,0,0,21,18
1687,0,0,21,18
1688,0,0,21,18
1689,0,0,21,18
1690,0,0,21,18
1691,0,0,21,18
1692,0,0,21,18
1693,0,0,21,18
1694,0,0,21,18
1695,0,0,21,18
1696,0,0,21,18
1697,0,0,21,18
1698,0,0,21,18
1699,346,40,21,18
1700,9,8,21,18
1701,6,8,21,18
1702,129,75,21,18
1703,122,73,21,18
1704,113,69,21,18
1705,105,66,21,18
1706,389,43,21,18
1707,390,42,21,18
1708,390,38,21,18
1709,391,36,21,18
1710,395,35,21,18
1711,399,35,21,18
1712,403,36,21,18
1713,407,40,21,18
1714,412,45,21,18
1715,418,47,21,18
1716,425,47,21,18
1717,432,47,21,18
1718,440,44,21,18
1719,448,40,21,18
1720,455,38,21,18
1721,462,40,21,18
1722,468,42,21,18
1723,472,47,21,18
1724,475,45,21,18
1725,479,38,21,18
1726,483,30,21,18
1727,485,25,21,18
1728,486,17,21,18
1729,486,9,21,18
1730,485,5,21,18
1731,484,3,21,18
1732,484,1,21,18
1733,487,2,21,18
1734,491,5,21,18
1735,496,8,21,18
1736,501,11,21,18
1737,505,14,21,18
1738,507,18,21,18
1739,508,21,21,18
1740,510,21,21,18
1741,513,24,21,18
1742,515,27,21,18
1743,518,29,21,18
1744,522,31,21,18
1745,527,31,21,18
1746,533,29,21,18
1747,539,24,21,18
1748,545,20,21,18
1749,550,17,21,18
1750,554,14,21,18
1751,557,7,21,18
1752,560,0,21,18
1753,254,108,21,18
1754,252,104,21,18
1755,249,99,21,18
1756,247,93,21,18
1757,248,85,21,18
1758,248,79,21,18
1759,248,72,21,18
1760,249,66,21,18
1761,249,59,21,18
1762,250,55,21,18
1763,251,53,21,18
1764,251,55,21,18
1765,250,55,21,18
1766,250,54,21,18
1767,251,53,21,18
1768,253,54,21,18
1769,257,57,21,18
1770,259,58,21,18
1771,261,58,21,18
1772,262,59,21,18
1773,262,62,21,18
1774,258,66,21,18
1775,254,66,21,18
1776,251,64,21,18
1777,249,62,21,18
1778,248,60,21,18
1779,247,61,21,18
1780,245,66,21,18
1781,245,66,21,18
1782,247,62,21,18
1783,249,59,21,18
1784,249,55,21,18
1785,248,53,21,18
1786,248,50,21,18
1787,249,46,21,18
1788,249,42,21,18
1789,248,39,21,18
1790,248,38,21,18
1791,248,39,21,18
1792,247,37,21,18
1793,245,34,21,18
1794,243,34,21,18
1795,241,33,21,18
1796,0,0,21,18
1797,0,0,21,18
1798,0,0,21,18
1799,0,0,21,18
1800,0,0,21,18
1801,0,0,21,18
1802,0,0,21,18
1803,0,0,21,18
1804,0,0,21,18
1805,0,0,21,18
1806,0,0,21,18
1807,0,0,21,18
1808,0,0,21,18
1809,0,0,21,18
1810,0,0,21,18
1811,0,0,21,18
1812,0,0,21,18
1813,0,0,21,18
1814,0,0,21,18
1815,0,0,21,18
1816,0,0,21,18
1817,0,0,21,18
1818,0,0,21,18
1819,0,0,21,18
1820,0,0,21,18
1821,0,0,21,18
1822,0,0,21,18
1823,0,0,21,18
1824,0,0,21,18
1825,0,0,21,18
1826,0,0,21,18
1827,0,0,21,18
1828,0,0,21,18
1829,0,0,21,18
1830,0,0,21,18
1831,0,0,21,18
1832,0,0,21,18
1833,0,0,21,18
1834,0,0,21,18
1835,0,0,21,18
1836,0,0,21,18
1837,0,0,21,18
1838,0,0,21,18
1839,0,0,21,18
1840,0,0,21,18
1841,0,0,21,18
1842,0,0,21,18
1843,0,0,21,18
1844,0,0,21,18
1845,0,0,21,18
1846,0,0,21,18
1847,0,0,21,18
1848,0,0,21,18
1849,0,0,21,18
1850,0,0,21,18
1851,0,0,21,18
1852,0,0,21,18
1853,0,0,21,18
1854,0,0,21,18
1855,0,0,21,18
1856,0,0,21,18
1857,0,0,21,18
1858,0,0,21,18
1859,0,0,21,18
1860,0,0,21,18
1861,0,0,21,18
1862,0,0,21,18
1863,0,0,21,18
1864,0,0,21,18
1865,0,0,21,18
1866,0,0,21,18
1867,0,0,21,18
1868,0,0,21,18
1869,0,0,21,18
1870,0,0,21,18
1871,0,0,21,18
1872,0,0,21,18
1873,0,0,21,18
1874,0,0,21,18
1875,0,0,21,18
1876,0,0,21,18
1877,0,0,21,18
1878,0,0,21,18
1879,0,0,21,18
1880,0,0,21,18
1881,0,0,21,18
1882,0,0,21,18
1883,0,0,21,18
1884,0,0,21,18
1885,0,0,21,18
1886,0,0,21,18
1887,0,0,21,18
1888,0,0,21,18
1889,0,0,21,18
1890,0,0,21,18
1891,0,0,21,18
1892,0,0,21,18
1893,0,0,21,18
1894,0,0,21,18
1895,0,0,21,18
1896,0,0,21,18
1897,0,0,21,18
1898,0,0,21,18
1899,0,0,21,18
1900,0,0,21,18
1901,0,0,21,18
1902,0,0,21,18
1903,0,0,21,18
1904,0,0,21,18
1905,0,0,21,18
1906,0,0,21,18
1907,0,0,21,18
1908,0,0,21,18
1909,0,0,21,18
1910,0,0,21,18
1911,0,0,21,18
1912,0,0,21,18
1913,0,0,21,18
1914,0,0,21,18
1915,0,0,21,18
1916,0,0,21,18
1917,0,0,21,18
1918,0,0,21,18
1919,0,0,21,18
1920,0,0,21,18
1921,0,0,21,18
1922,201,101,21,18
1923,188,108,21,18
1924,176,116,21,18
1925,162,128,21,18
1926,144,147,21,18
1927,117,176,21,18
1928,0,0,21,18
1929,0,0,21,18
1930,0,0,21,18
1931,0,0,21,18
1932,0,0,21,18
1933,0,0,21,18
1934,0,0,21,18
1935,0,0,21,18
1936,0,0,21,18
1937,0,0,21,18
1938,0,0,21,18
1939,0,0,21,18
1940,0,0,21,18
1941,0,0,21,18
1942,0,0,21,18
1943,0,0,21,18
1944,0,0,21,18
1945,0,0,21,18
1946,0,0,21,18
1947,0,0,21,18
1948,0,0,21,18
1949,0,0,21,18
1950,0,0,21,18
1951,0,0,21,18
1952,0,0,21,18
1953,0,0,21,18
1954,0,0,21,18
1955,0,0,21,18
1956,0,0,21,18
1957,0,0,21,18
1958,2,0,21,18
1959,0,0,21,18
1960,2,3,21,18
1961,225,3,21,18
1962,253,1,21,18
1963,226,9,21,18
1964,225,12,21,18
1965,251,10,21,18
1966,225,17,21,18
1967,258,11,21,18
1968,257,14,21,18
1969,258,18,21,18
1970,260,20,21,18
1971,296,13,21,18
1972,0,0,21,18
1973,0,0,21,18
1974,0,0,21,18
1975,0,0,21,18
1976,0,0,21,18
1977,0,0,21,18
1978,0,0,21,18
1979,166,153,21,18
1980,183,147,21,18
1981,146,171,21,18
1982,138,171,21,18
1983,107,187,21,18
1984,116,179,21,18
1985,144,139,21,18
1986,143,139,21,18
1987,151,134,21,18
1988,144,141,21,18
1989,133,153,21,18
1990,131,162,21,18
1991,149,149,21,18
1992,145,152,21,18
1993,139,156,21,18
1994,128,162,21,18
1995,131,162,21,18
1996,0,0,21,18
1997,0,0,21,18
1998,0,0,21,18
1999,0,0,21,18
2000,0,0,21,18
2001,0,0,21,18
2002,220,13,21,18
2003,222,8,21,18
2004,224,4,21,18
2005,226,3,21,18
2006,228,5,21,18
2007,231,8,21,18
2008,233,13,21,18
2009,234,17,21,18
2010,236,18,21,18
2011,238,20,21,18
2012,239,26,21,18
2013,0,0,21,18
2014,0,0,21,18
2015,0,0,21,18
2016,0,0,21,18
2017,0,0,21,18
2018,0,0,21,18
2019,0,0,21,18
2020,0,0,21,18
2021,0,0,21,18
2022,0,0,21,18
2023,0,0,21,18
2024,266,4,21,18
2025,259,2,21,18
2026,252,0,21,18
2027,246,0,21,18
2028,243,0,21,18
2029,240,4,21,18
2030,237,10,21,18
2031,233,15,21,18
2032,229,22,21,18
2033,223,28,21,18
2034,215,29,21,18
2035,205,30,21,18
2036,196,34,21,18
2037,189,38,21,18
2038,184,41,21,18
2039,181,45,21,18
2040,180,46,21,18
2041,180,48,21,18
2042,181,48,21,18
2043,183,51,21,18
2044,185,54,21,18
2045,188,60,21,18
2046,191,61,21,18
2047,192,58,21,18
2048,193,55,21,18
2049,194,57,21,18
2050,0,0,21,18
2051,0,0,21,18
2052,0,0,21,18
2053,0,0,21,18
2054,0,0,21,18
2055,0,0,21,18
2056,0,0,21,18
2057,0,0,21,18
2058,0,0,21,18
2059,0,0,21,18
2060,0,0,21,18
2061,0,0,21,18
2062,0,0,21,18
2063,0,0,21,18
2064,0,0,21,18
2065,0,0,21,18
2066,0,0,21,18
2067,0,0,21,18
2068,0,0,21,18
2069,0,0,21,18
2070,0,0,21,18
2071,0,0,21,18
2072,0,0,21,18
2073,0,0,21,18
2074,0,0,21,18
2075,0,0,21,18
2076,0,0,21,18
2077,0,0,21,18
2078,0,0,21,18
2079,0,0,21,18
2080,0,0,21,18
2081,0,0,21,18
2082,0,0,21,18
2083,0,0,21,18
2084,0,0,21,18
2085,0,0,21,18
2086,0,0,21,18
2087,57,43,21,18
2088,159,85,21,18
2089,0,0,21,18
2090,0,0,21,18
2091,80,48,21,18
2092,166,80,21,18
2093,0,0,21,18
2094,0,0,21,18
2095,0,0,21,18
2096,0,0,21,18
2097,0,0,21,18
2098,0,0,21,18
2099,0,0,21,18
2100,0,0,21,18
2101,0,0,21,18
2102,0,0,21,18
2103,0,0,21,18
2104,0,0,21,18
2105,0,0,21,18
2106,0,0,21,18
2107,0,0,21,18
2108,0,0,21,18
2109,0,0,21,18
2110,0,0,21,18
2111,0,0,21,18
2112,0,0,21,18
2113,0,0,21,18
2114,0,0,21,18
2115,0,0,21,18
2116,0,0,21,18
2117,0,0,21,18
2118,0,0,21,18
2119,0,0,21,18
2120,0,0,21,18
2121,0,0,21,18
2122,0,0,21,18
2123,0,0,21,18
2124,0,0,21,18
2125,0,0,21,18
2126,0,0,21,18
2127,0,0,21,18
2128,0,0,21,18
2129,0,0,21,18
2130,0,0,21,18
2131,0,0,21,18
2132,0,0,21,18
2133,0,0,21,18
2134,0,0,21,18
2135,0,0,21,18
2136,0,0,21,18
2137,0,0,21,18
2138,0,0,21,18
2139,0,0,21,18
2140,0,0,21,18
2141,0,0,21,18
2142,0,0,21,18
2143,0,0,21,18
2144,0,0,21,18
2145,0,0,21,18
2146,0,0,21,18
2147,0,0,21,18
2148,0,0,21,18
2149,0,0,21,18
2150,0,0,21,18
2151,0,0,21,18
2152,0,0,21,18
2153,0,0,21,18
2154,0,0,21,18
2155,0,0,21,18
2156,0,0,21,18
2157,0,0,21,18
2158,0,0,21,18
2159,0,0,21,18
2160,0,0,21,18
2161,0,0,21,18
2162,0,0,21,18
2163,0,0,21,18
2164,0,0,21,18
2165,0,0,21,18
2166,0,0,21,18
2167,0,0,21,18
2168,0,0,21,18
2169,0,0,21,18
2170,0,0,21,18
2171,0,0,21,18
2172,0,0,21,18
2173,0,0,21,18
2174,0,0,21,18
2175,0,0,21,18
2176,0,0,21,18
2177,0,0,21,18
2178,0,0,21,18
2179,0,0,21,18
2180,0,0,21,18
2181,0,0,21,18
2182,0,0,21,18
2183,0,0,21,18
2184,0,0,21,18
2185,0,0,21,18
2186,0,0,21,18
2187,0,0,21,18
2188,0,0,21,18
2189,0,0,21,18
2190,0,0,21,18
2191,0,0,21,18
2192,0,0,21,18
2193,0,0,21,18
2194,0,0,21,18
2195,0,0,21,18
2196,0,0,21,18
2197,0,0,21,18
2198,0,0,21,18
2199,0,0,21,18
2200,0,0,21,18
2201,0,0,21,18
2202,0,0,21,18
2203,0,0,21,18
2204,0,0,21,18
2205,0,0,21,18
2206,0,0,21,18
2207,0,0,21,18
2208,0,0,21,18
2209,0,0,21,18
2210,0,0,21,18
2211,0,0,21,18
2212,0,0,21,18
2213,0,0,21,18
2214,0,0,21,18
2215,0,0,21,18
2216,0,0,21,18
2217,0,0,21,18
2218,0,0,21,18
2219,0,0,21,18
2220,0,0,21,18
2221,0,0,21,18
2222,0,0,21,18
2223,0,0,21,18
2224,0,0,21,18
2225,0,0,21,18
2226,0,0,21,18
2227,0,0,21,18
2228,0,0,21,18
2229,0,0,21,18
2230,0,0,21,18
2231,0,0,21,18
2232,0,0,21,18
2233,0,0,21,18
2234,0,0,21,18
2235,0,0,21,18
2236,0,0,21,18
2237,0,0,21,18
2238,0,0,21,18
2239,0,0,21,18
2240,0,0,21,18
2241,0,0,21,18
2242,0,0,21,18
2243,0,0,21,18
2244,0,0,21,18
2245,0,0,21,18
2246,0,0,21,18
2247,0,0,21,18
2248,0,0,21,18
2249,0,0,21,18
2250,0,0,21,18
2251,0,0,21,18
2252,0,0,21,18
2253,0,0,21,18
2254,0,0,21,18
2255,0,0,21,18
2256,0,0,21,18
2257,0,0,21,18
2258,0,0,21,18
2259,0,0,21,18
2260,0,0,21,18
2261,0,0,21,18
2262,0,0,21,18
2263,0,0,21,18
2264,0,0,21,18
2265,0,0,21,18
2266,0,0,21,18
2267,0,0,21,18
2268,0,0,21,18
2269,0,0,21,18
2270,0,0,21,18
2271,0,0,21,18
2272,0,0,21,18
2273,0,0,21,18
2274,0,0,21,18
2275,0,0,21,18
2276,0,0,21,18
2277,0,0,21,18
2278,0,0,21,18
2279,0,0,21,18
2280,0,0,21,18
2281,0,0,21,18
2282,0,0,21,18
2283,0,0,21,18
2284,0,0,21,18
2285,0,0,21,18
2286,0,0,21,18
2287,0,0,21,18
2288,0,0,21,18
2289,0,0,21,18
2290,0,0,21,18
2291,0,0,21,18
2292,0,0,21,18
2293,0,0,21,18
2294,0,0,21,18
2295,0,0,21,18
2296,0,0,21,18
2297,0,0,21,18
2298,0,0,21,18
2299,0,0,21,18
2300,0,0,21,18
2301,0,0,21,18
2302,0,0,21,18
2303,0,0,21,18
2304,0,0,21,18
2305,0,0,21,18
2306,0,0,21,18
2307,0,0,21,18
2308,0,0,21,18
2309,0,0,21,18
2310,0,0,21,18
2311,0,0,21,18
2312,0,0,21,18
2313,0,0,21,18
2314,0,0,21,18
2315,0,0,21,18
2316,0,0,21,18
2317,0,0,21,18
2318,0,0,21,18
2319,0,0,21,18
2320,0,0,21,18
2321,0,0,21,18
2322,0,0,21,18
2323,0,0,21,18
2324,0,0,21,18
2325,0,0,21,18
2326,0,0,21,18
2327,0,0,21,18
2328,0,0,21,18
2329,0,0,21,18
2330,0,0,21,18
2331,0,0,21,18
2332,0,0,21,18
2333,0,0,21,18
2334,0,0,21,18
2335,0,0,21,18
2336,0,0,21,18
2337,0,0,21,18
2338,0,0,21,18
2339,0,0,21,18
2340,0,0,21,18
2341,0,0,21,18
2342,0,0,21,18
2343,0,0,21,18
2344,0,0,21,18
2345,0,0,21,18
2346,0,0,21,18
2347,53,49,21,18
2348,75,57,21,18
2349,236,76,21,18
2350,0,0,21,18
2351,0,0,21,18
2352,0,0,21,18
2353,0,0,21,18
2354,0,0,21,18
2355,0,0,21,18
2356,0,0,21,18
2357,0,0,21,18
2358,0,0,21,18
2359,0,0,21,18
2360,0,0,21,18
2361,0,0,21,18
2362,0,0,21,18
2363,0,0,21,18
2364,0,0,21,18
2365,0,0,21,18
2366,0,0,21,18
2367,0,0,21,18
2368,0,0,21,18
2369,0,0,21,18
2370,0,0,21,18
2371,0,0,21,18
2372,0,0,21,18
2373,0,0,21,18
2374,0,0,21,18
2375,0,0,21,18
2376,0,0,21,18
2377,0,0,21,18
2378,0,0,21,18
2379,0,0,21,18
2380,0,0,21,18
2381,0,0,21,18
2382,0,0,21,18
2383,0,0,21,18
2384,0,0,21,18
2385,0,0,21,18
2386,0,0,21,18
2387,0,0,21,18
2388,0,0,21,18
2389,0,0,21,18
2390,0,0,21,18
2391,0,0,21,18
2392,0,0,21,18
2393,0,0,21,18
2394,0,0,21,18
2395,0,0,21,18
2396,0,0,21,18
2397,0,0,21,18
2398,0,0,21,18
2399,0,0,21,18
2400,0,0,21,18
2401,0,0,21,18
2402,0,0,21,18
2403,0,0,21,18
2404,0,0,21,18
2405,0,0,21,18
2406,0,0,21,18
2407,0,0,21,18
2408,0,0,21,18
2409,0,0,21,18
2410,0,0,21,18
2411,0,0,21,18
2412,0,0,21,18
2413,0,0,21,18
2414,0,0,21,18
2415,0,0,21,18
2416,0,0,21,18
2417,0,0,21,18
2418,0,0,21,18
2419,0,0,21,18
2420,0,0,21,18
2421,0,0,21,18
2422,0,0,21,18
2423,0,0,21,18
2424,0,0,21,18
2425,0,0,21,18
2426,0,0,21,18
2427,0,0,21,18
2428,0,0,21,18
2429,0,0,21,18
2430,0,0,21,18
2431,0,0,21,18
2432,0,0,21,18
2433,0,0,21,18
2434,0,0,21,18
2435,0,0,21,18
2436,0,0,21,18
2437,0,0,21,18
2438,0,0,21,18
2439,0,0,21,18
2440,0,0,21,18
2441,0,0,21,18
2442,0,0,21,18
2443,0,0,21,18
2444,0,0,21,18
2445,0,0,21,18
2446,0,0,21,18
2447,0,0,21,18
2448,0,0,21,18
2449,0,0,21,18
2450,0,0,21,18
2451,0,0,21,18
2452,0,0,21,18
2453,0,0,21,18
2454,0,0,21,18
2455,0,0,21,18
2456,0,0,21,18
2457,0,0,21,18
2458,0,0,21,18
2459,0,0,21,18
2460,0,0,21,18
2461,0,0,21,18
2462,0,0,21,18
2463,0,0,21,18
2464,0,0,21,18
2465,0,0,21,18
2466,0,0,21,18
2467,0,0,21,18
2468,0,0,21,18
2469,0,0,21,18
2470,0,0,21,18
2471,0,0,21,18
2472,0,0,21,18
2473,0,0,21,18
2474,0,0,21,18
2475,0,0,21,18
2476,0,0,21,18
2477,0,0,21,18
2478,0,0,21,18
2479,0,0,21,18
2480,0,0,21,18
2481,0,0,21,18
2482,0,0,21,18
2483,124,76,21,18
2484,124,77,21,18
2485,123,75,21,18
2486,123,72,21,18
2487,125,75,21,18
2488,126,81,21,18
2489,126,84,21,18
2490,124,84,21,18
2491,122,85,21,18
2492,120,84,21,18
2493,117,84,21,18
2494,0,0,21,18
2495,0,0,21,18
2496,0,0,21,18
2497,0,0,21,18
2498,0,0,21,18
2499,0,0,21,18
2500,0,0,21,18
2501,0,0,21,18
2502,0,0,21,18
2503,0,0,21,18
2504,0,0,21,18
2505,0,0,21,18
2506,0,0,21,18
2507,0,0,21,18
2508,0,0,21,18
2509,0,0,21,18
2510,0,0,21,18
2511,0,0,21,18
2512,0,0,21,18
2513,0,0,21,18
2514,0,0,21,18
2515,0,0,21,18
2516,0,0,21,18
2517,0,0,21,18
2518,0,0,21,18
2519,0,0,21,18
2520,0,0,21,18
2521,0,0,21,18
2522,0,0,21,18
2523,0,0,21,18
2524,0,0,21,18
2525,0,0,21,18
2526,0,0,21,18
2527,0,0,21,18
2528,0,0,21,18
2529,0,0,21,18
2530,0,0,21,18
2531,0,0,21,18
2532,0,0,21,18
2533,0,0,21,18
2534,0,0,21,18
2535,0,0,21,18
2536,0,0,21,18
2537,0,0,21,18
2538,0,0,21,18
2539,0,0,21,18
2540,0,0,21,18
2541,0,0,21,18
2542,0,0,21,18
2543,0,0,21,18
2544,0,0,21,18
2545,0,0,21,18
2546,0,0,21,18
2547,0,0,21,18
2548,0,0,21,18
2549,0,0,21,18
2550,0,0,21,18
2551,0,0,21,18
2552,0,0,21,18
2553,0,0,21,18
2554,0,0,21,18
2555,0,0,21,18
2556,0,0,21,18
2557,0,0,21,18
2558,0,0,21,18
2559,0,0,21,18
2560,0,0,21,18
2561,0,0,21,18
2562,0,0,21,18
2563,0,0,21,18
2564,0,0,21,18
2565,0,0,21,18
2566,0,0,21,18
2567,0,0,21,18
2568,0,0,21,18
2569,0,0,21,18
2570,0,0,21,18
2571,0,0,21,18
2572,0,0,21,18
2573,0,0,21,18
2574,0,0,21,18
2575,0,0,21,18
2576,0,0,21,18
2577,0,0,21,18
2578,0,0,21,18
2579,0,0,21,18
2580,0,0,21,18
2581,0,0,21,18
2582,0,0,21,18
2583,0,0,21,18
2584,0,0,21,18
2585,0,0,21,18
2586,0,0,21,18
2587,0,0,21,18
2588,0,0,21,18
2589,0,0,21,18
2590,0,0,21,18
2591,0,0,21,18
2592,0,0,21,18
2593,0,0,21,18
2594,0,0,21,18
2595,0,0,21,18
2596,0,0,21,18
2597,0,0,21,18
2598,0,0,21,18
2599,0,0,21,18
2600,0,0,21,18
2601,0,0,21,18
2602,0,0,21,18
2603,0,0,21,18
2604,0,0,21,18
2605,0,0,21,18
2606,0,0,21,18
2607,0,0,21,18
2608,0,0,21,18
2609,0,0,21,18
2610,0,0,21,18
2611,0,0,21,18
2612,0,0,21,18
2613,0,0,21,18
2614,0,0,21,18
2615,0,0,21,18
2616,0,0,21,18
2617,0,0,21,18
2618,0,0,21,18
2619,0,0,21,18
2620,0,0,21,18
2621,0,0,21,18
2622,0,0,21,18
2623,0,0,21,18
2624,0,0,21,18
2625,0,0,21,18
2626,0,0,21,18
2627,0,0,21,18
2628,0,0,21,18
2629,0,0,21,18
2630,0,0,21,18
2631,0,0,21,18
2632,0,0,21,18
2633,0,0,21,18
2634,0,0,21,18
2635,0,0,21,18
2636,0,0,21,18
2637,0,0,21,18
2638,0,0,21,18
2639,0,0,21,18
2640,0,0,21,18
2641,0,0,21,18
2642,0,0,21,18
2643,0,0,21,18
2644,0,0,21,18
2645,0,0,21,18
2646,0,0,21,18
2647,0,0,21,18
2648,0,0,21,18
2649,0,0,21,18
2650,0,0,21,18
2651,0,0,21,18
2652,0,0,21,18
2653,0,0,21,18
2654,0,0,21,18
2655,0,0,21,18
2656,0,0,21,18
2657,0,0,21,18
2658,0,0,21,18
2659,0,0,21,18
2660,0,0,21,18
2661,0,0,21,18
2662,0,0,21,18
2663,0,0,21,18
2664,0,0,21,18
2665,0,0,21,18
2666,0,0,21,18
2667,0,0,21,18
2668,0,0,21,18
2669,0,0,21,18
2670,0,0,21,18
2671,0,0,21,18
2672,0,0,21,18
2673,0,0,21,18
2674,0,0,21,18
2675,0,0,21,18
2676,0,0,21,18
2677,0,0,21,18
2678,0,0,21,18
2679,0,0,21,18
2680,0,0,21,18
2681,0,0,21,18
2682,0,0,21,18
2683,0,0,21,18
2684,0,0,21,18
2685,0,0,21,18
2686,0,0,21,18
2687,0,0,21,18
2688,0,0,21,18
2689,0,0,21,18
2690,0,0,21,18
2691,0,0,21,18
2692,0,0,21,18
2693,0,0,21,18
2694,0,0,21,18
2695,0,0,21,18
2696,0,0,21,18
2697,0,0,21,18
2698,0,0,21,18
2699,0,0,21,18
2700,0,0,21,18
2701,0,0,21,18
2702,0,0,21,18
2703,0,0,21,18
2704,0,0,21,18
2705,0,0,21,18
2706,101,72,21,18
2707,103,69,21,18
2708,104,67,21,18
2709,106,67,21,18
2710,106,74,21,18
2711,106,82,21,18
2712,106,86,21,18
2713,107,88,21,18
2714,108,89,21,18
2715,108,92,21,18
2716,108,95,21,18
2717,108,99,21,18
2718,107,99,21,18
2719,106,98,21,18
2720,103,96,21,18
2721,99,96,21,18
2722,92,95,21,18
2723,84,92,21,18
2724,74,89,21,18
2725,65,81,21,18
2726,56,74,21,18
2727,46,65,21,18
2728,38,63,21,18
2729,31,59,21,18
2730,26,57,21,18
2731,22,51,21,18
2732,21,47,21,18
2733,20,47,21,18
2734,20,48,21,18
2735,18,52,21,18
2736,17,62,21,18
2737,17,64,21,18
2738,16,59,21,18
2739,12,54,21,18
2740,6,48,21,18
2741,0,44,21,18
2742,100,64,21,18
2743,100,65,21,18
2744,102,62,21,18
2745,230,69,21,18
2746,234,69,21,18
2747,238,71,21,18
2748,239,76,21,18
2749,239,77,21,18
2750,237,77,21,18
2751,234,76,21,18
2752,230,74,21,18
2753,227,71,21,18
2754,224,69,21,18
2755,220,70,21,18
2756,214,71,21,18
2757,208,71,21,18
2758,196,65,21,18
2759,190,65,21,18
2760,185,66,21,18
2761,183,65,21,18
2762,182,65,21,18
2763,181,64,21,18
2764,180,63,21,18
2765,178,61,21,18
2766,175,60,21,18
2767,170,60,21,18
2768,165,60,21,18
2769,162,59,21,18
2770,160,55,21,18
2771,160,55,21,18
2772,160,54,21,18
2773,160,56,21,18
2774,159,59,21,18
2775,158,60,21,18
2776,157,58,21,18
2777,155,57,21,18
2778,32,6,21,18
2779,347,4,21,18
2780,366,49,21,18
2781,362,47,21,18
2782,356,43,21,18
2783,353,42,21,18
2784,349,45,21,18
2785,0,0,21,18
2786,0,0,21,18
2787,0,0,21,18
2788,0,0,21,18
2789,0,0,21,18
2790,0,0,21,18
2791,0,0,21,18
2792,0,0,21,18
2793,0,0,21,18
2794,0,0,21,18
2795,0,0,21,18
2796,0,0,21,18
2797,0,0,21,18
2798,0,0,21,18
2799,0,0,21,18
2800,0,0,21,18
2801,0,0,21,18
2802,0,0,21,18
2803,0,0,21,18
2804,0,0,21,18
2805,0,0,21,18
2806,0,0,21,18
2807,0,0,21,18
2808,0,0,21,18
2809,0,0,21,18
2810,0,0,21,18
2811,0,0,21,18
2812,507,28,21,18
2813,506,27,21,18
2814,0,0,21,18
2815,0,0,21,18
2816,0,0,21,18
2817,0,0,21,18
2818,0,0,21,18
2819,0,0,21,18
2820,0,0,21,18
2821,0,0,21,18
2822,0,0,21,18
2823,0,0,21,18
2824,319,24,21,18
2825,176,16,21,18
2826,164,16,21,18
2827,450,43,21,18
2828,0,0,21,18
2829,0,0,21,18
2830,0,0,21,18
2831,133,21,21,18
2832,0,0,21,18
2833,0,0,21,18
2834,0,0,21,18
2835,72,7,21,18
2836,600,23,21,18
2837,512,23,21,18
2838,322,23,21,18
2839,432,31,21,18
2840,362,39,21,18
2841,354,38,21,18
2842,363,31,21,18
2843,449,25,21,18
2844,420,23,21,18
2845,430,23,21,18
2846,379,23,21,18
2847,81,40,21,18
2848,216,39,21,18
2849,186,39,21,18
2850,0,0,21,18
2851,0,0,21,18
2852,0,0,21,18
2853,0,0,21,18
2854,0,0,21,18
2855,0,0,21,18
2856,0,0,21,18
2857,0,0,21,18
2858,0,0,21,18
2859,0,0,21,18
2860,0,0,21,18
2861,0,0,21,18
2862,0,0,21,18
2863,0,0,21,18
2864,0,0,21,18
2865,0,0,21,18
2866,0,0,21,18
2867,351,87,21,18
2868,327,79,21,18
2869,327,87,21,18
2870,311,79,21,18
2871,303,79,21,18
2872,231,84,21,18
2873,183,71,21,18
2874,207,71,21,18
2875,271,71,21,18
2876,271,71,21,18
2877,263,63,21,18
2878,253,63,21,18
2879,252,63,21,18
2880,173,63,21,18
2881,243,63,21,18
2882,259,79,21,18
2883,133,63,21,18
2884,170,63,21,18
2885,82,55,21,18
2886,170,63,21,18
2887,52,31,21,18
2888,76,55,21,18
2889,236,62,21,18
2890,236,65,21,18
2891,236,66,21,18
2892,237,69,21,18
2893,239,72,21,18
2894,265,87,21,18
2895,166,79,21,18
2896,243,74,21,18
2897,245,82,21,18
2898,246,92,21,18
2899,246,103,21,18
2900,162,119,21,18
2901,272,135,21,18
2902,243,135,21,18
2903,243,135,21,18
2904,160,151,21,18
2905,74,143,21,18
2906,270,159,21,18
2907,43,151,21,18
2908,239,162,21,18
2909,40,168,21,18
2910,41,170,21,18
2911,39,171,21,18
2912,26,162,21,18
2913,240,170,21,18
2914,239,167,21,18
2915,238,163,21,18
2916,238,161,21,18
2917,82,143,21,18
2918,0,0,21,18
2919,0,0,21,18
2920,0,0,21,18
2921,0,0,21,18
2922,0,0,21,18
2923,0,0,21,18
2924,0,0,21,18
2925,0,0,21,18
2926,0,0,21,18
2927,0,0,21,18
2928,0,0,21,18
2929,0,0,21,18
2930,0,0,21,18
2931,0,0,21,18
2932,0,0,21,18
2933,0,0,21,18
2934,0,0,21,18
2935,0,0,21,18
2936,0,0,21,18
2937,0,0,21,18
2938,0,0,21,18
2939,0,0,21,18
2940,0,0,21,18
2941,0,0,21,18
2942,0,0,21,18
2943,0,0,21,18
2944,0,0,21,18
2945,0,0,21,18
2946,0,0,21,18
2947,0,0,21,18
2948,0,0,21,18
2949,0,0,21,18
2950,0,0,21,18
2951,0,0,21,18
2952,0,0,21,18
2953,0,0,21,18
2954,0,0,21,18
2955,0,0,21,18
2956,0,0,21,18
2957,0,0,21,18
2958,0,0,21,18
2959,120,40,21,18
2960,45,0,21,18
2961,0,0,21,18
2962,0,0,21,18
2963,0,0,21,18
2964,0,0,21,18
2965,0,0,21,18
2966,0,0,21,18
2967,0,0,21,18
2968,0,0,21,18
2969,0,0,21,18
2970,0,0,21,18
2971,0,0,21,18
2972,0,0,21,18
2973,0,0,21,18
2974,0,0,21,18
2975,0,0,21,18
2976,0,0,21,18
2977,0,0,21,18
2978,0,0,21,18
2979,0,0,21,18
2980,0,0,21,18
2981,0,0,21,18
2982,0,0,21,18
2983,0,0,21,18
2984,0,0,21,18
2985,0,0,21,18
2986,0,0,21,18
2987,0,0,21,18
2988,0,0,21,18
2989,0,0,21,18
2990,0,0,21,18
2991,0,0,21,18
2992,0,0,21,18
2993,0,0,21,18
2994,0,0,21,18
2995,0,0,21,18
2996,0,0,21,18
2997,0,0,21,18
2998,0,0,21,18
2999,0,0,21,18
3000,107,8,21,18
3001,0,0,21,18
3002,0,0,21,18
3003,72,7,21,18
3004,288,16,21,18
3005,206,23,21,18
3006,64,7,21,18
3007,192,15,21,18
3008,280,21,21,18
3009,278,17,21,18
3010,278,17,21,18
3011,278,18,21,18
3012,28,2,21,18
3013,25,4,21,18
3014,20,2,21,18
3015,29,2,21,18
3016,272,15,21,18
3017,271,14,21,18
3018,290,20,21,18
3019,20,2,21,18
3020,12,1,21,18
3021,11,0,21,18
3022,5,0,21,18
3023,19,4,21,18
3024,19,8,21,18
3025,0,0,21,18
3026,0,0,21,18
3027,0,0,21,18
3028,0,0,21,18
3029,0,0,21,18
3030,0,0,21,18
3031,0,0,21,18
3032,0,0,21,18
3033,0,0,21,18
3034,0,0,21,18
3035,0,0,21,18
3036,0,0,21,18
3037,0,0,21,18
3038,0,0,21,18
3039,0,0,21,18
3040,0,0,21,18
3041,0,0,21,18
3042,0,0,21,18
3043,0,0,21,18
3044,0,0,21,18
3045,0,0,21,18
3046,0,0,21,18
3047,0,0,21,18
3048,0,0,21,18
3049,0,0,21,18
3050,0,0,21,18
3051,0,0,21,18
3052,0,0,21,18
3053,0,0,21,18
3054,0,0,21,18
3055,0,0,21,18
3056,0,0,21,18
3057,0,0,21,18
3058,0,0,21,18
3059,0,0,21,18
3060,0,0,21,18
3061,0,0,21,18
3062,0,0,21,18
3063,0,0,21,18
3064,0,0,21,18
3065,0,0,21,18
3066,0,0,21,18
3067,0,0,21,18
3068,0,0,21,18
3069,0,0,21,18
3070,0,0,21,18
3071,0,0,21,18
3072,0,0,21,18
3073,0,0,21,18
3074,0,0,21,18
3075,0,0,21,18
3076,0,0,21,18
3077,0,0,21,18
3078,0,0,21,18
3079,0,0,21,18
3080,0,0,21,18
3081,0,0,21,18
3082,0,0,21,18
3083,0,0,21,18
3084,0,0,21,18
3085,0,0,21,18
3086,0,0,21,18
3087,0,0,21,18
3088,0,0,21,18
3089,0,0,21,18
3090,0,0,21,18
