09-Confusion 25
4,333,354,22,31
5,334.542,353.917,22,31
6,335.833,353.917,22,31
7,338.417,353.917,22,31
8,339.708,353.917,22,31
9,342.292,353.917,22,31
10,344.875,353.917,22,31
11,347.458,353.917,22,31
12,350.042,353.917,22,31
13,352.625,353.917,22,31
14,355.208,355.208,22,31
15,357.792,355.208,22,31
16,360.375,355.208,22,31
17,361.667,355.208,22,31
18,364.25,355.208,22,31
19,366.833,355.208,22,31
20,369.417,355.208,22,31
21,372,355.208,22,31
22,374.583,355.208,22,31
23,377.167,355.208,22,31
24,379.75,355.208,22,31
25,381.042,355.208,22,31
26,382.333,353.917,22,31
27,384.917,353.917,22,31
28,386.208,353.917,22,31
29,388.792,353.917,22,31
30,391.375,353.917,22,31
31,392.667,353.917,22,31
32,395.25,353.917,22,31
33,396.542,353.917,22,31
34,399.125,353.917,22,31
35,400.417,353.917,22,31
36,403,355.208,22,31
37,404.292,353.917,22,31
38,406.875,353.917,22,31
39,408.167,353.917,22,31
40,410.75,353.917,22,31
41,412.042,353.917,22,31
42,414.625,353.917,22,31
43,415.917,353.917,22,31
44,418.5,353.917,22,31
45,419.792,353.917,22,31
46,422.375,353.917,22,31
47,424.958,353.917,22,31
48,426.25,352.625,22,31
49,428.833,352.625,22,31
50,431.417,352.625,22,31
51,434,352.625,22,31
52,435.292,352.625,22,31
53,437.875,352.625,22,31
54,439.167,352.625,22,31
55,441.75,352.625,22,31
56,443.042,352.625,22,31
57,445.625,352.625,22,31
58,446.917,352.625,22,31
59,449.5,352.625,22,31
60,452.083,352.625,22,31
61,454.667,352.625,22,31
62,455.958,352.625,22,31
63,458.542,352.625,22,31
64,459.833,352.625,22,31
65,462.417,351.333,22,31
66,465,351.333,22,31
67,466.292,350.042,22,31
68,468.875,350.042,22,31
69,470.167,350.042,22,31
70,472.75,350.042,22,31
71,474.042,350.042,22,31
72,476.625,350.042,22,31
73,477.917,350.042,22,31
74,480.5,350.042,22,31
75,481.792,348.75,22,31
76,484.375,348.75,22,31
77,485.667,347.458,22,31
78,488.25,347.458,22,31
79,489.542,346.167,22,31
80,492.125,346.167,22,31
81,493.417,346.167,22,31
82,496,346.167,22,31
83,497.292,344.875,22,31
84,499.875,344.875,22,31
85,501.167,343.583,22,31
86,502.458,343.583,22,31
87,503.75,342.292,22,31
88,506.333,342.292,22,31
89,507.625,341,22,31
90,508.917,341,22,31
91,510.208,341,22,31
92,512.792,341,22,31
93,514.083,339.708,22,31
94,515.375,338.417,22,31
95,516.667,337.125,22,31
96,517.958,335.833,22,31
97,519.25,334.542,22,31
98,521.833,334.542,22,31
99,523.125,333.25,22,31
100,524.417,333.25,22,31
101,525.708,331.958,22,31
102,527,331.958,22,31
103,529.583,330.667,22,31
104,530.875,329.375,22,31
105,532.167,328.083,22,31
106,533.458,326.792,22,31
107,534.75,325.5,22,31
108,536.042,325.5,22,31
109,537.333,324.208,22,31
110,538.625,324.208,22,31
111,539.917,322.917,22,31
112,541.208,321.625,22,31
113,542.5,320.333,22,31
114,543.792,319.042,22,31
115,545.083,317.75,22,31
116,546.375,316.458,22,31
117,547.667,315.167,22,31
118,548.958,315.167,22,31
119,550.25,315.167,22,31
120,551.542,313.875,22,31
121,552.833,313.875,22,31
122,554.125,312.583,22,31
123,555.417,311.292,22,31
124,556.708,310,22,31
125,558,308.708,22,31
126,559.292,307.417,22,31
127,560.583,307.417,22,31
128,561.875,306.125,22,31
129,563.167,306.125,22,31
130,564.458,304.833,22,31
131,565.75,303.542,22,31
132,567.042,302.25,22,31
133,568.333,300.958,22,31
134,569.625,299.667,22,31
135,570.917,298.375,22,31
136,572.208,298.375,22,31
137,573.5,297.083,22,31
138,574.792,297.083,22,31
139,576.083,295.792,22,31
140,577.375,295.792,22,31
141,578.667,294.5,22,31
142,579.958,294.5,22,31
143,581.25,293.208,22,31
144,582.542,291.917,22,31
145,583.833,291.917,22,31
146,585.125,290.625,22,31
147,586.417,290.625,22,31
148,587.708,290.625,22,31
149,587.708,289.333,22,31
150,589,289.333,22,31
151,590.292,288.042,22,31
152,591.583,286.75,22,31
153,592.875,286.75,22,31
154,594.167,285.458,22,31
155,595.458,285.458,22,31
156,596.75,285.458,22,31
157,598.042,285.458,22,31
158,599.333,285.458,22,31
159,600.625,285.458,22,31
160,601.917,284.167,22,31
161,603.208,282.875,22,31
162,604.5,282.875,22,31
163,605.792,281.583,22,31
164,607.083,281.583,22,31
165,608.375,281.583,22,31
166,609.667,281.583,22,31
167,609.667,280.292,22,31
168,610.958,280.292,22,31
169,610.958,279,22,31
170,612.25,279,22,31
171,612.25,277.708,22,31
172,613.542,277.708,22,31
173,613.542,276.417,22,31
174,614.833,276.417,22,31
175,614.833,275.125,22,31
176,616.125,275.125,22,31
177,616.125,273.833,22,31
178,617.417,273.833,22,31
179,617.417,272.542,22,31
180,618.708,271.25,22,31
181,618.708,269.958,22,31
182,620,269.958,22,31
183,620,268.667,22,31
184,621.292,268.667,22,31
185,621.292,267.375,22,31
186,622.583,267.375,22,31
187,622.583,266.083,22,31
188,623.875,266.083,22,31
189,623.875,264.792,22,31
190,625.167,264.792,22,31
191,625.167,263.5,22,31
192,626.458,263.5,22,31
193,626.458,262.208,22,31
194,626.458,262.208,22,31
195,626.458,260.917,22,31
